2616
3164
8145
9184
10779
11323
12253
16239
25772
26902
31641
37634
40012
43840
50515
52198
63497
64132
66022
68866
77156
81204
84957
87052
91182
91756
92786
100704
103558
105969
107373
114736
117099
118762
124985
127337
133059
133565
146513
147543
154376
156436
158913
159184
163026
168701
170640
177245
179947
181255
182475
186642
190428
194723
195932
205664
207392
214573
216195
217098
219927
223065
223983
224243
224428
224538
229386
230424
237765
240303
240415
252564
256572
257050
258183
264133
264735
267995
270168
277258
277746
281419
285068
285164
291779
296164
296624
306244
306595
307038
316500
317169
319735
324680
326811
327863
328046
331189
333864
336653
340857
342034
346086
350417
350857
352291
358634
361318
362096
369521
370754
384293
392845
395445
395532
398072
403092
415295
415525
417482
422397
423538
425911
427624
432268
434076
435975
440148
441316
444457
450768
454089
460703
462329
464012
468395
470267
475048
494024
501195
504382
507028
519527
520013
520402
521324
523040
527606
530852
532057
539163
539207
540518
545027
547623
548361
551988
555742
562208
571880
572219
580358
583460
586785
587874
597535
600218
605172
614022
619993
620233
622671
622994
623469
624347
630359
634648
644866
645644
647601
650113
650802
662127
662669
666825
667957
673289
675217
676937
681103
685150
686294
690253
700538
701920
701960
702556
705185
706958
708867
711498
718825
719686
720813
720897
724717
732133
732378
732775
733512
743658
745216
750105
754272
754456
758020
758782
762429
768900
771420
771740
779205
784872
795718
798296
802535
803941
805183
812592
814653
814803
825745
827680
829628
835816
836366
838308
840644
846364
864241
864838
865972
871501
881043
882018
883410
884716
884989
888645
900873
906253
921532
926091
927749
929161
932199
946610
953191
953985
959900
961227
963224
972839
974454
980990
981330
985714
990579
994876
998511
1004725
1004995
1011115
1012379
1013474
1014497
1020112
1025011
1025599
1025960
1031602
1046638
1048164
1051810
1053137
1055101
1060034
1061974
1065260
1066765
1075128
1086456
1087405
1088745
1100522
1102057
1106535
1111774
1115044
1115508
1116750
1123201
1123371
1128828
1139304
1140660
1142777
1144465
1147135
1155451
1157599
1162027
1162358
1163044
1166947
1170168
1185792
1201028
1203690
1210967
1211035
1216288
1217680
1219212
1219775
1220754
1223901
1225596
1231855
1237615
1248676
1249213
1252037
1254726
1257829
1260370
1262023
1268576
1276568
1278496
1282011
1283366
1285021
1286337
1287808
1293307
1294411
1298710
1301504
1302186
1305849
1307438
1308972
1311978
1313563
1314708
1314888
1315133
1322437
1325381
1328589
1328842
1334412
1337378
1337386
1349364
1351211
1353238
1359113
1360474
1363727
1379063
1379601
1383475
1388363
1393715
1400983
1405933
1406084
1412526
1412747
1413567
1417272
1422279
1425171
1429577
1431035
1437293
1440357
1442932
1461778
1466452
1468789
1475493
1477584
1477742
1479144
1490711
1490954
1499604
1500056
1502312
1504474
1508416
1509396
1533713
1537158
1538254
1538284
1538552
1563570
1565345
1574263
1574698
1581983
1583076
1584079
1599451
1599735
1601189
1611683
1612147
1621653
1625482
1628129
1629140
1630339
1633394
1636718
1647457
1657170
1661798
1664337
1668951
1671055
1671890
1673640
1693303
1694828
1695744
1696220
1700382
1700879
1704971
1709949
1716846
1727449
1730118
1730588
1731447
1731482
1733543
1738104
1739164
1743359
1746469
1747327
1754864
1761057
1769147
1771649
1772097
1775567
1779972
1783094
1785373
1789351
1796810
1797452
1803385
1807296
1811012
1812179
1822781
1831709
1831827
1841935
1841984
1843203
1844018
1862763
1863826
1868129
1874144
1874352
1881391
1884133
1887706
1887984
1888356
1894593
1900602
1903030
1911287
1915823
1919475
1926936
1930720
1931850
1935883
1936017
1938329
1940499
1945634
1948667
1949152
1956364
1958213
1958921
1959321
1962046
1966707
1972317
1973249
1980676
1985340
1998280
2001070
2009333
2011091
2012218
2013145
2018132
2023407
2030871
2032504
2034710
2035864
2036829
2038570
2039852
2041361
2043225
2045404
2046404
2047245
2047356
2053199
2053665
2055259
2060494
2061095
2064582
2069564
2084456
2087237
2088653
2088686
2089169
2093014
2096369
2098330
2100442
2101411
2106002
2108983
2114065
2114238
2119300
2120443
2121011
2121431
2130983
2132316
2137121
2141658
2150534
2167103
2171411
2178597
2178673
2178970
2181908
2183932
2189642
2209357
2210484
2210572
2212237
2214891
2215296
2218461
2222340
2222966
2227091
2228685
2232651
2238455
2239565
2252251
2253858
2256143
2256181
2262359
2262931
2266306
2266714
2267262
2276471
2282827
2286948
2307592
2310101
2316601
2321522
2322832
2326991
2329628
2332134
2334860
2335255
2338113
2353134
2358378
2362818
2370994
2382293
2384348
2386478
2389113
2393865
2396156
2397734
2400227
2402105
2403193
2418545
2418844
2419240
2422850
2425167
2426584
2439102
2440444
2443162
2450912
2469596
2469606
2472951
2473364
2476347
2479459
2481329
2484503
2496151
2498335
2504287
2505127
2507465
2516834
2517870
2519171
2537918
2539099
2543888
2545681
2546211
2546997
2550215
2555629
2556340
2562618
2564225
2575937
2576788
2577275
2578795
2589453
2605241
2608314
2610084
2611921
2614025
2618463
2631405
2633619
2634955
2639838
2641587
2651205
2658352
2664985
2669271
2669290
2672876
2683912
2685135
2688697
2689345
2692133
2696171
2702908
2709356
2719014
2722931
2724325
2726462
2730080
2732362
2738563
2739765
2741740
2746753
2750346
2751205
2762678
2765099
2770933
2772045
2772948
2773611
2778350
2780164
2783942
2784072
2787210
2795471
2799588
2802034
2807519
2809719
2810048
2813299
2816208
2820104
2826544
2828361
2832473
2834543
2847315
2847475
2852331
2853818
2853884
2858755
2860664
2869728
2871398
2874899
2884378
2895769
2903147
2906465
2908916
2911044
2956940
2960870
2963285
2973461
2975359
2983819
2998639
3002966
3006138
3007087
3023924
3024037
3025414
3027050
3037945
3042105
3049164
3053681
3056594
3067761
3068431
3086828
3093512
3098118
3099095
3099404
3110993
3121806
3122783
3124809
3127234
3138645
3142357
3142643
3152875
3155128
3161723
3167535
3172800
3177285
3185161
3186710
3196129
3201898
3202699
3206048
3210768
3224918
3232854
3236539
3237041
3237917
3246846
3257909
3266984
3270751
3271510
3271681
3271745
3272989
3273747
3275040
3279807
3289162
3292249
3295517
3298596
3299836
3301672
3309972
3311118
3313378
3315307
3315929
3318947
3320256
3320848
3321436
3324809
3326906
3331944
3339127
3339742
3340312
3343473
3351543
3351916
3354770
3357987
3364625
3369993
3372906
3380706
3381432
3385221
3385660
3389040
3389459
3392584
3396111
3403426
3407244
3410698
3417363
3417656
3427087
3427372
3429462
3430483
3431988
3447633
3457927
3460754
3463991
3464739
3466750
3467431
3468085
3486941
3491470
3491727
3497454
3500893
3505864
3517270
3518658
3520014
3520361
3522636
3522647
3528378
3533556
3542772
3552710
3553667
3554510
3557209
3559365
3559522
3563399
3565034
3569932
3571500
3576305
3577633
3580014
3580952
3581269
3581423
3582581
3595343
3597789
3598129
3601551
3601602
3601988
3604802
3604845
3613373
3613788
3619323
3632312
3641040
3641922
3644051
3644994
3659658
3659802
3662463
3662692
3663321
3666203
3676274
3689357
3705492
3709389
3714124
3719257
3728087
3729207
3731263
3731299
3734282
3735747
3755583
3759896
3760349
3760773
3762059
3765413
3765761
3769122
3773588
3784014
3785212
3788578
3789359
3794878
3797431
3800764
3802054
3818152
3823447
3826496
3826499
3827882
3829911
3830000
3832162
3835209
3836517
3839688
3840599
3843024
3851635
3858325
3859798
3862247
3862339
3867214
3869077
3873085
3875840
3885269
3886335
3899755
3900334
3903564
3907258
3909912
3917572
3921537
3940589
3945302
3950478
3950612
3951316
3952368
3953956
3963579
3966091
3967947
3975652
3978214
3978903
3980683
3982236
3991203
3996900
4008708
4008888
4010515
4022995
4027588
4035976
4037887
4044474
4044841
4048432
4055413
4055752
4055899
4057616
4058866
4059341
4059889
4063692
4069943
4075650
4075793
4076797
4076800
4087800
4087873
4093630
4094752
4094893
4100272
4102219
4109706
4113084
4122015
4123426
4126210
4126219
4126274
4127766
4129012
4130452
4133802
4135171
4136354
4138699
4142616
4154059
4161524
4163775
4165918
4169582
4170487
4175160
4177704
4178996
4183723
4185829
4188084
4189154
4190528
4193740
4196952
4198913
4209393
4213216
4213442
4215950
4224013
4224358
4228275
4233858
4235015
4237068
4237521
4241787
4243942
4247852
4256576
4257080
4257805
4263752
4275657
4275840
4284826
4288206
4290932
4296916
4299261
4302016
4311243
4316652
4319396
4321096
4323342
4323895
4326856
4330781
4333401
4339545
4340343
4345414
4353527
4358176
4362340
4364298
4369800
4372100
4376023
4376561
4383642
4383706
4387914
4393843
4400821
4407632
4413976
4417448
4418182
4421509
4432280
4432641
4437067
4437997
4445737
4459741
4461137
4462027
4464108
4464511
4474562
4481230
4484384
4485846
4488687
4489771
4499630
4500345
4500846
4501519
4503248
4504826
4512680
4515928
4518768
4520667
4529167
4529167
4529505
4529684
4536587
4540687
4542627
4544438
4544799
4546771
4546801
4547882
4549273
4552408
4558910
4560418
4561968
4563221
4564141
4565534
4566154
4570690
4578083
4589205
4591400
4595204
4600202
4604181
4619065
4619794
4622021
4625692
4629899
4635638
4640612
4642142
4645494
4646218
4646237
4646240
4647022
4649585
4652176
4653703
4659834
4668751
4681540
4687498
4694998
4698525
4702107
4702643
4704596
4705285
4708344
4709503
4710950
4714687
4715460
4739573
4745204
4755849
4756130
4766635
4769931
4773258
4781379
4784116
4785823
4798349
4800515
4803936
4804263
4806176
4806397
4808814
4809424
4813818
4815754
4819706
4821608
4823565
4837057
4837139
4837406
4842845
4844637
4857828
4864556
4866869
4873197
4876255
4876927
4878013
4888905
4894127
4902847
4905669
4906694
4911180
4920903
4923966
4924480
4929390
4931252
4941138
4948179
4950875
4962417
4966179
4974330
4979006
4979828
4980440
4980477
4982477
4984721
4985613
4989043
4991636
4996508
5002552
5002639
5006765
5014996
5022424
5026081
5041577
5049384
5051311
5056874
5057676
5058937
5059220
5082688
5091111
5098094
5104600
5108576
5108624
5110819
5113507
5113841
5124392
5129022
5130209
5132277
5134791
5137036
5137392
5141650
5142954
5161242
5161602
5163922
5165874
5179892
5190482
5191020
5194342
5207108
5213038
5214700
5215794
5218881
5219225
5229352
5230441
5231756
5238051
5241006
5249858
5249940
5256313
5260845
5269671
5284131
5289743
5290244
5291360
5304075
5304452
5316585
5317761
5318047
5320164
5322314
5324191
5325582
5334326
5337573
5340489
5341057
5347497
5348937
5351015
5353066
5358525
5359853
5367091
5368716
5371577
5374463
5376523
5384908
5387575
5397429
5403414
5410671
5413336
5413978
5426727
5427711
5428653
5433183
5434271
5435110
5436640
5438594
5441429
5442906
5443929
5444459
5451588
5453441
5454344
5458048
5460025
5461064
5465807
5466296
5471592
5475113
5478031
5480789
5481777
5482731
5488754
5491223
5494107
5507754
5508151
5509142
5513135
5513505
5516830
5522105
5528611
5531067
5534054
5536320
5536328
5537658
5540925
5543737
5544627
5545660
5551394
5551568
5556751
5559575
5567687
5574258
5576358
5577222
5580731
5584698
5586259
5589641
5597084
5598599
5599804
5616553
5619058
5622997
5623088
5624489
5628604
5634981
5643437
5650091
5656337
5663899
5664692
5674057
5679272
5686058
5702464
5703735
5707394
5718096
5718647
5723241
5727325
5728320
5728767
5738156
5743776
5744071
5747108
5748721
5756816
5761547
5764175
5767141
5768203
5774590
5775628
5777704
5778332
5782581
5785550
5790532
5791756
5792576
5807291
5809097
5811415
5827924
5828675
5832431
5859268
5859492
5864790
5871290
5876116
5881555
5883597
5892186
5906679
5906958
5907235
5908643
5908796
5912802
5916995
5935587
5943665
5944392
5950605
5952351
5955062
5963589
5968215
5970955
5971371
5977310
5979024
5980693
5983785
5985130
5985759
5987426
5988219
5988681
5991822
5992574
5998931
6014036
6014671
6015893
6022534
6023031
6023666
6025908
6033931
6034906
6037630
6042979
6045690
6046581
6049746
6056864
6060202
6068569
6070742
6070879
6078935
6079826
6080489
6092302
6105765
6118097
6122992
6130714
6133007
6134262
6135339
6138401
6145505
6150764
6150845
6151510
6154905
6176285
6176842
6178775
6183862
6187833
6191687
6193986
6198282
6201190
6201889
6217456
6220031
6223127
6226574
6229492
6231799
6234470
6242597
6243935
6253522
6256045
6260789
6263815
6264429
6269707
6271850
6272594
6277767
6307706
6308192
6311936
6315344
6317010
6325100
6327444
6328037
6331920
6340740
6341578
6344094
6344559
6345365
6346180
6350088
6353275
6355777
6356746
6357435
6360985
6363173
6367105
6368429
6373618
6378701
6380743
6381280
6381558
6383979
6393195
6395048
6398693
6406706
6420378
6422844
6423414
6423503
6425403
6435858
6437674
6441900
6442783
6456989
6459555
6460191
6462334
6463727
6464640
6470057
6470107
6476746
6478250
6479943
6480633
6482836
6484718
6486347
6493961
6494035
6497416
6503094
6503098
6510935
6512407
6512741
6515219
6515668
6516244
6516995
6519060
6524161
6527440
6530203
6532297
6548657
6554630
6556662
6556742
6558046
6558697
6565742
6571443
6576902
6585729
6588954
6588954
6590476
6592930
6596721
6598277
6598438
6604983
6605852
6609854
6612231
6614217
6614527
6620484
6627202
6633120
6637170
6637574
6638227
6641348
6642047
6651395
6664181
6665415
6671683
6674773
6678943
6681662
6683091
6695879
6709875
6713790
6714617
6728047
6733470
6735235
6739243
6748443
6751347
6753902
6756352
6760330
6760790
6761233
6766363
6770661
6782116
6786361
6788876
6790629
6791045
6791111
6807132
6809607
6812042
6812095
6812859
6813768
6816028
6822714
6824609
6838363
6840557
6847498
6848231
6852327
6854923
6858203
6859736
6879508
6881257
6883650
6892480
6892998
6903620
6907027
6927530
6930306
6930730
6941213
6942685
6945504
6947666
6948986
6950728
6951680
6953614
6956259
6958097
6963623
6984382
6984615
6997032
6998082
7002728
7005114
7006703
7016514
7016575
7019042
7020491
7022791
7025168
7026525
7033485
7033551
7038549
7041315
7041895
7043913
7047302
7048483
7049936
7052800
7054245
7057501
7062944
7063105
7066330
7067741
7068884
7072316
7095891
7103783
7115858
7118328
7120383
7120596
7122289
7124227
7124753
7127666
7129712
7136773
7137468
7144939
7150027
7153996
7154344
7165841
7166624
7171120
7172671
7176487
7178770
7181756
7183643
7187315
7187514
7192218
7196853
7202882
7203315
7204892
7205708
7205922
7210193
7210229
7211560
7214725
7218240
7221195
7221305
7221595
7228098
7228692
7230023
7230599
7233406
7237459
7242044
7255399
7257609
7258152
7263541
7266771
7269071
7269425
7279428
7280538
7281445
7282533
7287579
7289005
7294417
7298146
7299018
7299578
7303938
7303953
7318364
7324549
7325738
7331626
7341401
7342398
7344575
7353932
7359628
7363897
7364570
7366363
7373806
7376242
7380250
7387517
7390750
7391502
7392065
7396581
7398491
7401074
7415187
7419751
7424884
7430585
7432293
7442032
7448306
7449771
7457139
7459327
7460283
7460411
7467636
7468280
7479839
7484748
7488672
7489871
7490693
7492083
7494532
7495823
7500093
7512662
7515055
7517301
7517539
7523005
7537647
7543182
7543791
7547302
7548198
7557892
7558845
7560562
7562666
7563852
7566448
7568345
7570428
7571788
7574320
7577641
7581021
7583234
7583473
7585797
7597379
7598165
7598427
7603347
7604249
7610621
7617202
7617667
7619537
7626423
7628861
7630133
7634656
7638962
7640702
7642775
7643082
7647551
7653857
7654408
7667129
7669741
7672982
7678236
7680422
7681001
7683311
7691238
7691275
7692400
7695583
7698423
7701707
7703906
7714824
7729857
7734925
7735653
7738198
7739747
7744547
7745776
7761839
7765547
7774442
7784220
7795525
7797045
7799742
7799868
7800699
7805696
7815031
7816044
7817549
7821722
7821910
7824075
7828518
7838732
7843301
7845598
7846745
7846987
7853341
7861900
7869479
7878092
7883207
7898234
7901905
7906134
7909979
7910704
7915073
7915819
7919849
7926122
7926872
7930686
7935900
7946484
7955191
7955235
7957684
7957883
7957895
7964087
7966756
7968283
7969057
7981537
7983061
7984694
7992413
7994100
8000003
8009191
8012474
8013002
8016819
8022890
8025620
8036394
8041779
8042601
8048445
8057074
8067452
8072809
8075810
8076861
8087691
8088052
8092650
8094009
8094009
8094924
8098544
8111752
8112332
8118237
8125872
8127498
8132651
8145912
8146014
8157323
8165405
8168732
8169665
8171941
8173096
8174497
8179819
8180034
8180532
8181460
8184331
8188838
8189001
8191359
8195958
8199968
8200826
8201109
8205383
8206916
8216304
8218606
8218912
8221461
8223303
8224820
8226297
8236209
8247965
8251175
8252958
8253746
8253791
8256320
8261703
8262876
8262883
8271957
8276608
8279244
8284238
8285691
8291726
8293285
8297764
8298892
8301789
8309430
8312857
8314719
8315592
8319680
8324034
8327182
8329342
8331058
8340526
8349813
8364003
8364131
8367667
8370197
8380467
8383375
8384021
8388218
8399266
8405741
8406819
8409977
8410301
8421885
8425318
8428571
8431082
8432268
8433240
8433604
8436554
8442469
8443987
8444159
8444288
8471474
8471536
8477627
8480238
8488330
8493350
8496856
8502716
8504193
8505890
8508893
8510843
8511610
8518825
8521990
8525323
8527308
8527835
8528447
8530322
8532898
8539065
8549595
8553493
8567366
8572137
8574354
8575283
8578093
8580065
8580320
8588488
8590668
8591086
8591286
8593810
8594754
8596513
8602972
8603100
8604786
8616766
8631021
8634339
8635284
8636210
8639031
8642815
8645008
8645829
8653836
8657645
8665403
8671052
8672629
8673581
8674652
8674735
8674980
8678456
8681072
8686467
8688638
8700914
8702315
8703532
8703994
8704405
8706503
8708877
8709554
8710320
8720487
8721007
8721335
8730329
8731110
8734940
8738668
8739686
8744466
8745508
8746114
8746405
8750349
8761432
8761456
8764235
8766324
8771750
8772837
8775075
8777504
8780408
8782807
8789357
8796483
8797086
8797179
8799256
8799696
8804416
8808522
8809485
8821965
8823220
8824726
8824896
8829357
8829792
8832859
8835362
8841197
8855579
8859430
8865839
8866427
8869134
8871439
8880563
8882250
8883113
8883257
8889697
8907250
8916259
8919227
8923179
8928062
8929209
8939793
8939859
8944353
8958822
8960331
8960554
8970110
8972862
8976178
8977372
8977813
8977908
8983022
8996806
8998721
9000297
9002952
9010202
9013066
9016604
9016758
9017529
9021667
9022251
9023096
9025453
9028481
9029321
9033605
9034217
9034714
9043021
9044265
9049453
9049996
9061128
9070029
9070813
9074702
9088491
9089993
9098161
9099176
9106407
9114132
9122415
9123713
9126214
9126410
9128049
9128553
9139926
9141007
9141825
9143277
9145680
9152419
9167860
9168424
9168513
9170152
9171342
9174086
9176551
9176823
9184398
9191065
9199650
9201423
9212110
9230689
9233128
9234563
9238406
9240383
9241266
9246469
9249386
9249853
9250406
9250491
9250618
9255133
9255320
9279226
9293301
9305505
9306617
9310088
9310110
9311918
9313709
9314388
9318749
9318907
9320983
9325298
9335673
9340903
9345677
9347999
9350304
9351342
9352187
9356734
9360085
9363716
9372077
9382851
9383640
9388828
9389876
9390509
9393976
9398388
9398611
9398996
9401484
9405350
9407544
9409996
9410343
9416585
9419466
9426972
9428707
9430548
9432179
9433733
9434928
9435987
9441826
9442180
9449469
9457946
9460788
9486188
9488332
9498593
9500704
9503622
9504787
9508278
9527563
9536860
9540558
9543263
9551957
9558299
9567400
9572213
9582345
9584500
9585545
9599473
9602595
9609913
9615226
9616126
9624037
9624616
9629492
9629823
9643784
9645605
9646062
9647112
9647703
9648460
9653383
9654716
9656150
9658375
9667963
9668651
9677980
9687940
9688920
9691281
9709755
9710895
9711479
9713968
9714905
9715811
9724788
9729913
9741133
9747059
9755860
9760582
9761469
9761651
9766067
9771037
9771090
9779087
9779314
9784233
9785582
9787096
9793761
9796844
9806184
9813077
9822085
9822435
9822536
9824924
9825002
9826200
9827247
9833742
9836130
9839924
9846961
9847467
9850861
9854706
9856767
9866541
9871492
9875466
9888983
9889969
9893858
9897291
9898814
9905452
9906586
9909030
9910817
9915733
9918192
9923676
9932995
9936298
9939854
9946546
9949244
9950415
9954326
9962304
9969529
9969980
9970483
9972360
9985922
9988557
9993905
9995473
9999619
9999973
9999986
