1624
8115
8131
11548
11652
15792
25264
26954
36919
44554
56068
57584
63216
68798
81015
84812
86577
86801
87162
98988
105894
107718
116809
126765
141799
149845
163607
166769
173336
188117
196884
200930
201191
210683
217563
220203
221030
221051
222700
224717
233535
235852
241420
244191
250915
253349
258805
261019
266651
283072
298166
304015
306288
317521
318806
320384
324192
329174
329574
343739
347116
353533
354593
357302
358559
358804
360700
363783
364299
368596
369031
379394
400932
406851
409386
413373
424946
426894
436189
442287
448026
455640
456023
462409
466048
472073
484290
495489
495780
495957
518004
519421
531675
533949
539392
547359
547805
551668
558586
568360
571285
579372
588800
592769
592936
602756
605719
615158
616178
630003
637547
643793
647583
649697
652111
654239
654919
664332
667364
669572
669744
670131
691600
693369
700093
700111
711290
713490
719955
722882
733342
734106
739981
742006
751915
754731
785037
790384
826938
827809
828783
836113
849707
856333
858803
862163
874154
880166
885609
888136
897536
897766
908740
926303
935684
937688
940392
943279
943727
950219
952044
953613
968142
976068
983583
984336
988350
991229
996139
1001782
1002585
1003526
1011428
1016119
1020693
1025116
1025344
1031094
1031578
1035938
1045011
1066875
1068119
1076520
1083026
1091573
1091683
1104734
1109593
1119487
1122270
1126085
1130298
1130348
1131486
1132248
1138998
1140437
1148278
1149893
1152020
1162830
1177306
1191114
1193616
1200715
1229380
1234071
1247532
1262218
1269071
1269860
1286661
1305620
1306350
1313667
1321441
1322228
1325204
1333126
1346867
1350976
1351004
1363381
1364582
1366643
1371129
1375917
1375971
1383311
1385673
1393245
1397577
1398482
1399409
1405080
1407725
1411092
1415651
1430141
1436943
1444898
1445771
1454529
1467697
1472078
1478445
1479000
1491366
1510170
1514204
1515254
1522725
1528616
1530445
1540657
1544731
1545060
1559549
1596795
1597070
1598737
1601675
1603137
1613995
1614146
1618557
1625670
1630684
1631011
1640401
1646752
1647524
1649860
1651956
1652480
1657712
1662914
1664009
1669651
1681380
1687499
1692218
1692234
1697168
1698724
1699695
1711331
1714687
1717898
1720982
1733449
1751660
1756254
1776181
1777428
1778225
1789095
1807633
1821965
1824261
1826737
1840098
1862977
1865352
1883390
1891861
1897196
1899061
1901802
1927669
1929780
1932664
1940798
1944016
1948639
1979633
1984551
1992179
1994500
1997931
2000862
2004083
2008801
2025959
2044301
2052694
2067950
2069349
2076452
2090682
2091461
2097983
2099663
2104296
2139819
2143387
2144933
2154019
2161015
2161887
2187802
2189659
2191405
2196011
2196489
2202763
2210555
2218975
2232122
2239586
2240088
2241029
2249430
2252011
2255133
2257798
2270868
2276190
2276505
2279659
2285569
2293117
2293618
2294706
2297486
2298905
2302560
2310256
2328388
2329965
2344018
2344421
2346453
2346659
2351083
2360110
2362051
2362522
2364852
2366847
2366855
2367885
2383063
2403721
2408952
2414621
2417840
2440036
2441606
2444740
2447629
2468330
2470992
2473394
2479874
2482012
2484171
2491548
2493049
2493192
2508305
2515197
2517370
2520156
2524773
2530226
2532251
2536324
2543046
2543413
2547964
2551076
2552719
2563312
2565029
2589178
2589673
2593763
2615758
2618356
2619332
2621950
2627556
2641533
2649289
2674539
2675032
2683525
2684786
2686121
2704426
2709942
2711833
2714835
2717763
2719299
2720577
2729410
2739481
2744885
2746586
2754375
2758535
2759029
2759476
2763459
2765618
2768623
2769942
2771426
2801622
2802782
2817102
2832709
2848950
2853413
2854332
2878456
2879693
2893630
2899253
2902550
2908880
2923060
2934732
2936276
2944101
2947722
2960227
2963274
2966037
2974757
2981042
2997829
2998405
2999533
3004126
3007375
3013349
3014533
3019100
3029557
3030145
3030917
3040363
3049536
3057014
3070658
3070911
3081969
3089663
3093981
3097126
3102787
3103230
3110576
3115859
3118339
3129988
3132730
3134801
3135591
3137676
3148724
3159356
3168829
3175259
3179803
3180804
3194893
3195181
3197222
3197910
3201110
3208504
3216868
3221054
3223096
3230951
3241138
3247944
3255859
3268218
3272951
3276768
3276996
3281116
3285980
3290157
3290885
3291816
3301072
3301270
3307217
3308140
3315549
3317919
3345976
3356201
3360070
3360509
3364463
3365443
3368136
3389834
3397390
3398784
3399557
3404069
3408387
3412761
3424754
3426088
3440470
3447446
3451620
3457399
3466219
3466985
3481117
3481408
3482219
3482934
3485436
3489104
3498906
3499069
3500136
3506383
3525401
3525671
3533222
3540331
3556458
3562348
3566721
3568328
3569837
3571844
3573106
3600129
3603141
3613530
3615764
3619153
3636302
3637383
3643290
3650496
3665531
3666394
3674160
3680135
3689183
3690072
3702947
3704313
3705165
3709207
3712556
3724271
3727847
3733820
3739808
3747117
3753369
3761314
3764610
3768626
3772744
3783767
3790170
3793030
3794849
3796408
3799506
3830517
3847282
3849328
3850958
3857865
3867917
3868278
3881446
3894395
3902267
3905794
3911182
3913886
3914441
3914487
3925000
3930053
3934228
3938174
3949161
3961094
3977032
3979211
3998290
4001328
4010640
4012630
4030079
4038700
4041128
4061130
4077713
4079269
4083435
4096343
4104039
4104820
4110946
4113086
4117040
4119299
4134124
4137287
4138287
4144515
4144567
4145547
4146072
4147975
4149920
4157191
4167064
4175710
4178972
4179406
4183991
4187754
4190529
4191104
4197682
4198759
4214908
4217814
4218206
4224225
4228485
4230824
4240044
4244244
4256449
4258147
4265393
4274725
4275433
4275911
4285403
4286449
4290789
4295590
4302060
4319523
4323458
4329441
4337346
4339689
4342678
4343500
4353927
4354835
4357927
4383721
4383767
4384666
4395268
4395661
4400072
4408649
4414050
4415163
4422986
4426372
4432486
4439585
4469713
4471108
4489433
4490621
4492090
4505017
4521780
4533247
4568942
4569068
4570036
4597475
4604460
4606431
4611001
4617546
4625758
4631123
4634015
4639034
4644832
4648623
4650676
4651424
4664621
4684120
4692607
4699361
4702277
4708753
4718496
4725933
4744294
4745221
4759138
4762658
4763161
4779643
4780175
4784103
4791601
4817849
4823089
4825001
4830679
4831167
4835352
4848665
4852648
4854551
4861672
4870607
4875339
4876144
4877139
4882259
4882508
4884895
4903337
4904516
4906045
4914488
4914711
4916115
4916640
4920357
4921368
4928353
4930765
4930766
4934345
4943543
4951336
4955290
4957804
4958585
4965409
4968571
4970129
4972106
4987682
4990199
4995002
5018695
5023160
5024592
5032956
5033794
5037420
5043263
5056339
5057025
5059382
5062848
5066265
5066630
5071371
5072758
5072962
5082577
5097829
5102704
5105396
5109547
5111876
5113701
5119777
5124618
5133642
5137599
5147789
5167376
5168833
5173514
5175485
5181439
5206500
5208054
5211578
5215925
5225034
5227977
5239849
5241907
5243173
5246382
5246701
5252600
5253125
5265545
5265913
5268908
5269354
5271055
5271306
5281784
5286516
5295848
5309746
5310771
5314731
5321135
5331769
5340905
5341403
5344722
5350265
5356712
5371056
5371297
5371530
5386376
5408707
5411449
5415230
5417758
5423157
5424457
5427596
5432074
5440720
5453887
5465382
5465954
5466236
5468352
5476264
5483485
5486356
5487111
5487986
5491109
5497134
5499039
5507949
5517376
5521768
5535225
5543845
5549541
5561409
5562661
5563851
5566154
5567980
5569048
5571657
5573106
5578974
5592636
5599449
5622480
5626753
5629769
5635113
5650093
5659995
5660161
5661417
5668288
5669201
5685377
5687873
5697111
5700605
5700860
5704968
5707323
5712122
5713509
5717200
5719266
5737425
5755187
5758060
5763243
5764811
5767052
5768000
5772503
5776994
5781600
5789279
5790747
5793817
5799907
5811774
5814598
5815324
5835697
5845408
5851894
5853666
5858799
5861188
5862349
5873090
5880753
5889089
5889993
5890409
5896350
5916089
5921961
5924081
5930366
5943954
5948146
5949726
5954019
5963927
5965698
5972828
5976243
5978646
5979784
5986052
5987764
5989897
6017261
6018423
6023855
6024756
6024825
6043167
6047911
6050391
6051412
6052869
6059871
6068779
6069131
6073029
6074340
6077201
6089841
6094239
6121577
6133397
6138047
6139178
6145046
6162074
6162939
6174888
6184982
6190429
6192921
6197084
6204911
6213973
6220748
6235749
6241405
6243468
6263696
6266285
6282528
6292246
6299892
6300333
6305870
6309912
6311880
6319054
6328171
6330520
6333108
6334560
6338554
6339917
6342126
6354192
6376907
6381612
6400737
6405660
6409079
6423946
6424483
6433344
6440932
6443478
6470548
6470969
6479354
6483059
6486667
6490499
6491724
6493853
6498662
6500195
6503838
6506712
6514522
6532678
6533283
6537845
6542401
6544989
6545184
6547397
6564265
6602202
6603782
6615313
6623546
6643317
6645494
6650941
6688101
6688724
6692400
6694818
6695247
6696270
6696884
6698192
6701119
6703393
6706839
6712382
6714403
6727037
6728004
6744469
6747507
6757359
6769872
6776591
6785041
6803458
6816675
6822124
6823207
6827048
6827952
6834294
6836902
6843316
6850138
6858506
6864688
6864831
6872052
6872490
6882928
6890669
6912417
6913301
6913305
6921293
6921414
6921748
6927348
6930352
6933910
6943196
6949072
6949780
6953484
6963539
6972105
6977627
6991922
6999312
7000666
7004124
7010108
7011703
7013400
7020528
7027925
7045960
7047488
7050462
7052789
7058426
7058654
7058793
7073364
7073758
7083698
7086082
7086550
7089197
7089368
7093859
7107962
7109632
7110344
7112511
7112781
7119390
7119700
7120680
7129695
7132171
7137330
7149655
7172623
7178728
7184497
7185061
7192444
7203467
7207594
7208191
7208344
7213140
7216606
7217183
7226649
7230054
7231992
7234534
7235571
7249810
7253973
7256369
7291157
7291729
7292206
7298395
7299641
7302445
7303936
7306649
7307565
7313212
7313393
7315786
7318740
7321974
7340612
7343270
7346586
7347345
7350111
7353708
7355052
7355222
7361593
7361705
7365635
7383562
7402846
7412430
7416370
7417397
7417630
7418556
7418847
7420019
7434718
7435113
7436893
7443446
7443820
7454852
7458796
7460969
7461522
7471044
7487672
7495510
7514921
7523407
7528948
7530270
7545419
7550763
7550961
7569327
7572409
7572747
7573337
7573694
7582601
7588641
7588646
7598581
7635784
7646397
7666959
7670907
7679816
7680879
7687571
7711323
7719707
7721269
7734020
7737635
7743102
7743534
7746227
7751940
7752575
7760258
7761227
7762207
7778769
7778977
7783522
7784378
7788501
7807353
7810602
7812950
7818144
7825658
7835600
7837648
7850195
7857316
7857678
7859094
7861244
7869499
7873972
7878919
7883577
7883714
7890685
7902517
7908567
7916246
7924715
7929382
7929431
7930601
7933555
7936188
7943843
7945100
7949931
7956958
7963123
7972019
7983702
7983931
7992132
7996959
7999542
8013946
8022018
8022067
8025358
8026032
8026730
8030638
8030923
8034825
8045730
8050647
8061756
8062031
8072265
8075504
8081157
8090730
8095899
8098907
8107049
8115883
8116090
8116819
8117769
8118838
8120734
8121562
8134222
8140495
8144652
8157091
8163401
8172304
8176971
8181437
8183004
8184766
8185580
8195986
8200549
8200756
8221731
8222378
8231064
8246078
8247672
8249157
8257434
8261169
8270457
8280282
8282962
8283522
8300701
8301463
8303977
8304972
8311321
8312229
8314322
8315424
8320147
8321339
8327679
8333279
8349914
8358215
8365227
8386953
8388997
8393813
8401469
8415071
8423098
8425829
8436701
8436708
8438330
8438667
8442866
8443446
8448766
8453877
8456476
8457856
8472022
8477541
8478747
8480827
8483855
8485386
8490852
8493907
8495776
8495912
8504494
8504502
8504740
8512829
8514319
8516527
8522169
8536436
8538999
8546445
8549027
8555962
8559048
8580302
8583859
8585638
8589371
8590560
8592543
8593014
8595017
8599455
8602850
8608072
8612001
8612051
8617380
8617821
8630733
8636023
8636237
8644173
8669980
8670019
8675396
8679301
8681280
8697662
8698376
8701189
8704271
8709788
8711514
8715684
8716713
8717094
8730962
8744993
8748805
8753584
8754107
8758342
8759476
8767895
8772131
8778115
8780604
8787542
8789094
8797943
8830139
8842753
8845794
8855613
8861540
8869554
8874146
8875583
8881176
8887466
8888204
8895135
8896148
8905335
8912710
8913477
8920631
8922129
8923560
8924315
8924953
8925062
8930506
8931077
8933419
8938072
8949489
8957562
8962414
8969525
8970615
8975571
8994121
8996651
8997652
9000614
9000689
9009618
9014554
9024577
9040107
9046540
9051933
9053178
9060812
9063738
9071631
9075969
9082435
9087788
9095279
9095593
9100204
9102454
9102765
9105014
9117196
9119762
9135876
9139504
9143995
9146612
9153540
9153768
9167358
9177532
9181266
9188493
9198715
9198840
9201309
9204092
9210448
9222970
9228371
9239001
9243206
9243860
9249465
9257135
9264169
9270722
9283685
9294918
9300143
9309617
9315478
9316751
9317897
9320194
9322346
9324316
9324727
9326504
9329489
9333301
9342789
9348403
9353020
9362779
9367980
9375845
9383872
9388976
9390950
9391937
9395871
9397357
9403591
9404009
9410718
9413707
9421151
9424304
9424553
9443615
9455920
9458220
9477689
9490283
9491840
9493938
9497861
9500222
9504908
9511160
9516535
9519044
9522630
9557387
9558016
9564927
9568331
9574835
9580268
9584335
9586366
9596382
9610128
9616543
9619108
9621286
9636564
9645640
9651871
9666149
9684248
9707787
9708981
9716563
9717357
9729704
9731723
9735504
9737474
9753585
9759440
9767117
9769208
9769349
9771923
9774673
9783423
9784717
9787478
9790524
9794432
9804874
9806011
9806701
9809235
9811070
9813531
9817791
9819592
9829579
9833802
9841714
9844776
9847565
9854854
9856609
9868520
9869950
9871564
9875650
9879093
9899019
9900277
9903724
9903815
9905023
9915401
9916676
9919918
9924666
9925809
9927402
9938711
9944710
9953611
9961256
9962911
9978637
9982855
