6651
9489
12693
13916
13996
14833
16047
16846
17550
21427
21783
22994
31287
31334
31712
32022
40088
50336
50604
58957
61842
62504
64398
64943
65418
71009
76961
83833
83939
87019
87063
87489
90489
100357
109449
114103
120283
132686
139560
141081
143302
149398
152762
152846
152963
153496
161287
164092
168044
168172
169775
171072
171602
173162
173529
174445
183951
185246
192005
192187
193342
208593
209396
210277
215554
216780
218922
219264
223615
224659
230425
231158
231351
237867
242230
249848
252213
252551
252939
255807
258412
259431
261697
262196
268358
268706
274296
275342
278179
285476
285561
286862
291054
293650
295192
303720
305810
306158
310267
323749
324377
324680
326645
331191
332903
340858
345477
345629
348462
355031
361639
366928
369531
372744
382727
383108
383162
383944
386093
391940
397787
399372
401050
404760
410684
418534
419401
420943
422207
422518
422754
423211
431079
438350
439341
445184
464986
466920
468007
469089
471027
474041
479334
479839
481393
484735
491280
494655
496543
501101
507370
507546
519810
520719
521379
523111
537266
540296
541382
542163
542423
551616
553099
554376
567130
575622
577378
579949
580022
585882
591685
596435
598114
604077
607841
610062
610444
615756
623449
627960
630439
632265
642572
647710
648827
651711
660254
665228
672075
672460
676576
686183
694436
695314
699104
700346
703994
708846
714075
719890
727097
751560
754661
758942
761933
764594
765838
767259
769796
773567
775510
776041
779583
787181
788694
790973
791192
793705
793942
810381
812272
813219
815402
816838
817208
819055
821789
830991
831436
832578
833138
833386
834795
837710
845076
846288
853782
858556
860134
870877
873591
878666
882479
893610
895004
898092
899088
906982
931280
937875
939951
941815
942842
946699
948730
952415
955146
956208
960769
962346
967959
974173
976616
980719
985585
994068
995559
997270
998886
999645
999712
1009103
1015605
1022597
1025181
1037288
1037289
1038504
1055681
1061361
1067214
1067830
1068642
1074386
1085285
1088645
1097808
1100921
1109687
1110590
1112687
1121125
1125303
1126844
1128134
1130406
1147639
1153315
1156066
1187348
1191898
1192309
1197509
1200205
1207904
1213581
1214026
1228292
1234996
1246472
1253039
1254094
1260590
1263783
1269744
1271967
1283983
1286110
1290133
1290822
1301973
1315023
1315672
1316814
1320614
1320856
1326995
1328178
1340320
1341087
1343275
1345798
1353731
1359210
1359409
1360810
1375395
1378786
1382650
1384886
1392193
1393403
1408266
1413239
1413570
1419346
1421298
1427136
1429830
1431270
1433542
1437479
1440421
1442355
1450303
1452283
1458621
1468935
1471750
1472264
1475780
1477652
1483176
1490027
1505160
1507657
1515272
1532096
1542663
1543673
1547096
1548914
1565569
1567864
1576157
1578960
1584065
1585805
1587551
1588104
1588123
1597702
1604656
1605247
1605348
1605482
1615797
1616524
1616819
1624743
1632282
1632799
1647988
1649374
1655891
1664202
1665321
1665985
1666260
1668695
1682910
1690063
1694372
1697099
1697387
1723457
1727140
1735954
1736022
1736813
1738097
1739165
1746297
1763621
1770528
1770654
1776527
1777690
1778635
1778883
1781220
1786899
1799719
1802034
1804616
1805376
1810637
1817275
1820159
1825033
1826298
1827069
1828254
1830966
1834155
1834432
1836838
1852272
1860524
1870453
1872778
1873975
1874563
1876409
1878117
1888455
1896299
1897328
1898582
1899222
1910525
1921770
1923663
1924874
1932240
1932722
1932844
1938687
1943420
1944343
1945201
1949697
1957994
1962345
1964471
1966583
1970863
1973001
1976265
1977965
1978776
1980646
1981311
1989097
1992359
1995375
1995781
1996450
2002000
2003216
2007104
2010724
2015156
2015533
2016605
2019841
2024463
2025952
2029811
2030958
2035907
2038083
2051742
2058609
2065714
2070811
2072765
2080857
2088412
2088478
2094093
2105859
2107128
2111265
2114350
2116434
2122121
2125232
2125296
2125405
2131469
2133775
2139936
2142543
2144399
2145130
2145335
2157698
2158311
2161445
2165685
2168278
2169189
2169787
2171745
2181738
2185061
2190141
2194385
2195683
2196148
2209078
2218956
2227968
2231207
2235203
2235273
2237519
2258265
2259276
2263716
2268333
2268491
2274386
2277724
2280922
2290138
2292966
2294370
2294656
2297854
2300383
2301851
2306249
2324318
2325776
2331624
2341813
2344519
2348384
2352992
2354830
2356515
2368426
2370841
2371210
2372742
2373398
2376991
2381973
2390862
2409888
2415587
2420065
2430007
2430540
2439670
2440896
2443016
2446910
2448749
2454191
2460644
2462070
2466898
2472625
2477035
2478993
2483493
2487660
2489402
2492160
2494990
2500336
2511955
2523011
2523232
2528091
2531175
2532068
2535943
2538052
2538628
2545787
2556240
2557630
2562840
2563060
2563829
2565935
2580041
2583411
2583528
2583758
2584529
2586103
2587031
2587865
2588573
2595421
2597864
2599900
2603165
2604561
2605032
2607941
2608406
2613508
2624889
2634110
2635743
2636572
2639284
2639603
2651111
2656031
2657467
2657590
2658288
2660023
2665149
2667450
2686311
2687499
2689220
2701734
2707128
2712113
2713413
2715110
2718883
2722949
2749490
2751458
2751802
2755226
2756279
2759956
2763013
2768902
2775069
2776720
2780088
2780173
2791553
2794549
2800622
2806484
2806732
2807881
2814476
2818332
2823332
2845524
2849047
2851054
2852503
2853596
2860990
2863156
2865579
2869745
2869801
2880141
2883271
2887146
2889512
2890204
2891381
2892558
2894747
2897543
2897620
2903968
2904076
2904851
2910877
2912403
2915323
2927887
2933077
2944727
2946546
2947352
2948687
2956799
2967083
2972512
2972650
2974472
2974837
2976800
2979503
2981651
2981763
2986130
2988425
2994832
3000413
3003626
3011537
3014785
3016899
3017299
3019055
3020832
3021776
3023875
3026915
3028252
3032287
3032565
3034408
3035035
3040688
3045315
3045407
3048666
3055541
3059093
3065653
3066627
3070422
3073643
3078560
3080729
3081313
3081549
3082153
3084809
3087280
3089508
3095840
3095910
3098873
3111142
3123943
3124673
3125520
3125546
3136458
3137679
3138494
3138844
3139545
3143254
3148353
3153313
3157277
3157970
3159106
3167072
3176728
3188828
3192686
3196454
3205488
3207940
3209227
3218131
3224838
3228519
3233356
3234246
3236022
3239404
3240497
3241311
3243622
3248057
3256842
3260172
3262250
3264938
3265034
3265817
3268368
3270436
3282648
3288381
3290077
3294055
3304709
3305593
3311216
3311404
3314523
3314625
3318926
3319323
3322744
3322956
3330343
3338321
3343936
3350846
3355124
3365160
3372054
3372840
3378409
3379945
3382361
3384928
3387636
3387679
3390450
3394266
3396948
3397865
3400383
3401072
3401363
3402937
3403310
3406679
3411897
3417293
3418355
3419560
3421121
3427609
3431879
3435292
3437337
3439067
3446007
3446011
3448550
3449875
3452518
3452599
3468937
3469328
3471228
3472121
3474885
3485610
3492219
3493966
3495408
3495626
3495955
3496506
3507660
3509195
3519071
3524547
3533044
3534328
3538431
3539311
3541713
3542344
3544577
3548491
3549309
3557706
3563774
3573659
3575807
3576282
3578656
3583037
3586267
3589093
3592353
3593060
3593887
3593903
3595458
3600577
3604109
3605133
3607784
3607951
3608033
3615836
3626970
3630516
3631735
3632627
3638782
3639940
3644013
3648592
3651397
3653417
3658454
3659179
3660992
3661833
3665914
3679541
3685593
3686442
3686859
3687908
3694168
3704309
3707929
3708675
3712512
3727039
3731147
3734933
3737598
3741512
3742141
3746293
3746622
3746676
3751270
3751379
3754719
3756765
3759295
3762489
3765978
3772345
3773478
3778677
3785441
3796486
3821111
3823932
3826566
3829527
3829904
3834176
3834303
3834406
3845503
3856365
3860533
3867455
3869454
3870961
3876949
3877238
3881424
3885257
3885690
3886262
3887071
3887931
3890569
3893343
3899684
3913416
3921533
3923870
3924009
3928169
3929931
3935976
3939916
3954131
3956412
3957289
3958217
3958755
3961191
3963844
3964024
3965553
3970795
3983106
3983126
3983786
3986050
3991379
3991947
3993730
4009979
4012299
4024715
4027130
4038202
4047833
4049073
4049177
4055061
4056428
4058846
4060654
4060707
4065959
4066446
4070930
4075484
4078948
4079448
4084523
4097415
4098449
4102080
4106720
4107824
4123310
4128834
4131235
4135236
4136062
4147372
4152179
4158273
4159772
4162701
4164296
4166295
4166512
4168758
4180001
4181515
4182357
4185819
4187001
4189983
4196959
4199606
4200413
4202573
4202962
4205190
4210208
4212841
4224711
4225328
4225398
4237010
4237036
4245042
4250176
4253286
4254599
4258065
4261998
4263516
4269975
4272097
4272907
4273626
4281182
4284155
4286125
4292197
4300656
4311467
4319219
4338150
4338782
4339038
4339290
4340578
4343123
4351350
4357408
4357495
4357874
4360503
4369528
4377906
4392681
4398248
4408440
4409713
4409763
4418766
4423768
4424558
4427158
4432166
4437177
4456997
4462027
4476511
4478618
4481935
4485586
4485794
4486762
4491848
4495421
4506177
4507058
4510322
4512039
4515066
4517818
4522282
4523206
4523970
4526625
4527846
4529143
4531077
4531594
4534332
4539608
4541831
4542090
4544700
4546987
4550131
4553993
4554836
4555044
4562302
4570686
4570789
4576485
4577924
4578255
4579739
4579765
4585882
4589093
4605361
4608329
4610591
4611191
4613830
4621447
4630495
4632273
4649590
4653248
4659781
4661946
4668226
4680019
4680136
4698329
4701486
4710553
4718168
4728555
4736087
4738124
4738522
4739011
4741993
4742547
4744604
4745900
4746508
4753072
4754029
4754711
4761355
4768043
4774367
4778574
4781743
4782171
4796588
4803795
4811040
4819546
4836593
4840014
4842159
4853228
4856674
4860096
4895099
4905583
4911247
4913038
4916008
4916035
4916091
4918187
4925652
4929364
4931157
4933542
4934713
4938993
4948602
4948658
4951216
4951899
4953973
4955112
4956400
4968230
4975704
4976593
4979836
4985755
4991513
4992020
4994697
4997466
5005592
5010817
5013806
5015284
5022724
5022980
5023832
5029512
5030000
5033106
5035813
5037233
5040621
5040637
5043847
5044260
5045822
5046991
5053600
5064219
5072728
5073663
5073890
5074465
5077250
5081976
5082689
5085322
5091273
5092663
5093513
5096892
5101644
5102662
5104952
5107160
5120192
5121218
5122362
5123368
5123957
5127739
5136241
5136762
5139133
5148972
5153982
5155717
5163754
5179784
5183624
5184892
5186838
5198652
5203520
5207924
5208571
5208579
5209559
5209996
5210050
5212306
5218827
5223330
5224737
5227461
5230374
5234089
5235633
5235644
5247978
5248538
5249661
5252916
5258266
5265786
5269165
5269203
5269320
5270409
5273731
5288332
5289144
5290193
5291003
5292588
5294057
5294093
5303438
5311245
5318718
5325047
5326549
5326549
5331239
5334423
5336302
5336367
5337334
5341412
5341749
5350277
5354959
5356830
5360234
5363537
5366728
5374744
5383623
5388054
5392699
5394352
5402538
5413404
5422469
5428710
5430403
5430633
5431675
5432909
5433525
5433571
5435554
5438373
5438876
5439914
5440349
5445908
5447828
5447943
5451260
5456051
5461287
5463017
5465130
5465781
5466403
5468049
5482549
5487396
5489739
5497255
5505906
5510435
5510953
5511227
5515712
5518107
5519311
5520502
5523408
5526502
5533167
5539124
5540128
5557836
5557854
5559183
5568707
5569771
5572389
5579584
5583162
5583678
5590524
5594925
5595743
5596783
5599068
5609879
5610256
5613870
5618518
5618696
5619581
5626564
5627528
5633428
5637618
5639217
5650084
5655869
5661440
5662433
5662436
5663525
5663679
5669115
5671555
5673142
5678996
5679298
5682842
5694335
5695307
5695848
5707847
5709159
5713763
5715516
5718437
5720842
5733188
5737372
5740904
5758037
5758213
5762125
5767692
5769156
5769554
5771922
5773946
5776009
5776292
5777172
5777199
5782167
5785618
5789542
5791248
5791894
5798516
5798712
5803134
5806626
5810752
5822982
5824376
5831436
5831506
5833033
5839740
5843796
5844642
5847747
5850455
5858077
5860081
5865961
5867291
5870247
5872667
5873323
5875593
5879365
5886614
5890474
5891246
5906586
5911091
5913493
5917339
5918335
5920623
5927827
5930087
5937139
5937499
5946591
5955128
5958979
5960695
5961288
5966914
5968298
5971506
5979286
5984421
5991672
5991996
5992180
5993068
5994503
6003724
6008929
6013585
6015497
6017560
6019628
6025305
6026486
6028889
6035030
6036784
6038004
6038668
6041723
6049344
6052984
6056540
6061906
6066482
6070304
6077517
6078010
6082785
6089234
6090588
6097998
6106019
6106032
6108018
6123638
6127388
6130015
6134734
6136932
6140777
6143368
6143588
6144894
6148029
6153541
6159981
6161277
6168158
6169568
6174744
6186030
6197004
6202137
6202275
6202725
6210758
6217407
6221595
6232568
6233438
6236114
6239609
6242609
6246238
6248439
6248745
6249200
6250338
6261803
6262949
6266540
6267829
6271031
6271302
6271305
6277961
6279296
6280009
6283173
6284594
6285802
6287898
6289408
6289685
6291094
6306717
6307770
6308207
6318350
6329825
6333989
6334065
6336425
6342655
6342974
6344950
6355403
6356063
6357063
6358994
6369937
6372969
6373769
6374436
6376631
6376764
6377728
6378063
6382914
6384821
6390215
6390329
6390451
6391596
6393965
6396850
6405817
6408966
6417178
6418537
6423961
6427615
6427736
6433374
6439378
6440177
6441178
6445111
6446629
6452674
6456085
6458115
6461548
6466602
6467768
6467918
6468751
6472636
6473331
6476984
6492358
6493378
6498024
6501191
6501390
6503406
6509740
6510913
6514470
6514928
6518080
6518652
6519353
6522291
6534786
6539660
6542404
6542948
6550366
6553159
6559418
6560919
6563090
6568398
6571839
6578897
6579351
6582915
6585601
6585837
6599156
6615048
6622223
6622264
6627396
6632026
6632149
6640332
6640686
6641750
6646580
6655590
6655617
6663775
6667201
6674127
6685200
6691649
6692665
6693728
6702950
6704630
6705510
6708181
6711963
6712934
6715450
6716089
6716462
6717520
6723092
6725794
6729354
6733974
6740102
6742148
6745494
6753486
6754596
6756983
6773623
6773678
6775592
6776806
6778274
6789183
6792682
6802349
6803383
6804283
6806297
6810623
6811401
6812825
6815043
6815515
6821549
6821963
6822052
6824040
6824596
6826247
6832298
6834858
6838187
6842785
6849464
6850340
6850879
6852801
6858724
6862236
6868855
6878686
6880907
6883178
6884984
6889126
6890380
6899599
6900594
6903718
6904130
6906154
6906745
6908075
6911859
6912614
6920782
6921019
6923444
6925425
6930558
6931779
6940714
6942544
6943455
6944232
6946365
6951307
6952588
6957185
6959355
6962865
6962994
6970993
6971747
6973062
6974898
6975041
6975876
6977234
6977662
6978746
6997268
7002470
7002982
7006047
7011737
7017205
7017659
7017782
7022943
7027102
7027429
7028254
7033017
7034511
7037740
7041075
7042183
7047359
7053410
7058541
7059952
7061018
7068379
7069280
7078310
7078795
7079582
7082006
7092389
7093124
7093617
7097573
7098628
7102102
7103972
7108000
7112282
7116547
7122843
7130716
7135413
7135484
7135983
7137979
7138411
7145210
7146377
7151408
7155933
7158826
7160098
7164480
7166636
7170599
7171965
7175483
7177002
7179537
7186755
7189008
7190013
7190587
7202192
7202861
7206297
7207368
7212189
7215902
7221611
7228722
7234107
7235816
7244227
7249475
7253510
7256816
7258713
7265929
7283061
7286737
7288535
7291204
7292279
7300416
7305098
7308920
7311027
7312272
7316539
7319900
7321645
7329527
7331417
7332484
7341461
7342051
7343829
7344606
7348643
7350210
7352011
7352374
7368332
7368676
7370194
7370549
7382168
7384828
7390519
7394564
7394939
7395708
7399305
7403022
7408336
7410215
7417158
7428047
7429600
7431417
7434181
7437101
7448146
7448156
7449952
7452728
7458539
7459676
7464503
7464907
7466041
7467063
7467869
7471789
7475732
7476017
7477626
7479663
7482531
7486184
7488204
7489212
7491519
7492964
7496203
7496555
7499662
7500161
7510076
7511540
7512574
7514855
7535863
7538125
7538582
7541280
7543670
7546637
7549885
7550588
7552259
7560551
7561433
7566308
7576548
7584703
7586591
7589812
7593612
7594622
7601601
7601916
7603020
7603083
7606715
7611122
7614835
7616163
7616992
7622945
7625514
7627426
7633089
7634145
7634873
7641937
7648855
7650241
7655741
7657314
7659902
7660161
7660942
7664167
7669124
7672124
7674821
7676975
7678077
7684951
7689164
7699046
7705070
7705513
7708200
7708813
7710756
7715058
7716924
7726686
7728480
7734038
7742956
7743289
7749497
7756208
7759544
7766737
7772089
7773672
7773879
7778580
7787345
7795056
7801782
7805371
7806010
7810732
7811323
7828851
7831951
7834177
7842754
7855508
7858039
7865802
7874156
7875195
7879492
7887653
7894679
7899518
7899559
7915774
7919617
7920953
7925709
7927822
7930245
7935993
7940915
7944258
7944491
7948397
7950942
7952871
7961618
7969256
7970037
7976271
7977220
7978570
7984090
7984734
7987275
7991460
7995249
8006625
8006764
8008782
8030549
8032304
8038126
8042150
8043852
8045004
8049126
8051012
8055464
8059440
8069882
8081522
8081748
8082362
8082666
8090813
8100603
8103982
8107873
8108081
8110250
8114585
8118231
8118536
8118560
8121891
8122761
8125521
8126856
8131366
8145096
8154207
8154985
8156802
8169033
8185749
8191371
8194229
8197386
8201202
8204361
8206221
8212388
8212797
8216495
8226995
8233337
8237402
8242654
8242715
8243562
8247280
8252850
8268068
8279135
8281298
8281466
8281850
8284341
8292741
8292930
8293591
8295039
8300492
8308795
8314332
8323086
8323418
8329774
8330624
8332848
8337753
8338717
8338902
8340917
8346063
8354535
8356386
8360656
8361101
8365317
8372133
8380211
8385882
8387293
8387677
8396649
8397278
8397473
8410552
8412111
8417316
8417511
8418241
8422317
8425603
8434053
8440018
8442056
8452000
8452637
8461569
8463337
8463884
8465679
8468175
8478023
8483347
8485323
8487369
8488468
8492740
8497370
8498154
8504703
8505173
8510209
8512051
8516077
8520254
8526045
8527688
8527802
8547892
8553658
8555528
8556684
8557001
8560446
8562980
8563866
8568388
8570644
8571474
8574247
8576481
8586212
8589249
8596217
8596546
8597246
8603725
8605040
8606880
8607037
8614705
8616575
8621016
8625235
8630424
8633489
8636230
8636643
8643703
8646161
8647923
8648552
8653525
8659068
8662787
8676189
8680770
8685071
8689022
8693823
8699837
8700225
8700719
8715888
8721226
8721783
8726306
8730866
8731795
8732035
8735546
8742293
8745025
8748860
8750868
8758641
8759898
8767744
8768245
8776531
8776933
8785757
8787663
8789671
8795770
8809294
8814701
8815208
8820244
8822942
8838970
8843570
8844245
8846848
8849523
8852959
8858685
8859474
8884460
8896984
8902640
8902679
8913192
8918941
8927372
8930404
8931607
8932188
8933501
8933586
8938257
8942272
8943378
8953877
8954459
8956868
8957483
8963298
8964836
8967484
8974404
8977289
8990047
8990123
8991616
8991646
8995110
9001715
9008184
9011341
9011994
9012514
9013764
9015264
9029766
9030207
9032491
9033859
9035027
9035851
9037225
9039309
9042394
9044260
9048566
9050623
9054265
9058721
9059321
9061339
9062137
9069544
9077932
9078029
9078426
9078770
9084361
9091601
9092141
9095851
9100447
9103516
9113402
9113410
9123743
9131744
9134106
9141194
9152838
9160722
9165245
9167268
9169371
9171332
9173181
9174231
9176916
9187756
9193013
9196607
9197877
9199208
9201052
9202486
9204987
9215826
9221667
9228483
9229136
9250696
9255087
9259817
9267168
9271875
9278601
9280787
9281124
9282420
9283668
9285686
9289436
9295890
9297569
9303176
9308483
9310281
9321311
9321572
9331666
9332400
9345168
9348845
9349294
9351126
9352391
9356622
9374528
9374756
9375443
9376747
9379801
9385310
9386910
9391431
9395590
9397643
9397853
9400182
9401296
9410660
9410749
9411883
9420182
9425175
9434635
9434805
9437391
9439973
9445778
9447473
9451534
9452952
9457886
9464164
9466627
9479910
9482703
9488404
9489454
9502833
9506613
9508553
9511063
9521733
9525244
9537999
9539223
9540863
9546591
9552624
9554018
9560116
9568381
9569458
9570969
9575143
9577441
9584074
9591526
9593020
9595808
9598355
9598479
9602092
9603480
9612138
9614886
9615711
9625121
9631939
9642001
9644505
9648133
9650853
9655668
9658451
9665000
9668186
9690020
9699719
9709238
9725769
9733075
9736392
9741332
9742173
9742649
9742708
9750619
9753782
9754474
9756328
9758379
9758881
9760459
9762449
9770531
9772133
9781970
9790191
9792370
9797543
9798591
9807334
9812772
9813143
9819565
9831835
9850673
9851982
9856921
9866577
9867303
9867473
9868751
9869092
9873969
9874715
9876505
9878956
9884648
9886346
9887061
9888722
9898415
9900407
9907390
9910206
9911112
9911678
9919715
9923848
9923934
9924301
9928449
9935696
9944990
9945065
9949303
9958419
9959266
9959548
9966968
9974583
9991341
9997538
