4362
7604
12455
22972
26963
32687
34703
41829
43664
48224
58868
70339
72358
78630
83543
86315
94040
101372
110396
121057
128323
136059
137184
139714
145696
151419
157666
167565
177039
179681
182094
186501
187319
188627
196509
197836
201968
202182
202506
208243
212475
220485
232724
248842
255319
264421
271275
278033
284981
287172
289580
293558
296599
300441
300895
313801
327575
335143
339965
341098
349701
352193
359589
362470
372652
383832
390654
392696
396044
414672
428464
437460
446955
447464
455717
456330
464724
465579
466471
474619
475582
478140
479247
482470
496122
511398
516209
519427
526442
537277
540886
548524
550601
552492
555697
555919
559295
572363
580124
583020
593602
598191
599897
602794
604867
607328
611367
615421
615959
620476
621081
624956
627203
629387
636227
641490
657792
658622
659218
665086
674672
674771
679834
687687
707786
711779
715902
723480
726461
728330
735570
741623
755689
759769
762456
772574
773175
775790
776751
778042
780455
789599
794120
794610
801730
812526
813903
828005
834641
837818
838245
839887
869399
882782
886810
893363
903599
905507
907703
908178
911267
918821
921930
922901
923432
924182
933560
939534
943870
952056
957749
961568
970183
979410
985257
996726
1030561
1049846
1053366
1065608
1067968
1072759
1075406
1085727
1090008
1096308
1100066
1108761
1112577
1124978
1139040
1146382
1151168
1156182
1157589
1168688
1172534
1173133
1179884
1183942
1191955
1195123
1198595
1208103
1218193
1219074
1220415
1223805
1232698
1237443
1254565
1262448
1267302
1310919
1315247
1315545
1319131
1320452
1324361
1326888
1334029
1337020
1337778
1341050
1343095
1343700
1349240
1354751
1357674
1370230
1379437
1386452
1389403
1390621
1394913
1399735
1402952
1404643
1416198
1418377
1426566
1427021
1455021
1463125
1479943
1480934
1484582
1495833
1504664
1505211
1512216
1521436
1523368
1529325
1532212
1539631
1543010
1558795
1565249
1569239
1570375
1583714
1597088
1601471
1611609
1611869
1613464
1622390
1625578
1626857
1630188
1640195
1655923
1656817
1662133
1665330
1668083
1685525
1693042
1700106
1700371
1701382
1701524
1706364
1707523
1708004
1717195
1719878
1723257
1732556
1737081
1756926
1761098
1763241
1767150
1792272
1793645
1796073
1813618
1834257
1836188
1838947
1847275
1847830
1851687
1864645
1889288
1908406
1916353
1938456
1939247
1942644
1948720
1950461
1952227
1959634
1960593
1965475
1965569
1967817
1971791
1974991
1981065
1986836
1995569
1999445
2000146
2002372
2005970
2011214
2011491
2014982
2015024
2016724
2020655
2027091
2035976
2037820
2052097
2058410
2066225
2070918
2073498
2086873
2091150
2105372
2106854
2113820
2115911
2118040
2120265
2121394
2125588
2127383
2146895
2154543
2178591
2186505
2190875
2192809
2197210
2203936
2206673
2206790
2207234
2210346
2212230
2220514
2221844
2227401
2231035
2232243
2233249
2239154
2253872
2277759
2278347
2279651
2282838
2287411
2299449
2302629
2325011
2326294
2326941
2333852
2340861
2342449
2352348
2364706
2374206
2375087
2375628
2378765
2386935
2389817
2394551
2400228
2410136
2413358
2415262
2423654
2425210
2431454
2448159
2450248
2452311
2453896
2454817
2462167
2472911
2475860
2482650
2483496
2484420
2492003
2496507
2506308
2528082
2529272
2533051
2541110
2549084
2563971
2568572
2569551
2572471
2575211
2575388
2585730
2590028
2598154
2598284
2598900
2599680
2604925
2606284
2619296
2622108
2624975
2628613
2630869
2633740
2635978
2648393
2651082
2654084
2663758
2668364
2669915
2670583
2683022
2684500
2688884
2690744
2693581
2702482
2704589
2709071
2715981
2717411
2726648
2738721
2743703
2756454
2757076
2758286
2765786
2767181
2774294
2786520
2793775
2797173
2800288
2800887
2805871
2807740
2808256
2811108
2816991
2818676
2839585
2854479
2855496
2868939
2871796
2877363
2877678
2879158
2880173
2880587
2884746
2887749
2893195
2894233
2904883
2924573
2928832
2932614
2937121
2942901
2946485
2956653
2957687
2969163
2972833
3016691
3018845
3020022
3026636
3027751
3029431
3036265
3051978
3059638
3063680
3069205
3089925
3096703
3097018
3097151
3101197
3106899
3120302
3127112
3130135
3131804
3137096
3138868
3154416
3158372
3163758
3172145
3182962
3183407
3183854
3191726
3196842
3205479
3222585
3224480
3224486
3233082
3237438
3250663
3256090
3259193
3264316
3265667
3266581
3271610
3280229
3286017
3296668
3309252
3312270
3317725
3318697
3320583
3323924
3325764
3332577
3332647
3341666
3343260
3360828
3362398
3364688
3369788
3370236
3372959
3384882
3403252
3409619
3422614
3423187
3427057
3427779
3432427
3452855
3459001
3460353
3465231
3466139
3478113
3480383
3504028
3508807
3511101
3519782
3526342
3534369
3535738
3548341
3549115
3549488
3556815
3566768
3578724
3584518
3584832
3595175
3601653
3607874
3614790
3621993
3635021
3637894
3642584
3647152
3647928
3650837
3671922
3679585
3686859
3710695
3713930
3721179
3734104
3734759
3736211
3738374
3750669
3757053
3760403
3762928
3768390
3769724
3779459
3779739
3782062
3783612
3791440
3794126
3797344
3805049
3808598
3815427
3817742
3821819
3832464
3833668
3841901
3849669
3854739
3858078
3859586
3860956
3861024
3863979
3874644
3875111
3883137
3883610
3883917
3889072
3890863
3894072
3897937
3916818
3935416
3939152
3939895
3945665
3946764
3958327
3962030
3967396
3972150
3973864
3987497
3989082
3995540
3996874
4003611
4006036
4007950
4014506
4024389
4026164
4027868
4042519
4051455
4054384
4054729
4059042
4060552
4072402
4073020
4080338
4081511
4086436
4087426
4090680
4095051
4109005
4116198
4135049
4135587
4155201
4160533
4165283
4173450
4181336
4185608
4186393
4188323
4190141
4192917
4195412
4196376
4202071
4209299
4212802
4224695
4227725
4229719
4229859
4233826
4237720
4242794
4243445
4243578
4243657
4247858
4249828
4250777
4251002
4256510
4263169
4266829
4273696
4274809
4278020
4279718
4293167
4295574
4296676
4303715
4306122
4308590
4321933
4332888
4342696
4344287
4353565
4355261
4360846
4364762
4393933
4408342
4411469
4415222
4422337
4425806
4426871
4446945
4455066
4459486
4462814
4472125
4476214
4478086
4482002
4490137
4526994
4528012
4540085
4557356
4575798
4580568
4581174
4582219
4589717
4601573
4606721
4609622
4632001
4654112
4671422
4671429
4692909
4693976
4714059
4715283
4716347
4723106
4724595
4735094
4735241
4737525
4753564
4763678
4766964
4769278
4771613
4775387
4781939
4784453
4785569
4794610
4800562
4807564
4827895
4836358
4840934
4858176
4858362
4863269
4873257
4882133
4884856
4888182
4896037
4905269
4909669
4911571
4912295
4918826
4930763
4931907
4942508
4944571
4952683
4957559
4962627
4966416
4971680
4972061
4983310
5010741
5027948
5029910
5042229
5046423
5050798
5060306
5061522
5065526
5065858
5068578
5075455
5075901
5076779
5080652
5082147
5087540
5088733
5097954
5112530
5122399
5122478
5124111
5124288
5129677
5148687
5154080
5156950
5163634
5175270
5186171
5192417
5196818
5202555
5213691
5225093
5227499
5240940
5246712
5249993
5251288
5253500
5255080
5255602
5259995
5261607
5262040
5279089
5285542
5287163
5287982
5291129
5296958
5299909
5308000
5311272
5318948
5321595
5325498
5333867
5334320
5335975
5337567
5340740
5342828
5343175
5346475
5362099
5370528
5370929
5380941
5387883
5392183
5395376
5417000
5419468
5419481
5421890
5431350
5435202
5435848
5436737
5437533
5439423
5444937
5449166
5450410
5471733
5472012
5477200
5487296
5490932
5497957
5499287
5501753
5504065
5504880
5507654
5512398
5515534
5523489
5525156
5526018
5537923
5540045
5568979
5573205
5585529
5600577
5601455
5606099
5607473
5611548
5611794
5611966
5617302
5618181
5620006
5621358
5622430
5639365
5658648
5661079
5664157
5666888
5675569
5677611
5684736
5685113
5716659
5729199
5730420
5733015
5736531
5748002
5754861
5759915
5760879
5768501
5781475
5792615
5797748
5798696
5803110
5806317
5807855
5812256
5816749
5830079
5831122
5837350
5837990
5838366
5838539
5860023
5862237
5864914
5867483
5867575
5872337
5874365
5874895
5885148
5895413
5896493
5898255
5898289
5899730
5903959
5904128
5910431
5916592
5919026
5940960
5945425
5955995
5958088
5962531
5969732
5974632
5985785
5988391
5990688
6004739
6014381
6028567
6029086
6029212
6035939
6038054
6038166
6048428
6059439
6060676
6064471
6075870
6076000
6080040
6081910
6088126
6088339
6090662
6091465
6093112
6097298
6098856
6100240
6100915
6112470
6118659
6119607
6119821
6121751
6125176
6128473
6135386
6141407
6141428
6145278
6159918
6171182
6175630
6186124
6186694
6190372
6199878
6206155
6207018
6230675
6240879
6242302
6251162
6256286
6257369
6265523
6273697
6278096
6288374
6296452
6304074
6308311
6312408
6320806
6326973
6330804
6353928
6365320
6366610
6369456
6370231
6370636
6375960
6377709
6377933
6388919
6388980
6392578
6406527
6413531
6430833
6441914
6453062
6454388
6456661
6456838
6464078
6469031
6471245
6472642
6473592
6479868
6489985
6511378
6527834
6528070
6533703
6534676
6534964
6537618
6539744
6545344
6546735
6546832
6550115
6552387
6560528
6588139
6596146
6608310
6620590
6624276
6634710
6648357
6648960
6666531
6683760
6694919
6699842
6700561
6710445
6719118
6733666
6749276
6750205
6754993
6755781
6755929
6758978
6760592
6785652
6796465
6799208
6816829
6816893
6825929
6830497
6833210
6833290
6836650
6838599
6839093
6870097
6876398
6877232
6885851
6886198
6896723
6905806
6906063
6913347
6922844
6928875
6939414
6950856
6954711
6959254
6964452
6968300
6968669
6983619
6991534
6993836
7002628
7002867
7007232
7020520
7038718
7044524
7049928
7055440
7060870
7064031
7078500
7082170
7087698
7096267
7100481
7101346
7104869
7111241
7112079
7116492
7117498
7122986
7125567
7134312
7149629
7154800
7169168
7180301
7182084
7184302
7186572
7196476
7199779
7201490
7203420
7209722
7211638
7242985
7256681
7257020
7269088
7271801
7275613
7279590
7284537
7315462
7318525
7320680
7324869
7329612
7330217
7330409
7343285
7350866
7352602
7353287
7359419
7362340
7363582
7368302
7369428
7387824
7388499
7395617
7412782
7420196
7434226
7436329
7440367
7455994
7470417
7477962
7493896
7497481
7504664
7511704
7526430
7534168
7536843
7545082
7549098
7551868
7566796
7568125
7574585
7575573
7580837
7581786
7581925
7589149
7598132
7598203
7601935
7606830
7622428
7625105
7627104
7632952
7634868
7653820
7655246
7655733
7655741
7670255
7673134
7688761
7689767
7693705
7693825
7699907
7702872
7704399
7720335
7727062
7734211
7737022
7745474
7746405
7747078
7761000
7785038
7790204
7793253
7794872
7813778
7831209
7831551
7836221
7840496
7842323
7876301
7880929
7885037
7887379
7888673
7889205
7892019
7894479
7902333
7910982
7911143
7912877
7917063
7917627
7920775
7921710
7921800
7922682
7939353
7940505
7943542
7947053
7952222
7965758
7975262
7976705
7977661
7981131
7982836
7986137
7994797
7998168
8007615
8032121
8033931
8035726
8037760
8045368
8053484
8055428
8056370
8059117
8063773
8065118
8084809
8090717
8093637
8099924
8110720
8112093
8123089
8135363
8148921
8149414
8160369
8161172
8162205
8193782
8201773
8205888
8214937
8221108
8223383
8229475
8233444
8237879
8243275
8255038
8258858
8266865
8267806
8276767
8282607
8287316
8287842
8295024
8295312
8305863
8315014
8320333
8324074
8352733
8353181
8382890
8383833
8384517
8404096
8405295
8405334
8406208
8414607
8415179
8429585
8430937
8446025
8452728
8455295
8457245
8461503
8477190
8494047
8497604
8512112
8520348
8523629
8529359
8529967
8545609
8545886
8549902
8554335
8555472
8568920
8582043
8590093
8594225
8594764
8605049
8616788
8624355
8643837
8646057
8646910
8649331
8649709
8654585
8655078
8655110
8667927
8676959
8686600
8694351
8704304
8713507
8717556
8729633
8730344
8731184
8741615
8745822
8768546
8785003
8791902
8795304
8806010
8808288
8808629
8811752
8812194
8840971
8841807
8850395
8858868
8862366
8863244
8865019
8867991
8868070
8870124
8870693
8875582
8889901
8891360
8895633
8904316
8929000
8931976
8936150
8936420
8938024
8938976
8940582
8945139
8953047
8953911
8957539
8960204
8960377
8961666
8969659
8969776
8973760
8978649
8979266
8993469
8998364
9006730
9009260
9009704
9010783
9016143
9017228
9021048
9024835
9031711
9036402
9037058
9041247
9049319
9052887
9060900
9068741
9069810
9071089
9073062
9077855
9081483
9087559
9093079
9101926
9106625
9107920
9117469
9117521
9117690
9129416
9137532
9139384
9161857
9163865
9173960
9186626
9190322
9190444
9193208
9193986
9195504
9196785
9200520
9200554
9204039
9226816
9229785
9233232
9238745
9242082
9243389
9243637
9249530
9266269
9285106
9290853
9293992
9306635
9307312
9308854
9319020
9333295
9358326
9358401
9360967
9377609
9380028
9380655
9390165
9390824
9401098
9404383
9414269
9428447
9430902
9440552
9444115
9464441
9464779
9467908
9471976
9472400
9479880
9480930
9483276
9484299
9484546
9488472
9497440
9507099
9537076
9541240
9542717
9564614
9566352
9567345
9569010
9576321
9586934
9601212
9612276
9619763
9646231
9651992
9658641
9660060
9662081
9662590
9665850
9666394
9668596
9679452
9689746
9691269
9694720
9698627
9700595
9719079
9719679
9720564
9723297
9736292
9736378
9740799
9745323
9748110
9749973
9755800
9756690
9756962
9760044
9769584
9773999
9777877
9782301
9786459
9801228
9801507
9801800
9801927
9821001
9827817
9828499
9830290
9831017
9832157
9833125
9838496
9840210
9851395
9857141
9879034
9884590
9887472
9891632
9894168
9898017
9900334
9905741
9912417
9922339
9923655
9928795
9930718
9931097
9933280
9935253
9936561
9941279
9946487
9949234
9949951
9952869
9955825
9967462
9983052
9984338
9987054
