481
527
1421
2059
2531
2754
4067
5007
6943
14317
25126
26166
27107
30120
40132
52894
53169
62321
70069
76490
82815
84322
86177
93009
95006
103444
107983
115784
116686
121518
135627
138247
143150
143167
153668
155119
155251
156746
158496
164085
169830
175966
187161
189987
192537
193313
196790
201376
202322
204036
208578
213378
215704
215730
218912
219344
225795
228463
229664
231594
233851
248055
250982
266200
266225
271869
281639
284244
290343
290606
291926
293617
299717
302586
302811
302890
310942
312177
313206
315871
316259
318187
322667
332336
332503
348318
349686
352858
353887
370519
373258
379177
389077
392694
393742
399764
402402
405197
408686
411765
421572
437077
439024
439123
446450
452997
453511
462032
468933
470371
473418
479951
484849
485423
490352
492179
492252
492301
496805
502401
503833
515342
517131
518034
518971
522169
524852
525036
538455
539353
540548
545596
550126
552780
553502
560666
564368
565539
566991
581140
583841
585894
588278
589536
590660
592481
593289
595418
596410
598712
609195
611223
616871
618643
622539
623596
627722
630546
633924
639393
641904
651982
654562
657818
658346
660833
661335
661928
666386
676749
677187
685388
692735
696840
701214
706034
708794
715604
721262
739298
747066
749750
753811
754528
760011
760350
761645
763723
765050
765245
768287
770516
777911
779095
782078
782322
786409
789645
791857
796296
799150
809094
810770
816730
816880
819086
819926
822633
823319
826935
829264
829311
833673
837372
840539
840889
842843
846291
851145
857484
861162
863217
878692
900295
909983
910061
917059
919486
925007
932373
933452
936598
937572
943898
945599
947438
949523
951370
956022
959026
968892
970359
971769
973496
980692
984049
988466
989855
997622
1006765
1008096
1008206
1009931
1011070
1016606
1020476
1026112
1029447
1031217
1031700
1033984
1038556
1040051
1058748
1060833
1068390
1073106
1073166
1073889
1082257
1087150
1089438
1095370
1097546
1098797
1121689
1127283
1133635
1133953
1149240
1149439
1149644
1154468
1154922
1156951
1162928
1178589
1183310
1189174
1189373
1193543
1194876
1194910
1195990
1208674
1220187
1226618
1227871
1227918
1236363
1238891
1239089
1243764
1252677
1253187
1261114
1265374
1266253
1270424
1276041
1278164
1280052
1287771
1296663
1301916
1303960
1305207
1314269
1316427
1319613
1322668
1323952
1327394
1331246
1331316
1336155
1351147
1351427
1357582
1362345
1363301
1367921
1368132
1368643
1372178
1374756
1375450
1379054
1383008
1392820
1408538
1413074
1419577
1424271
1436188
1437316
1440682
1447094
1448910
1450503
1450889
1457112
1460868
1467239
1468979
1474914
1481782
1483362
1486363
1520382
1523503
1524913
1525239
1535803
1544297
1552278
1554245
1557023
1557461
1560856
1566613
1568394
1573388
1574903
1575091
1576530
1588672
1600991
1601467
1601600
1603365
1607576
1609634
1620884
1621713
1622377
1622936
1624186
1633137
1638516
1639930
1645221
1648372
1656648
1663979
1667387
1668223
1670825
1684187
1685784
1688532
1692154
1696289
1697345
1706152
1708955
1709583
1711776
1712342
1722600
1722648
1724278
1732418
1748336
1750553
1765547
1770255
1787295
1788203
1789366
1790435
1793337
1799188
1800114
1810741
1810743
1815981
1816600
1823155
1824891
1831779
1836507
1845564
1851949
1852779
1860309
1865940
1871297
1872164
1872205
1879206
1880764
1888907
1890510
1893010
1896837
1900009
1905300
1907530
1909951
1910609
1914804
1917630
1918797
1924729
1931130
1938035
1939882
1949683
1950344
1952853
1980498
1983758
1986083
1987917
1989900
1999839
2001263
2002781
2003108
2007765
2013807
2014674
2014684
2019151
2022466
2027748
2035755
2039089
2042154
2048332
2050974
2053532
2055116
2055704
2063250
2063266
2064554
2071685
2072695
2080688
2085013
2089857
2092021
2099554
2102419
2105183
2105747
2106328
2110678
2117468
2118782
2120241
2124411
2133736
2136286
2136592
2137944
2153965
2154611
2158340
2158565
2161013
2161149
2162062
2163128
2163843
2172879
2178045
2178267
2188809
2189726
2190346
2191801
2198179
2204008
2206428
2213618
2216659
2217106
2218691
2221191
2225173
2225335
2230651
2236903
2237225
2239552
2250477
2260395
2263354
2266512
2275073
2275841
2281105
2285107
2286577
2296915
2298914
2301583
2311983
2312962
2313141
2316558
2316981
2322974
2327410
2329103
2330322
2330446
2336948
2339732
2340345
2353239
2355994
2358497
2360070
2361201
2365564
2377165
2378889
2380385
2380503
2385988
2387393
2390717
2391332
2398245
2400425
2406862
2418650
2420412
2422103
2424522
2434474
2435199
2437719
2438256
2438632
2439219
2440410
2442482
2447375
2447576
2456120
2458415
2468736
2471199
2478851
2479694
2492855
2493152
2494725
2497295
2497563
2500511
2503584
2504643
2505518
2510615
2517862
2524261
2524734
2525040
2528265
2531761
2536264
2537594
2537848
2544930
2550156
2556704
2557519
2560397
2568537
2573763
2576514
2578896
2580764
2580863
2596337
2596804
2603042
2604943
2605846
2608815
2610082
2614654
2615605
2629302
2638421
2650983
2652715
2659151
2660583
2662565
2663962
2677133
2678578
2681105
2689562
2700373
2704249
2706074
2707785
2714418
2714468
2717611
2722051
2724357
2728855
2731203
2731239
2734357
2739065
2739554
2742009
2742726
2742855
2744707
2747516
2755477
2756381
2757599
2758636
2765248
2771920
2775483
2778373
2780244
2793070
2796321
2800217
2801269
2803580
2813553
2821942
2823066
2830119
2832683
2833045
2834571
2834763
2837574
2844459
2848828
2855400
2856597
2862692
2872217
2872928
2876068
2876318
2877553
2884742
2888124
2888929
2889684
2890574
2891070
2891403
2904416
2904443
2907655
2926548
2928715
2932049
2933616
2935009
2937960
2943131
2943535
2943661
2957826
2966405
2966846
2972155
2972160
2973132
2977543
2978236
2986498
2988821
2992503
3001903
3003782
3007314
3012849
3018766
3023309
3026092
3026368
3027030
3027230
3031795
3033744
3033893
3051424
3055096
3062871
3073714
3073810
3076928
3086915
3088337
3103150
3112743
3119963
3129830
3132326
3140845
3143966
3149872
3153786
3156544
3157765
3159098
3159446
3160039
3160366
3162291
3164099
3164479
3169086
3171023
3174324
3174385
3175674
3178474
3183926
3186875
3192199
3198523
3199025
3200883
3203651
3206642
3206777
3209000
3215701
3217180
3218624
3221994
3229557
3230177
3237746
3245853
3257382
3261690
3271737
3273583
3277388
3278864
3288755
3293434
3295172
3299508
3309257
3315446
3317538
3321660
3330511
3333820
3349135
3351972
3358039
3360067
3362554
3382896
3383634
3384260
3388126
3389042
3405420
3406405
3409335
3411427
3417460
3422192
3424395
3425214
3434761
3446087
3454687
3457017
3457316
3458625
3459116
3467151
3472053
3472437
3477875
3482118
3484259
3487495
3487517
3489257
3496097
3499063
3500556
3509733
3511207
3519617
3524402
3524598
3525970
3534317
3534432
3541898
3543073
3549089
3551654
3552698
3553595
3556153
3564395
3567684
3573506
3576763
3577189
3583690
3584703
3585072
3589186
3589410
3591914
3598747
3599246
3599552
3606406
3608521
3610833
3621767
3627194
3637430
3641373
3648862
3653699
3655751
3666193
3666743
3670023
3671339
3676638
3686278
3686354
3693335
3693532
3694264
3699140
3710340
3714479
3714839
3715047
3715093
3726938
3730528
3732192
3734707
3736018
3744694
3746853
3770856
3772112
3772978
3775181
3781072
3794689
3804994
3807594
3810447
3811961
3814227
3816354
3817620
3820972
3821604
3821792
3833926
3839701
3839883
3840527
3845577
3846192
3847474
3851941
3854077
3857073
3863273
3865523
3867793
3881682
3884561
3884829
3885117
3898970
3901008
3908039
3908439
3910141
3911628
3913338
3913812
3915195
3922643
3925427
3930432
3932718
3941866
3943901
3944878
3946639
3947904
3949030
3960148
3966292
3969955
3970010
3977277
3988728
3989548
3990555
3995969
4014652
4017190
4024738
4026795
4038644
4038672
4040040
4042004
4043144
4048430
4059312
4060579
4060585
4061197
4068538
4071867
4082982
4090141
4090343
4092311
4093920
4096959
4107279
4109518
4112471
4122233
4128315
4130449
4136287
4139863
4141154
4144000
4153447
4154468
4157059
4159858
4171445
4171926
4173825
4175123
4181248
4183686
4183993
4187829
4204117
4211895
4212018
4214912
4215259
4218458
4222366
4233049
4235913
4242031
4245309
4246871
4250030
4259721
4259980
4271231
4274002
4283299
4294873
4298542
4304595
4305834
4309423
4309573
4312903
4313533
4316412
4323406
4324697
4326991
4329898
4333752
4334433
4348377
4353073
4353314
4354003
4354369
4357662
4357786
4363489
4363718
4365113
4373379
4384141
4386234
4390456
4392509
4395125
4398543
4400841
4402211
4407582
4413748
4414893
4417888
4418533
4419162
4424774
4430939
4434786
4443276
4452799
4462323
4466426
4466828
4468235
4470621
4474537
4475268
4476669
4481009
4485515
4487267
4488297
4488513
4497373
4497504
4499311
4507282
4511019
4513937
4520299
4521475
4522678
4526172
4533439
4533753
4533861
4542581
4549847
4552238
4553103
4556197
4561090
4562514
4562592
4564107
4564456
4568318
4571064
4575437
4577212
4577799
4579547
4582828
4583148
4584767
4589926
4592297
4593768
4596905
4597024
4598195
4600067
4604577
4607681
4610950
4615064
4615882
4625077
4631462
4633348
4641697
4642945
4643496
4646776
4647410
4655243
4656588
4657941
4659255
4673845
4675778
4686822
4699173
4702398
4707542
4709771
4710922
4724493
4724651
4727237
4746836
4752034
4766819
4768666
4774406
4777977
4779581
4779784
4788099
4789616
4803650
4805070
4807391
4807736
4808402
4811160
4816917
4818127
4819463
4820457
4822704
4822780
4829276
4833583
4835419
4836685
4842427
4846128
4846921
4852645
4853451
4853519
4854574
4865288
4870902
4874066
4876334
4883442
4884330
4894327
4896471
4901310
4902940
4903647
4903657
4904687
4911206
4911797
4913692
4913705
4917899
4919725
4930334
4933645
4950637
4951293
4957951
4958913
4965398
4972411
4989311
4993130
4999775
5005295
5010713
5015663
5016977
5018055
5030715
5031087
5031227
5033504
5036252
5045309
5045873
5046168
5047632
5047767
5049993
5056045
5060993
5062854
5067906
5070508
5070931
5081349
5086922
5093216
5094309
5096097
5113304
5116303
5116707
5118148
5120957
5122282
5123508
5128317
5128535
5130303
5144252
5144348
5144490
5152780
5164359
5167247
5179462
5179573
5185710
5187148
5193870
5196593
5199141
5200978
5209645
5210435
5215385
5216766
5218683
5222120
5234731
5237065
5240561
5251698
5254457
5257287
5261520
5266972
5274210
5274487
5276202
5279052
5286015
5286779
5294408
5307174
5319492
5322052
5322654
5327177
5328880
5330167
5331687
5334748
5339252
5339387
5340717
5341072
5342052
5343428
5346749
5350169
5353573
5356482
5358087
5361415
5361852
5371041
5373472
5377844
5378418
5381639
5381811
5383220
5392272
5396775
5396791
5403996
5404826
5405129
5409720
5419732
5422591
5426701
5432457
5439737
5449520
5451771
5463907
5468310
5468814
5471425
5472207
5482669
5483929
5491339
5498347
5499269
5503563
5507127
5507215
5508230
5513086
5513769
5514943
5515755
5524517
5526955
5529559
5532479
5532952
5534026
5537508
5544024
5545439
5546546
5561285
5565071
5574040
5577758
5578472
5580262
5583265
5584186
5584489
5588018
5590388
5590766
5590852
5591110
5593447
5594778
5600590
5601132
5601990
5603389
5606574
5606993
5613347
5614610
5616857
5628631
5628658
5630273
5632410
5632978
5637437
5638188
5644722
5650141
5652080
5652317
5655319
5657932
5661361
5666077
5670267
5683672
5686511
5687865
5690701
5691131
5692781
5695497
5697353
5698372
5709304
5711474
5723345
5723863
5728250
5730755
5731029
5736830
5745786
5747066
5748300
5752568
5758121
5761046
5761096
5762452
5762497
5765970
5771377
5771874
5772487
5772604
5778915
5784887
5788173
5790034
5792084
5797954
5805475
5814308
5825913
5830949
5832163
5832554
5835297
5844420
5844609
5846385
5849633
5853972
5861624
5862954
5863228
5874900
5878051
5879735
5880186
5886563
5897307
5897317
5900062
5901515
5908008
5909309
5909749
5909765
5913272
5914901
5916903
5917905
5926237
5926963
5932468
5937990
5941578
5953534
5954396
5960558
5960649
5969379
5976228
5983342
5985026
5987683
5992101
5993487
5996758
5998891
6000066
6012399
6017263
6018082
6026623
6029876
6031025
6036988
6045997
6053885
6055035
6060390
6063616
6076879
6081165
6088945
6089452
6103083
6104977
6109290
6119721
6121691
6128791
6131560
6131891
6134061
6135015
6136991
6144596
6145706
6146251
6146449
6148880
6149388
6151349
6152962
6154025
6164267
6179158
6179727
6181240
6181468
6192248
6199398
6208389
6224780
6228983
6229364
6237016
6238993
6239060
6239332
6246545
6252631
6253679
6255215
6256253
6256946
6259628
6261247
6287988
6295578
6298445
6303618
6305116
6306075
6306147
6308828
6311678
6318936
6322209
6323697
6324686
6331228
6335857
6336961
6338972
6339288
6356055
6360436
6366423
6369514
6369759
6374776
6388416
6391450
6393176
6400445
6410000
6410056
6411445
6412648
6414916
6415661
6415966
6416644
6419353
6422906
6425310
6426466
6426521
6431119
6434442
6437522
6439869
6447265
6448107
6457617
6462147
6463711
6466925
6470146
6471201
6472186
6481478
6487140
6492831
6496343
6496347
6502189
6506112
6512717
6515161
6515839
6519816
6522541
6523901
6532748
6537495
6540663
6559752
6559830
6562591
6562886
6565455
6566244
6569801
6569942
6570467
6571816
6571981
6572174
6572244
6578271
6579190
6581141
6582536
6585186
6588119
6595624
6597376
6601950
6606988
6615089
6615672
6619661
6620318
6625354
6625959
6631047
6636598
6637147
6637386
6639099
6643895
6646046
6654430
6656812
6661476
6663902
6666031
6666261
6667047
6676973
6678437
6680078
6688134
6689575
6713097
6717719
6722480
6734669
6735057
6737400
6743221
6745875
6746818
6747852
6753728
6762413
6762720
6763640
6767614
6772655
6773791
6778389
6778800
6782262
6789398
6794242
6797983
6798495
6802992
6809241
6815249
6816512
6818894
6819818
6827216
6831217
6837119
6841440
6848238
6854741
6858515
6861261
6867171
6897861
6897943
6902867
6905013
6914625
6915322
6919980
6923744
6923880
6924721
6927043
6927375
6929386
6935386
6940865
6942747
6955255
6961255
6961842
6962246
6962967
6963133
6964464
6964558
6968641
6971539
6974532
6976042
6977227
6980541
6991960
6999215
7000437
7001834
7008099
7011143
7013973
7019235
7024056
7024937
7028351
7028611
7033439
7034301
7039097
7044407
7054285
7057459
7057789
7059623
7064075
7065680
7065715
7067118
7069665
7069726
7071347
7073551
7073604
7074353
7078401
7085512
7088765
7094598
7097968
7101207
7113914
7113950
7114079
7119065
7124105
7125027
7129330
7130960
7140507
7142403
7142816
7145343
7146669
7148608
7159659
7162840
7171979
7177094
7179036
7181827
7184350
7189217
7193859
7196265
7201006
7204509
7213904
7215706
7220577
7220902
7221824
7225209
7235996
7237473
7241176
7251642
7257928
7258460
7260962
7263227
7264168
7264546
7271914
7276639
7278226
7280411
7287260
7289036
7292445
7292945
7305135
7305700
7311315
7318754
7319870
7322851
7327483
7332197
7335466
7337100
7338767
7339205
7343826
7353958
7354370
7355300
7355349
7356926
7368180
7374174
7378684
7379936
7385692
7388018
7390904
7395076
7400001
7423893
7435126
7451701
7463852
7471284
7481462
7490602
7495827
7498624
7511117
7519100
7521704
7525045
7531885
7537294
7538148
7553631
7555437
7555929
7558368
7562542
7565360
7575256
7579711
7580107
7580404
7581847
7584385
7586000
7587996
7589354
7590795
7594475
7607624
7608599
7613219
7614057
7614715
7617652
7622153
7633444
7641342
7646149
7656466
7664167
7666452
7669271
7671122
7672921
7673086
7673568
7676135
7678845
7682901
7687716
7690110
7696471
7700333
7702578
7703879
7704465
7704948
7706207
7706954
7714368
7718351
7719358
7720129
7729551
7736643
7737446
7741182
7750647
7752083
7753712
7753748
7754513
7755557
7756831
7774293
7774951
7775083
7778449
7784799
7802372
7812690
7816477
7816489
7833214
7846331
7849143
7856103
7856427
7856454
7859360
7879081
7880020
7882560
7890858
7894132
7895887
7898506
7904779
7905082
7907566
7922348
7925296
7931606
7933401
7938975
7940698
7944527
7952952
7958928
7960277
7961959
7963892
7965031
7968747
7971526
7974345
7978608
7980053
7995254
7995762
7996687
7997906
8002876
8003628
8004320
8009627
8010634
8016641
8018105
8019197
8026082
8027591
8028490
8028952
8029946
8035990
8039791
8042740
8042805
8044207
8047408
8048497
8051428
8054068
8056296
8062334
8070952
8071565
8077196
8080299
8080689
8086310
8090693
8104453
8106511
8114805
8137320
8149271
8150038
8152236
8160825
8162663
8162832
8163681
8167838
8173832
8177812
8178262
8186410
8193497
8195637
8204131
8213457
8222777
8231819
8233740
8234056
8244599
8244884
8251192
8252326
8256874
8257407
8261241
8271742
8285469
8286027
8287165
8287345
8289726
8290082
8296664
8302768
8305334
8315092
8326621
8337730
8338912
8341276
8342196
8342867
8350451
8355632
8358823
8362170
8362856
8369034
8369318
8381436
8383102
8384244
8385522
8391685
8395600
8395707
8395946
8403280
8405873
8407528
8411891
8418537
8419751
8425602
8426973
8432586
8436653
8444377
8445710
8450490
8458527
8459201
8459505
8461548
8468342
8473736
8478622
8479351
8480502
8483778
8484476
8485890
8487164
8490531
8502957
8504200
8505419
8506728
8506815
8511276
8516421
8521107
8525270
8533423
8537569
8539358
8543696
8544879
8551274
8553111
8557188
8557777
8557805
8561733
8562739
8563245
8563636
8566088
8570346
8572750
8580331
8589087
8589263
8592256
8596712
8606099
8610676
8621106
8621180
8626323
8628178
8637503
8639322
8646185
8647594
8648329
8655839
8656419
8660174
8662295
8662511
8664823
8667235
8672270
8675326
8676737
8680621
8686111
8689262
8697300
8706017
8708926
8716646
8716782
8719178
8731509
8733860
8737328
8737887
8739802
8760726
8761408
8767651
8768390
8770049
8775195
8777708
8780169
8782745
8782970
8783950
8785831
8786452
8789586
8798748
8805210
8806615
8811531
8812276
8816667
8820815
8820820
8834285
8836309
8841026
8850317
8851216
8852943
8856182
8869888
8878163
8886354
8887607
8894419
8902426
8902929
8902982
8906171
8913433
8918966
8919683
8919995
8922994
8934284
8936476
8943566
8951296
8953234
8955508
8960631
8970622
8971227
8974549
8974575
8977072
8980537
8981043
8994832
8995633
8998432
8999628
9005462
9006064
9012894
9015932
9017973
9022260
9035718
9036878
9041627
9041888
9044874
9054983
9066216
9067023
9067271
9069622
9071079
9074273
9074328
9083305
9088019
9093194
9100898
9106885
9107309
9114246
9119047
9119729
9122394
9124337
9133124
9142190
9144113
9147827
9151566
9151703
9157640
9161707
9163520
9163747
9167601
9169245
9190304
9193790
9199168
9200183
9200799
9205077
9205225
9206763
9210584
9216208
9221828
9236058
9250521
9251985
9252286
9253252
9255434
9259040
9262459
9262636
9265134
9267792
9270690
9271936
9272658
9276825
9279816
9282620
9284607
9286982
9288374
9289629
9291591
9292263
9308550
9316876
9320996
9323319
9325623
9328986
9333174
9337769
9340504
9340745
9346353
9352399
9355834
9356594
9360008
9365349
9367965
9368472
9375971
9383383
9394155
9395834
9397258
9399622
9399679
9399985
9399986
9400797
9402076
9402403
9412090
9426447
9426709
9432306
9434349
9434712
9437290
9441787
9442923
9445874
9450738
9455789
9455875
9468174
9468467
9473233
9474459
9478724
9478744
9478786
9479694
9479867
9484131
9485378
9488524
9494953
9494967
9496620
9498626
9501411
9504120
9504133
9505530
9506169
9511925
9512983
9516187
9521447
9528922
9531473
9532260
9545409
9546503
9546933
9549519
9555121
9556693
9559625
9562327
9563842
9566150
9567678
9569774
9570600
9572597
9572627
9574938
9576178
9579051
9583418
9588435
9589647
9591179
9595467
9604327
9608593
9611831
9615251
9615987
9619453
9622060
9624219
9627627
9628878
9629604
9631275
9631470
9635767
9644198
9654159
9656551
9657424
9660309
9670922
9671327
9672696
9675340
9675424
9676009
9681642
9689145
9707204
9713461
9717733
9719302
9719877
9735806
9737747
9748960
9759425
9761222
9762009
9762765
9766126
9767973
9776422
9780088
9781969
9798134
9798196
9798270
9802674
9805429
9805562
9806873
9806880
9809143
9812334
9814465
9825034
9825485
9830109
9834323
9837102
9837464
9839818
9842650
9844028
9844889
9849585
9854819
9859632
9861271
9861303
9864887
9866512
9876794
9879680
9881165
9885573
9886178
9887502
9889933
9893221
9893454
9902641
9903657
9907907
9909549
9917238
9926380
9926840
9928405
9930991
9932955
9943187
9949036
9953708
9961136
9963760
9967235
9972582
9982258
9988843
9990883
