5797
5841
6938
6990
17829
20016
21420
22147
26500
27028
30121
30579
30904
32293
40847
42419
45887
46415
48262
50214
56995
58637
58974
63513
75564
89496
120784
122141
129285
130042
138783
141765
157230
172841
173003
206400
216910
221923
236567
236746
243308
247752
256304
272285
277182
304813
318002
318089
322840
325516
348262
354563
363078
367193
378233
380946
398169
401973
404076
406066
411468
414743
434905
435946
440906
445500
463802
465494
466328
478496
489567
497396
497981
502308
506506
513692
518076
520445
521837
522834
524627
525152
532024
533215
541323
544168
545553
549706
561089
564158
577387
581393
584388
587795
598813
605317
610481
619221
627250
655807
667587
674951
689594
696214
713637
717253
720763
725442
728476
731503
731582
736017
743739
757296
760972
773102
777498
794571
799133
807952
815020
816899
819096
832154
833622
835501
846647
847828
849086
849996
850287
852483
865937
870805
873106
873649
889341
910549
923876
955757
958133
962768
964629
979722
980639
1006538
1007570
1023922
1032368
1034082
1047668
1058404
1070325
1070938
1097529
1101154
1101224
1115797
1117070
1121036
1122533
1136162
1141102
1154298
1158779
1162416
1165964
1169752
1176294
1195641
1197847
1200282
1206461
1214774
1225200
1229712
1232594
1235536
1236794
1237393
1245967
1248342
1250012
1250106
1251903
1257862
1259833
1271106
1275678
1276677
1282482
1289074
1290218
1293626
1294018
1294836
1295694
1297397
1299745
1306381
1314896
1315030
1324536
1332908
1337944
1344068
1346102
1347540
1348048
1365367
1367046
1368339
1368703
1372509
1382324
1385693
1391167
1391936
1392410
1403299
1406070
1406152
1412829
1415239
1418016
1426610
1436751
1439802
1442856
1460691
1461923
1480186
1486936
1496500
1510862
1521966
1525320
1538437
1539895
1553765
1563554
1567153
1571080
1573753
1574329
1584207
1587964
1589604
1590115
1607644
1631887
1634837
1639683
1654668
1665739
1686017
1687419
1691834
1692330
1695905
1697541
1701865
1719502
1725784
1726118
1734842
1738156
1746358
1748637
1751253
1757773
1757801
1760889
1770498
1772965
1783182
1786265
1793651
1794622
1795093
1795680
1802172
1805160
1805802
1807178
1832246
1838180
1842807
1844006
1846398
1849568
1856531
1860549
1864001
1877316
1911848
1914155
1919903
1920971
1922828
1925217
1927302
1929477
1930260
1932876
1935686
1936540
1938815
1940046
1940328
1946151
1968700
1968886
1982004
1993762
1994335
1994609
1995820
2000965
2003581
2010877
2012413
2019790
2021705
2023470
2024654
2028949
2029824
2031737
2049104
2068338
2086198
2102721
2105563
2113951
2124163
2134124
2137811
2138968
2139147
2152574
2170991
2177714
2179816
2184769
2189763
2216491
2229627
2235689
2267610
2271638
2283624
2299116
2342460
2343656
2344632
2353990
2365339
2367543
2371533
2381849
2385082
2398382
2405558
2405784
2410208
2415035
2417147
2417237
2423861
2428123
2433123
2439139
2447840
2452448
2454793
2457790
2473008
2476941
2483288
2487952
2491427
2494755
2495338
2495767
2505143
2506738
2514272
2516270
2519445
2522864
2535054
2536823
2544323
2546441
2554518
2581536
2586521
2588065
2589524
2594320
2595751
2602371
2603981
2608915
2610073
2615684
2616422
2621958
2624909
2625294
2628969
2630057
2634071
2634669
2637359
2643696
2658932
2663111
2667282
2673640
2675178
2679053
2680942
2684372
2696898
2698139
2698270
2700157
2704732
2707797
2708752
2743743
2745732
2748744
2749454
2764352
2773742
2780282
2806142
2807423
2808306
2808404
2819573
2836236
2847631
2851930
2855276
2859230
2860848
2866128
2881577
2883148
2884941
2886568
2894095
2896880
2901109
2903363
2903467
2905060
2951484
2954586
2956064
2962150
2965693
2967494
2981991
2996658
3003416
3019645
3022462
3032472
3033557
3043151
3043525
3053917
3057404
3060097
3061918
3063201
3075797
3077118
3081081
3083370
3093143
3100675
3101573
3117654
3122449
3133880
3138299
3139294
3141999
3145874
3150065
3150732
3167354
3167655
3171518
3180857
3187726
3193635
3197184
3221074
3221245
3228528
3230555
3231508
3246749
3249061
3264799
3264913
3270780
3272675
3274815
3278674
3280016
3290795
3291694
3294869
3301699
3304519
3306393
3307915
3317643
3330154
3347099
3360163
3363903
3374964
3376643
3378205
3381657
3409292
3415886
3416508
3417582
3429560
3431678
3437703
3457963
3459228
3460186
3467574
3477054
3478336
3495477
3497073
3498110
3500704
3509211
3513681
3530941
3531873
3547357
3547867
3551874
3551897
3560502
3573121
3581606
3584803
3586325
3591832
3596279
3599031
3611612
3624779
3626759
3627674
3635270
3647934
3649076
3660808
3661626
3663851
3665811
3667568
3670413
3674416
3715384
3717456
3718610
3738691
3752703
3757290
3758153
3763236
3773641
3780568
3801744
3818096
3827360
3839683
3855432
3855731
3860440
3861771
3869230
3869466
3870967
3873461
3876940
3878304
3880439
3880927
3881156
3892944
3901470
3904237
3905667
3908333
3910222
3915912
3924731
3927704
3931262
3956170
3975813
3987571
4004062
4004086
4007165
4012019
4016575
4030420
4036281
4043043
4044708
4053433
4063152
4073244
4079760
4084164
4088152
4091049
4095216
4096855
4096860
4097766
4103372
4117804
4129490
4138902
4150018
4151754
4153629
4160444
4162188
4162197
4162919
4163626
4164690
4166424
4169863
4188779
4195471
4197447
4212721
4213388
4228560
4240214
4244481
4259061
4273053
4273574
4278333
4281201
4288345
4295631
4302510
4305645
4306367
4312306
4321508
4335649
4341600
4343047
4347443
4347801
4352691
4353231
4356199
4357226
4358195
4358389
4359637
4362012
4362646
4371382
4378969
4380837
4385969
4391497
4416168
4419347
4420853
4424485
4427619
4428655
4431250
4432240
4436068
4439466
4442592
4446605
4449474
4457182
4457603
4459838
4474652
4482040
4485574
4486716
4503168
4508766
4512986
4515379
4533941
4535241
4535344
4543159
4548164
4568911
4569886
4576341
4576807
4592764
4598039
4601669
4610746
4629764
4643004
4658863
4662682
4673781
4674092
4674478
4678204
4687400
4701439
4710381
4712574
4717135
4718266
4720589
4733621
4735955
4746558
4749957
4752217
4770255
4800195
4806190
4809195
4810815
4814865
4823594
4825103
4825422
4825844
4827588
4838111
4842781
4846491
4846500
4855464
4859815
4860807
4861574
4866193
4871236
4873457
4879655
4885606
4886482
4888507
4888683
4894520
4900433
4910226
4921783
4925157
4929602
4941971
4942947
4952656
4959954
4960065
4961513
4966425
4968324
4977155
4980050
4990986
4993585
4998151
5022196
5028482
5030670
5035759
5037672
5039858
5043850
5059767
5060655
5067436
5073282
5075207
5077069
5079548
5082103
5095956
5096687
5110210
5110222
5114444
5119737
5120607
5130876
5132270
5169069
5178286
5179214
5192481
5195065
5198023
5203466
5203795
5203884
5205456
5217160
5233387
5235571
5237538
5243026
5249130
5267944
5276193
5286027
5288098
5289059
5297602
5301105
5304265
5318142
5320947
5334193
5335459
5339209
5340001
5345107
5362118
5368981
5373540
5376310
5379019
5381573
5381811
5390207
5397344
5404257
5418355
5441171
5449445
5449849
5461491
5464601
5481286
5484448
5501151
5515419
5524040
5527076
5528427
5529222
5531750
5538773
5540474
5548478
5567642
5571597
5579324
5581406
5594989
5598341
5607687
5611030
5611385
5620301
5625666
5645518
5646785
5649081
5649337
5656524
5656698
5658004
5658414
5664759
5666801
5669692
5681240
5688880
5702625
5703086
5712754
5714461
5714742
5716013
5720706
5722321
5734865
5742304
5744005
5753797
5761560
5763551
5766994
5785544
5793745
5796725
5799304
5806725
5816435
5821836
5823877
5829730
5833821
5842798
5855036
5855535
5864374
5873520
5874253
5883092
5885703
5891905
5913338
5914117
5914855
5924249
5932700
5934054
5934508
5941695
5945196
5945965
5948741
5949246
5949440
5953327
5959885
5965515
5966173
5973511
5977518
5980543
6007083
6008420
6013061
6014293
6028293
6028570
6034768
6035786
6038296
6041064
6041776
6043577
6052798
6052977
6059082
6071747
6075972
6081823
6086920
6087543
6089098
6090084
6096370
6106905
6109918
6123747
6135757
6138656
6142129
6150664
6160763
6167898
6182251
6185559
6197090
6202372
6221534
6222006
6233335
6233609
6252700
6270060
6273863
6275454
6285465
6288422
6314490
6316311
6319841
6320991
6324505
6326843
6339748
6347122
6347818
6361591
6374363
6386464
6396127
6400052
6407416
6412146
6413586
6419352
6436062
6439171
6459296
6463581
6463832
6463885
6467621
6468040
6468408
6490600
6506093
6511090
6516765
6521655
6525176
6530605
6535122
6537337
6545764
6550670
6552221
6557559
6559233
6560159
6569954
6572397
6573602
6575627
6579949
6580232
6582837
6583496
6583928
6586644
6591587
6607308
6612221
6620018
6620335
6646586
6648572
6661074
6666335
6666909
6669701
6673875
6679350
6685881
6686134
6690727
6702207
6702501
6720754
6733703
6746343
6747196
6750084
6750444
6750725
6750735
6751145
6755403
6759291
6762265
6767971
6776063
6777234
6779509
6779924
6781383
6782904
6784516
6789546
6794051
6795966
6796946
6799382
6803537
6810382
6815507
6819501
6823854
6824201
6832846
6833439
6833667
6833796
6839337
6839821
6841430
6863698
6879349
6880659
6883409
6890030
6894427
6902567
6903487
6903756
6905620
6906480
6907781
6910949
6911899
6912750
6926672
6929821
6932051
6939404
6940568
6941288
6948004
6948155
6964256
6965032
6980328
6988308
6998767
6999710
7002150
7012120
7023909
7026459
7027156
7033308
7034642
7041512
7042217
7048735
7054796
7055533
7060609
7069212
7074383
7081064
7083551
7086027
7098712
7120211
7120279
7120534
7131698
7142437
7147284
7159526
7159783
7164660
7174366
7176411
7181854
7188985
7192299
7199255
7199891
7206437
7222976
7223562
7245194
7254139
7257928
7280694
7282974
7287346
7293235
7294660
7303399
7304683
7306199
7309644
7313792
7314833
7318774
7320294
7329932
7330368
7332419
7335967
7337240
7343221
7353743
7372488
7380235
7384300
7384427
7400234
7424516
7426322
7426762
7439631
7456818
7457984
7459403
7471218
7484512
7493184
7500684
7501385
7501792
7506894
7507537
7513585
7514947
7516323
7530050
7548191
7559148
7583762
7587916
7592930
7595548
7599863
7600021
7605737
7609370
7616435
7620928
7631189
7632998
7634014
7650650
7666223
7672049
7700498
7702350
7709458
7709553
7721151
7726105
7733471
7734645
7736857
7742510
7744336
7748315
7748923
7753182
7754548
7755113
7768117
7769359
7770358
7773042
7774754
7775862
7776452
7777538
7787190
7792995
7804576
7816099
7816502
7832402
7833300
7838253
7841137
7841556
7843902
7844812
7846590
7848853
7857569
7858414
7876564
7908584
7910290
7911744
7916857
7930654
7935771
7937170
7941758
7955814
7961314
7990391
7992639
7994049
7996997
7997579
7998415
7998643
8002436
8002909
8003040
8005386
8014790
8019078
8024854
8028007
8034404
8040766
8043482
8043607
8048417
8051300
8051756
8067633
8069050
8080656
8080830
8093148
8097654
8102382
8114880
8126566
8132513
8138010
8142942
8144150
8147173
8149655
8160627
8164195
8169100
8170459
8171351
8189230
8192312
8208751
8217409
8223091
8223558
8232093
8233361
8238344
8241667
8242030
8246844
8255911
8256226
8260061
8261053
8261138
8269521
8281995
8290542
8291622
8311753
8312080
8312131
8315976
8319213
8319899
8322352
8323062
8324013
8324246
8348049
8349340
8362347
8365526
8369465
8374860
8378728
8379054
8383059
8383261
8397122
8397335
8402186
8408252
8413522
8440248
8440765
8458323
8469277
8470946
8483753
8486174
8489395
8496135
8496581
8502074
8503709
8505015
8505371
8513505
8513622
8522000
8528889
8532223
8534716
8537031
8538621
8572630
8573414
8580739
8582663
8585138
8586470
8592398
8602015
8603959
8626226
8633389
8647548
8653727
8657388
8665537
8672731
8677139
8684653
8692133
8694751
8701437
8705517
8708739
8730809
8732602
8747104
8751565
8752930
8754492
8756961
8759306
8760996
8768182
8776529
8781474
8783417
8784165
8784461
8785859
8790527
8792375
8798138
8798163
8804091
8805538
8817326
8819027
8824002
8829081
8830446
8835988
8842119
8846217
8870441
8871096
8877896
8885733
8890345
8892633
8902078
8903461
8916299
8923280
8938428
8950932
8952392
8975540
8980237
8984948
8992739
9002248
9013438
9021478
9022245
9024734
9029431
9030714
9041623
9049921
9051028
9052132
9062048
9064868
9075093
9075562
9080655
9093264
9095832
9096195
9096851
9102136
9112881
9114440
9115556
9115851
9116990
9119362
9134437
9137050
9139446
9154438
9168852
9172231
9192214
9194515
9200360
9200473
9209415
9216782
9217151
9218543
9219094
9233611
9242656
9243662
9244774
9257269
9267019
9287059
9319446
9324521
9327773
9336001
9340311
9341677
9343336
9349321
9351142
9351177
9351648
9360080
9372574
9373308
9376199
9380349
9389391
9394457
9396302
9411417
9421257
9423365
9426222
9428588
9436864
9470363
9474634
9474722
9477483
9481513
9484197
9487746
9489923
9491583
9492884
9499983
9500238
9510101
9512480
9519389
9522752
9529218
9532848
9537647
9544624
9548548
9551851
9554886
9585335
9586898
9595882
9600531
9604015
9611472
9611635
9615625
9617724
9621597
9622779
9622876
9623228
9623771
9624637
9626677
9635673
9642156
9646346
9657780
9661710
9677270
9678366
9679512
9683856
9687631
9688856
9695634
9697359
9702908
9704215
9712318
9714039
9724745
9727264
9727436
9731187
9732325
9732406
9733952
9738051
9738687
9741174
9744806
9751092
9755505
9769166
9770810
9771810
9780031
9783322
9793002
9799347
9802726
9813375
9816413
9822528
9827812
9833776
9837693
9840299
9841020
9847776
9848218
9850278
9850663
9851999
9854746
9858922
9860151
9860308
9866385
9869663
9878424
9885813
9891613
9900704
9902818
9907305
9910812
9919034
9920578
9932835
9934302
9938167
9941355
9943606
9946874
9949504
9968635
9987711
9998613
9999023
