3035
3112
6482
11750
12706
16241
18236
19444
25751
28539
40867
51203
57432
61246
61948
70890
72428
79116
98059
107959
111587
113122
122826
123269
123823
129425
130948
136723
138403
140020
141612
143538
146855
146991
148895
154986
157618
157858
166453
170859
175870
176308
176728
176918
188134
191274
194647
199359
200415
204424
206428
206966
209432
214914
215221
215828
217870
223645
228362
229497
230570
237601
241053
243383
246196
251849
254053
257769
258969
261729
269144
269745
269867
276889
282922
284265
297483
298222
321374
323764
324661
325841
340962
349169
354867
362474
365105
365888
370221
379699
380043
380056
396594
400313
402137
403316
405392
410281
413509
414054
419143
421999
422234
423924
425620
426290
428559
429761
432351
439259
450330
455070
456385
459247
462327
467006
467238
470492
481888
485134
488442
492834
493252
493450
498787
506376
507209
508408
509362
510840
525030
532326
532589
539460
543024
544429
551337
557792
574828
576009
576213
576613
579342
580006
580728
585136
587781
592761
593103
600961
608617
610609
612412
615367
621507
621705
624244
624264
624299
632182
632695
641562
647307
648610
655029
663005
668298
671650
675019
675800
676576
681313
685223
686617
693338
693823
698159
698910
706771
714790
715050
721527
724648
734608
738517
742975
744383
745091
748102
748673
749876
754005
754634
759549
759744
761370
762534
763225
769667
773332
773500
773692
776810
777307
799347
801336
816636
817652
818548
819335
822807
823815
830429
834059
845621
846948
851783
853050
853601
856400
856439
857536
857805
857834
863361
866109
879398
880900
882776
888288
895052
898124
900611
900747
904751
905218
906332
910651
911843
912430
914104
918377
920629
922519
925352
925691
926011
929328
936366
938081
942594
950069
956387
961832
966600
968148
974340
984650
985514
991849
993542
999012
1000520
1005076
1018833
1020259
1020586
1021773
1023229
1028238
1028488
1030774
1038813
1050045
1056188
1061356
1067683
1077478
1078815
1087442
1090576
1094555
1096448
1096623
1098611
1100112
1102367
1103442
1105061
1115547
1116382
1133086
1141590
1153021
1165089
1167661
1174811
1174817
1177241
1180259
1191256
1196352
1201349
1202225
1203786
1205067
1210375
1227177
1228222
1231187
1235081
1238712
1238736
1244877
1245603
1247338
1250922
1251595
1253476
1258859
1260856
1273790
1274379
1276095
1277710
1278344
1279577
1279797
1280524
1281944
1282822
1284693
1286449
1289834
1292853
1296424
1297469
1297886
1311974
1312298
1314511
1317436
1318828
1322760
1329813
1330672
1332558
1350368
1354233
1356057
1358472
1364126
1370532
1371546
1374329
1386766
1388046
1389841
1391377
1395882
1401656
1403769
1409520
1409813
1419778
1425889
1431013
1435316
1440187
1442738
1445234
1446454
1448987
1454162
1457414
1458759
1460492
1461696
1467715
1467811
1468362
1468597
1474096
1476007
1480714
1483332
1484031
1486440
1488685
1491189
1494158
1512179
1520906
1522006
1524403
1524822
1527037
1528812
1546871
1551747
1552199
1556164
1557162
1557302
1559809
1560070
1564473
1570784
1573486
1581277
1583526
1585673
1588386
1594759
1601370
1605311
1607396
1610187
1614001
1615371
1619546
1621599
1627538
1633996
1635142
1644585
1646172
1648924
1661987
1669070
1672476
1677269
1680152
1681012
1684021
1685406
1687550
1691934
1692332
1694919
1697025
1701844
1702351
1703827
1705220
1708067
1709521
1715527
1716193
1717611
1718670
1718920
1721277
1726792
1729468
1734236
1736949
1737467
1740249
1746217
1746419
1747043
1750920
1755116
1762985
1764493
1775304
1781379
1787885
1793262
1796753
1798855
1801200
1806414
1818685
1823364
1823863
1829946
1834565
1838866
1845074
1848042
1856872
1858451
1859795
1874199
1874809
1875864
1883420
1887883
1893362
1894229
1899430
1900093
1900833
1901518
1901794
1903647
1911474
1920323
1925162
1927174
1929733
1937450
1946488
1949369
1951355
1951826
1962165
1969330
1971015
1972175
1973731
1974337
1981374
1983040
1988873
1990194
1992117
1998930
2003960
2006948
2016527
2024079
2029200
2041452
2042310
2042877
2045915
2045924
2047917
2052332
2068054
2068693
2074486
2079390
2081332
2081640
2084417
2089100
2089433
2090536
2091887
2096352
2096958
2101086
2102989
2106363
2106985
2107059
2109059
2111074
2111384
2114113
2122873
2128270
2132668
2137694
2137912
2140224
2144529
2149915
2151517
2157182
2168641
2171036
2171572
2178591
2184534
2185408
2189854
2197379
2202715
2209040
2218901
2220494
2220702
2221691
2223342
2226826
2226956
2238429
2242890
2243205
2249881
2253206
2255578
2258407
2260625
2262514
2263660
2265827
2267737
2271542
2273862
2276796
2284518
2286890
2289441
2289728
2299670
2299671
2299857
2302174
2306904
2309163
2312389
2314494
2314857
2316061
2317709
2323258
2324322
2331670
2336173
2342072
2342763
2342889
2345801
2346187
2353060
2353927
2356243
2360829
2363834
2368772
2374601
2375404
2375511
2384496
2385843
2386207
2404978
2409157
2414302
2424654
2426641
2435143
2435699
2441650
2442500
2455345
2457112
2463487
2467423
2473689
2497463
2499043
2501427
2504453
2508278
2514750
2519706
2521990
2525463
2526228
2532700
2534498
2534888
2537411
2540480
2540713
2542340
2548513
2558243
2564738
2565000
2565439
2565955
2575244
2575937
2576313
2577282
2581707
2582573
2583160
2583162
2587447
2593464
2593761
2604040
2613852
2617314
2617498
2623134
2623716
2635102
2635924
2642432
2643600
2648232
2648250
2655283
2661300
2665419
2678618
2682451
2683526
2689556
2698792
2708326
2711484
2712810
2714444
2715907
2731834
2732348
2733832
2739442
2742805
2755977
2766159
2778030
2781168
2783240
2793502
2795655
2799792
2800215
2803158
2804841
2818839
2820084
2822289
2828750
2831350
2835753
2836434
2842788
2843255
2849691
2850836
2850933
2852970
2853993
2859726
2861467
2863699
2870662
2871699
2879179
2883716
2884055
2892490
2897183
2905027
2916504
2918721
2921095
2924556
2927241
2936764
2956538
2959501
2969403
2970270
2971661
2976242
2978366
2981411
2983786
2993521
2998552
2999644
3001422
3003424
3005349
3006775
3007878
3012308
3020696
3021624
3021948
3022670
3026263
3026949
3029016
3033129
3035176
3041969
3046326
3046456
3046471
3048594
3050563
3052825
3054028
3056176
3064804
3071685
3074421
3074506
3081190
3081271
3081779
3089770
3091340
3093851
3109933
3115045
3119953
3120848
3132015
3134060
3137101
3146209
3146401
3148728
3153475
3154228
3164065
3166476
3168667
3173043
3177224
3178716
3179063
3182157
3187709
3204243
3212255
3214495
3218763
3228444
3230010
3231608
3234438
3237357
3240084
3241437
3244918
3246913
3249375
3256939
3266399
3269654
3274822
3274823
3274969
3275960
3280633
3287184
3288860
3289685
3300416
3300909
3301456
3302173
3303221
3304604
3322997
3327859
3331462
3337393
3339499
3344640
3346839
3351122
3352184
3353892
3371198
3372028
3373676
3373680
3383642
3383712
3385923
3390425
3393496
3403393
3413542
3416379
3416426
3417414
3418826
3420722
3423382
3423525
3426452
3451153
3455593
3457586
3459917
3463066
3465162
3469045
3470839
3488500
3491453
3498203
3498549
3504146
3510631
3512453
3520037
3521212
3525369
3525527
3526658
3536301
3544269
3544460
3552328
3553349
3557962
3559237
3560304
3566083
3570530
3577359
3581460
3581675
3585665
3590231
3592261
3592535
3593273
3596640
3604974
3609937
3612327
3617735
3621382
3622249
3629785
3634385
3637753
3640442
3642347
3651584
3654192
3657788
3660037
3664484
3667319
3669701
3680973
3691913
3692253
3692888
3694453
3695078
3697595
3697832
3700838
3705033
3706159
3709507
3719017
3726285
3727600
3730939
3732392
3736657
3740870
3743077
3747345
3750559
3755700
3760248
3773167
3776268
3778402
3779792
3781420
3784951
3787486
3789011
3791297
3791746
3797967
3799369
3801755
3803808
3803943
3804134
3807299
3809493
3811539
3812966
3814936
3821263
3823066
3824346
3825081
3836847
3841476
3843444
3848705
3849716
3858536
3868601
3869217
3878483
3881018
3883682
3884994
3886377
3887498
3890804
3892364
3893420
3897306
3908795
3909627
3910043
3911426
3914106
3917380
3926370
3932864
3935044
3939791
3942683
3949094
3953319
3953327
3964969
3965870
3968184
3980282
3981134
3983342
3983429
3998072
4001217
4001684
4006374
4007077
4008321
4018751
4037605
4038705
4041291
4041926
4045081
4047106
4048524
4049110
4055688
4056262
4058575
4060675
4062881
4074752
4074911
4076825
4079266
4080443
4082658
4083848
4084979
4090353
4095211
4096515
4113754
4117439
4133748
4137995
4138718
4139867
4141955
4146412
4146484
4146696
4148820
4149108
4152226
4154375
4155742
4156514
4162373
4162570
4162807
4163477
4165862
4169380
4171820
4173864
4182510
4185375
4197293
4198913
4201476
4202844
4203842
4204334
4210795
4223273
4235755
4244285
4248936
4250429
4251349
4252588
4263541
4263990
4264804
4277949
4279681
4281960
4282345
4285468
4290356
4291253
4297500
4302369
4317667
4328641
4331553
4331596
4346814
4349812
4353395
4353838
4355830
4357138
4359421
4364872
4369998
4372839
4385525
4388051
4392499
4393577
4395223
4396779
4396992
4397126
4402048
4405246
4407302
4407484
4411141
4416167
4424184
4426327
4426584
4427170
4436752
4438769
4442563
4446776
4451025
4462250
4465889
4470472
4473052
4480304
4480974
4485950
4486060
4492573
4494315
4498169
4500103
4500280
4508246
4516235
4523007
4525907
4529141
4534705
4539728
4543721
4545954
4546250
4555240
4555610
4556670
4560789
4563300
4578481
4579833
4581921
4586873
4588424
4590312
4593267
4594787
4597175
4614039
4616552
4617266
4620863
4627653
4629344
4636375
4638370
4643756
4645169
4649046
4651816
4654787
4657205
4667053
4669958
4670750
4688850
4692037
4693045
4693211
4703863
4709537
4712092
4716230
4719430
4729779
4735237
4735375
4735466
4737521
4740339
4740689
4741465
4742373
4745261
4746320
4749776
4751268
4756144
4756682
4761576
4762229
4766350
4769128
4777203
4777235
4779135
4787742
4789716
4795657
4799278
4799366
4805263
4807065
4808322
4828365
4829990
4830865
4835197
4835907
4839989
4862508
4863343
4863451
4867262
4867369
4870024
4873167
4877317
4881320
4881346
4883298
4885006
4886853
4892932
4894628
4897500
4898114
4898244
4899915
4902742
4904100
4904659
4906715
4908578
4909929
4913553
4917070
4936341
4939577
4942420
4943591
4946265
4950617
4963343
4971589
4977873
4978579
4984028
4988203
4988430
4991269
4994743
4995736
4998200
5004388
5007435
5007839
5010816
5013931
5014907
5014929
5018405
5039591
5041514
5045706
5053376
5053523
5055477
5076919
5079483
5082043
5088155
5095609
5104606
5113729
5121333
5122099
5124986
5130159
5138525
5138797
5143311
5149478
5153340
5154644
5154984
5160736
5165540
5169285
5172387
5184660
5184976
5192222
5198309
5199217
5200664
5213323
5213660
5217606
5217787
5226597
5234789
5241309
5242187
5243345
5244512
5245278
5246358
5256908
5260721
5260912
5263698
5266255
5269786
5270993
5275907
5279597
5291089
5293304
5293467
5296046
5303649
5305809
5307202
5313006
5314949
5323578
5328590
5335161
5338654
5341822
5347731
5351050
5358208
5359352
5361526
5363871
5367932
5368623
5371936
5376254
5376425
5398379
5404539
5415175
5416723
5418007
5428087
5428997
5431997
5433839
5434932
5435857
5439645
5449898
5453684
5454654
5461869
5467755
5477880
5486724
5487414
5487564
5487638
5492326
5510665
5513845
5517171
5517941
5519081
5521171
5524009
5528561
5530077
5550637
5550769
5560213
5560586
5564430
5565638
5580915
5581920
5584440
5597071
5610892
5619136
5622911
5626720
5627916
5635253
5637396
5637915
5639177
5643206
5652771
5653313
5655462
5657856
5661074
5662129
5662504
5664291
5668909
5680052
5683289
5683925
5685725
5688739
5695842
5701270
5706261
5709525
5709979
5711826
5715575
5725694
5727227
5731889
5733145
5736431
5736471
5741860
5750355
5750833
5751976
5756007
5756584
5760120
5762573
5768000
5770627
5771699
5782531
5782798
5783211
5787794
5797550
5798863
5802228
5804811
5806247
5806332
5806471
5807657
5816155
5816223
5816394
5821945
5825968
5835655
5838690
5849748
5852189
5856135
5858114
5864253
5870810
5877039
5882322
5883599
5886512
5886627
5887398
5890753
5891454
5894697
5897821
5898263
5902339
5911717
5915647
5917842
5927290
5937211
5937304
5938571
5942016
5942061
5944803
5949529
5952163
5953100
5955229
5960302
5961309
5961833
5965102
5967242
5970254
5970347
5971020
5971368
5977438
5985574
5989651
5997851
5998765
6011243
6012921
6016538
6019521
6025778
6025877
6027947
6033384
6038835
6048430
6049350
6054685
6062544
6068066
6076317
6081476
6081983
6088423
6090330
6108487
6111532
6114464
6118888
6120018
6122795
6125658
6130119
6133914
6135230
6136219
6137415
6138680
6140173
6149978
6151852
6153698
6157361
6157450
6157953
6178728
6190474
6191194
6217048
6217412
6220824
6223341
6228203
6231187
6233271
6251110
6256558
6267587
6267846
6273230
6276558
6284690
6289927
6289977
6290734
6294054
6294631
6299746
6299895
6303282
6306510
6307353
6307533
6308254
6315291
6321327
6321345
6322625
6323352
6324526
6325304
6328736
6332241
6335082
6349048
6356309
6366114
6370515
6372805
6373131
6374713
6376268
6378540
6378885
6381694
6381909
6386558
6388837
6391243
6394314
6394658
6405737
6407442
6411618
6413439
6416168
6419585
6420514
6420638
6422792
6425306
6426980
6431182
6434124
6434303
6435841
6439848
6440876
6447393
6451236
6454043
6456002
6457408
6463057
6465514
6489272
6494790
6504867
6510726
6512029
6516208
6519253
6524327
6526443
6527450
6528180
6530979
6534313
6537146
6543240
6547116
6553208
6568406
6583788
6584437
6592697
6604629
6623093
6623321
6627038
6628849
6630307
6630473
6634725
6640602
6650039
6650517
6653435
6657780
6667124
6668697
6670156
6670408
6670889
6680880
6686749
6701130
6707740
6708838
6723756
6730129
6733593
6735076
6740814
6743424
6746602
6750152
6754850
6754896
6757154
6759734
6760886
6760949
6762865
6768786
6772795
6777114
6777386
6782075
6783278
6786252
6788691
6807106
6808622
6817498
6826223
6827851
6832269
6833086
6839860
6858164
6863879
6873967
6886307
6890011
6890745
6890831
6895607
6898136
6905887
6909546
6911870
6930125
6933660
6935498
6935548
6937771
6944758
6945964
6948250
6949163
6951735
6952315
6952668
6965320
6966053
6969254
6972202
6980477
6983945
6988192
6988738
6996723
7003629
7006271
7012180
7013798
7019101
7020364
7029035
7029404
7039890
7049498
7055324
7055533
7060936
7062590
7064672
7066081
7068334
7073825
7087716
7099569
7109193
7111524
7122165
7139879
7144507
7148450
7149543
7150054
7166363
7167399
7171660
7177670
7183077
7185883
7187869
7190885
7195144
7198076
7214171
7214353
7225493
7231250
7233925
7234299
7254546
7258176
7260106
7261730
7264304
7265121
7265396
7267438
7272424
7277783
7280177
7287435
7288223
7292983
7310569
7316731
7316973
7321373
7321816
7324813
7327344
7339055
7341357
7349112
7361825
7361877
7364686
7365976
7367160
7373309
7378188
7379934
7381685
7385725
7395958
7402589
7405783
7406008
7407363
7407610
7408757
7411621
7413222
7415430
7418050
7420956
7426105
7431583
7438780
7453440
7457944
7459681
7462257
7464476
7466939
7473078
7474160
7474892
7475315
7484033
7486112
7509727
7513749
7513876
7513968
7514257
7516339
7520246
7536572
7538654
7541452
7544496
7552624
7562106
7567562
7571620
7579450
7585464
7587105
7591305
7594482
7599675
7602414
7603670
7604543
7607168
7607630
7614689
7618396
7619619
7630088
7630890
7631037
7636482
7641119
7641244
7641825
7648656
7649245
7659280
7665623
7672238
7674619
7677589
7685687
7690873
7692634
7699672
7709223
7714805
7721020
7721829
7743151
7744206
7746151
7747680
7749218
7753690
7762053
7763062
7769342
7769840
7780530
7792863
7797198
7799569
7802454
7803416
7815328
7819882
7820738
7826199
7831343
7837500
7838776
7841208
7843065
7847463
7849117
7852395
7854925
7854977
7856913
7857439
7858692
7858852
7862196
7868472
7882426
7883561
7883908
7885622
7893565
7896508
7897934
7898027
7900534
7922186
7929245
7930181
7930257
7930753
7932525
7935241
7935849
7938018
7938887
7938907
7952193
7952369
7952468
7954527
7956426
7958851
7971479
7973999
7974205
7975438
7975850
7976008
7978738
7980791
7987180
7990491
7992604
7994838
7995615
7996747
7997307
7997971
8003143
8008026
8010245
8011170
8012265
8021575
8027673
8031248
8031357
8035037
8036953
8039051
8043194
8046501
8049210
8051270
8052803
8056981
8061082
8061480
8068553
8071741
8073727
8076003
8078064
8084904
8085491
8086118
8097871
8099460
8103869
8104872
8107248
8110730
8121003
8121827
8127953
8131734
8132790
8143539
8150626
8153404
8163414
8163595
8163647
8175173
8177518
8181799
8193014
8193246
8193786
8206036
8206041
8209896
8219578
8227809
8228404
8229712
8230076
8230995
8233008
8233265
8242565
8248308
8250406
8253279
8257246
8258095
8259070
8259720
8263881
8278551
8289159
8293774
8295123
8300767
8302639
8303849
8312270
8320142
8323456
8326141
8330478
8332977
8334345
8336559
8341311
8341361
8349691
8355264
8355442
8356598
8361834
8363649
8364220
8366974
8367148
8369784
8372891
8375820
8375821
8376858
8378967
8388809
8396759
8403063
8404337
8404620
8409399
8410218
8411940
8421989
8422779
8427110
8429407
8430640
8431628
8434978
8436418
8437238
8443222
8445705
8450379
8453084
8459408
8461942
8466725
8473382
8474659
8478982
8480319
8482021
8485893
8488881
8491415
8500203
8503066
8521081
8525267
8528719
8533682
8544020
8552145
8557441
8559259
8572009
8575255
8580189
8580541
8584230
8588089
8596678
8596814
8601892
8601922
8603377
8606949
8609250
8612475
8613454
8613574
8614895
8624437
8625015
8628700
8632302
8634240
8645689
8651245
8653365
8654765
8655787
8657225
8660835
8666382
8669396
8670067
8675629
8678506
8687986
8688759
8690650
8692031
8694435
8701255
8702383
8705725
8710271
8714542
8714919
8715158
8717798
8717875
8720671
8721663
8725096
8727477
8730631
8731625
8741213
8759836
8762433
8765036
8776832
8781005
8782164
8782377
8782788
8783633
8789163
8793255
8793323
8793835
8793886
8794350
8794455
8796073
8797259
8802218
8803046
8808072
8809248
8831815
8834034
8841306
8844622
8848516
8855839
8869597
8875465
8879697
8887817
8888218
8899475
8901901
8909301
8909660
8928520
8930095
8930277
8930307
8931405
8933593
8935811
8938983
8940075
8940538
8946387
8947279
8949822
8952317
8953188
8954046
8958179
8966525
8967244
8969512
8973304
8979185
8979465
8986529
8991484
8999171
9007247
9015161
9018781
9018884
9020967
9021074
9021196
9023573
9024718
9024933
9025300
9025509
9028339
9029175
9035505
9037851
9049339
9055354
9060155
9060947
9064740
9072074
9073531
9082052
9087952
9093931
9104930
9109262
9113341
9115881
9116105
9121848
9123612
9123857
9131623
9131709
9132015
9133758
9142126
9148108
9149673
9152236
9157118
9157316
9161343
9163176
9164174
9167779
9169736
9170338
9173254
9173454
9175718
9176010
9177163
9185504
9186898
9189422
9190932
9195398
9200130
9203590
9208425
9208975
9210845
9228410
9232763
9259624
9260580
9264513
9278243
9279357
9282388
9297934
9305065
9309753
9310078
9313757
9326694
9328621
9329818
9331604
9336626
9337787
9339754
9340608
9341076
9351804
9353903
9355091
9363070
9363100
9370410
9377973
9390082
9390098
9390362
9393910
9396936
9405399
9405641
9408030
9411519
9414346
9414933
9415077
9418941
9419277
9422475
9428666
9430384
9434763
9439815
9444715
9453554
9475119
9476792
9476985
9477107
9491271
9498306
9501216
9503692
9505446
9509731
9513418
9518325
9519314
9524501
9530453
9537957
9538458
9543657
9551592
9558130
9558226
9558342
9560590
9561781
9568542
9578917
9582659
9583904
9583927
9590869
9597633
9598048
9603375
9608089
9608933
9609543
9610264
9610867
9614608
9617237
9617473
9618318
9623416
9623469
9632712
9635059
9636430
9639070
9644783
9645130
9652424
9652889
9661579
9663172
9665079
9669786
9673340
9676964
9678810
9689562
9695402
9696090
9698983
9707164
9710723
9710868
9711205
9718918
9722468
9723989
9727970
9730196
9734492
9738165
9742672
9742695
9743422
9754106
9754698
9767276
9775531
9783719
9787700
9791342
9794225
9797774
9799588
9804597
9812159
9814764
9815864
9819468
9822940
9829403
9833337
9836384
9842794
9844876
9851405
9855837
9857979
9859101
9863625
9866354
9883340
9891133
9892817
9898917
9901081
9905959
9906110
9908255
9909678
9910819
9911118
9912409
9919258
9928387
9931277
9935947
9944156
9955302
9960679
9965952
9968695
9969236
9969339
9971872
9974010
9982318
9995864
