4732
16385
16758
19286
19655
23093
28905
31123
42615
49007
51318
53708
57441
62666
76009
76788
83098
85156
89626
90048
92639
97692
101020
108212
113199
114287
116743
128802
130935
136610
138405
139737
142497
146046
146477
147456
148317
151327
161253
163748
178698
178982
183690
185210
186420
188321
192888
202576
208348
208662
210460
214643
235987
237066
242007
244379
246924
247237
248446
250025
253977
260817
269353
272354
275061
276243
281921
283805
288599
294822
299068
300064
301700
301823
306078
316453
317823
319801
320044
325444
326615
329915
331285
336262
343334
345462
350915
352021
355673
360440
361972
371046
382974
383898
385469
387261
388036
389046
393328
395855
400182
402247
403750
406322
407695
413110
414081
431665
440086
445680
447204
449409
450356
458535
461755
462400
463359
479325
479873
480030
484662
487182
500860
507648
522877
536394
541597
547256
547662
550398
554684
555013
555326
569810
570374
577919
584691
585438
585828
587646
593847
598400
599407
600862
603190
606180
607553
609177
617707
622015
629941
649685
656482
659712
662795
666974
678744
682500
685372
692914
693342
696775
707004
715212
717557
717600
724983
727583
733755
735266
738153
740296
741423
742666
743798
744359
744457
746108
751421
751581
753540
754079
759296
760206
763394
778464
780103
787580
788049
790243
796740
797227
797336
800460
802651
805698
806383
806476
807256
808445
831637
833191
833676
837456
838292
838303
845812
849524
851197
852403
853325
854926
858548
858818
873940
875356
880008
880673
886607
887415
890213
890540
902091
915480
926911
930560
932757
936835
937758
938209
939545
940154
941625
941789
945983
951403
955094
955274
955364
962368
966519
970780
982987
1007413
1016488
1017724
1019991
1025193
1026750
1027169
1028667
1029452
1030392
1032566
1036825
1038780
1041485
1042282
1051492
1054502
1068553
1076502
1081458
1081800
1085411
1094306
1097191
1109730
1110331
1115591
1130508
1131147
1135089
1137656
1138493
1142200
1142697
1144113
1148903
1155239
1156002
1157654
1158268
1158920
1162538
1164123
1166134
1167604
1170109
1171934
1172095
1203539
1207199
1209792
1213142
1213270
1218517
1219913
1230237
1231073
1238833
1241528
1247868
1255148
1255464
1260961
1267196
1269373
1270318
1271032
1273158
1273189
1274007
1278945
1281205
1285242
1293843
1296450
1298605
1301937
1305087
1312262
1315473
1319148
1322364
1324706
1329577
1338305
1341113
1341392
1349887
1364398
1366880
1367185
1368537
1372581
1381336
1385031
1387872
1392393
1394012
1397503
1405593
1408216
1408300
1433580
1435622
1435909
1439062
1447688
1448170
1451974
1454801
1456020
1456357
1459392
1470030
1474543
1478834
1481451
1485131
1488469
1488762
1500771
1502022
1504539
1505045
1506499
1506976
1510886
1516354
1521941
1530049
1531319
1538063
1539603
1539976
1541962
1545429
1556339
1556447
1556856
1572157
1572406
1575689
1576738
1583924
1587625
1588736
1597213
1605826
1611613
1613991
1619260
1621398
1621436
1626905
1633134
1634430
1642804
1645657
1646708
1658395
1663287
1665211
1666159
1668923
1676409
1676814
1677397
1695630
1697836
1700275
1724139
1724314
1729039
1730508
1732054
1734376
1739012
1740235
1744535
1750488
1755944
1759427
1760226
1763575
1782149
1785191
1800164
1800221
1800288
1800871
1802316
1820811
1823192
1829162
1833791
1836849
1837638
1842651
1847234
1857986
1860045
1863320
1867444
1881044
1888743
1891530
1891663
1896770
1910007
1910425
1917388
1918054
1918410
1918424
1923509
1928037
1931969
1933193
1938675
1946680
1949924
1955335
1959392
1960221
1961351
1961577
1967395
1970405
1973063
1987409
1990905
1996358
1999417
2000344
2000644
2008088
2020225
2025244
2025291
2026287
2038042
2045686
2051383
2054341
2058171
2064372
2064919
2070687
2077193
2078702
2084180
2086739
2089381
2092710
2093272
2094279
2095938
2108529
2110915
2113931
2121204
2123847
2124044
2128169
2128198
2130217
2130709
2135252
2150154
2150361
2150659
2153204
2159737
2161504
2165062
2166519
2174131
2178275
2183643
2184745
2186095
2204267
2211301
2213349
2218705
2230161
2230287
2233358
2235091
2237021
2247459
2249148
2251305
2255643
2255747
2262434
2270336
2274197
2282334
2283641
2285003
2285277
2290588
2290589
2295829
2296410
2299558
2301522
2303693
2304778
2309747
2311744
2312569
2312634
2312976
2318472
2323742
2324893
2333959
2337350
2344186
2347671
2350930
2353155
2354911
2355586
2371802
2374641
2374850
2376017
2379643
2381097
2385305
2390127
2400496
2406947
2409631
2413027
2418862
2420365
2429535
2431039
2438625
2440730
2443008
2446987
2452656
2452935
2461934
2471222
2475548
2476333
2478502
2485383
2485589
2489017
2492119
2497309
2497471
2503400
2507529
2512568
2512724
2518031
2528952
2529551
2530425
2536383
2539706
2542475
2544735
2545409
2548579
2551923
2554882
2556782
2558393
2593044
2593131
2596319
2600152
2604134
2605344
2607472
2610626
2612132
2614206
2615873
2617138
2620477
2623204
2639932
2642905
2645905
2665017
2666605
2669355
2674334
2677613
2679542
2684499
2689428
2690484
2692068
2694656
2696546
2698551
2698564
2702582
2709023
2714675
2717118
2725111
2731021
2731373
2734496
2736929
2753281
2754190
2759695
2772631
2774021
2776507
2778326
2783750
2788396
2794595
2795394
2801360
2802520
2803560
2803916
2805368
2807454
2810966
2811077
2819193
2820303
2821975
2827818
2828058
2830432
2831114
2844872
2849817
2855383
2863265
2871734
2871749
2875200
2875765
2883391
2889122
2893736
2902273
2902817
2905347
2906125
2926239
2930870
2932390
2932586
2941164
2941892
2943094
2957270
2958438
2961313
2961341
2961798
2965649
2969010
2975927
2989831
2994055
2994881
2995685
3002829
3004505
3006100
3006548
3006726
3008726
3009051
3012309
3014240
3017712
3021579
3024440
3030305
3034165
3034680
3035517
3036279
3036661
3040296
3041307
3042142
3048784
3053952
3057167
3058885
3069160
3083467
3083767
3084660
3084982
3089564
3092786
3093396
3093594
3095786
3097006
3105380
3106689
3106845
3111344
3124635
3126972
3128982
3131135
3133451
3137132
3137411
3143863
3147731
3154186
3154190
3154555
3155538
3156111
3158107
3168635
3176647
3184723
3186189
3189147
3191236
3206531
3206886
3207678
3208206
3208411
3215458
3215805
3219596
3225514
3244965
3256050
3261366
3280279
3282407
3283110
3286357
3292132
3295035
3296691
3300721
3301976
3302893
3304869
3310305
3312261
3317417
3319477
3319521
3323975
3324301
3327691
3328049
3337334
3342821
3344998
3347734
3350110
3351627
3357692
3362332
3363555
3365321
3369285
3374774
3374891
3389877
3398690
3406256
3407762
3415863
3416520
3416623
3422519
3423401
3425092
3432860
3443189
3453154
3456390
3458213
3463812
3475148
3476403
3477408
3483185
3484653
3487165
3488307
3489194
3489330
3489809
3496163
3497510
3510460
3511190
3512840
3523599
3526359
3528368
3531069
3532138
3534172
3538860
3538864
3539944
3546024
3546656
3548022
3552989
3572563
3574292
3577816
3581676
3586086
3587629
3590055
3590937
3601263
3601539
3607404
3608043
3616963
3617998
3623840
3628008
3631404
3635988
3639168
3640183
3642270
3642422
3643839
3644741
3648622
3648643
3651489
3660598
3661959
3679930
3682300
3683210
3686454
3691983
3692681
3696065
3701343
3703999
3707158
3709311
3710170
3710424
3710554
3713513
3715933
3722548
3723672
3728421
3730415
3733946
3742062
3742073
3743814
3743923
3768401
3769650
3776472
3778782
3782068
3783686
3789193
3796046
3797484
3797829
3799878
3800927
3803534
3803658
3818737
3821536
3825756
3825943
3829299
3830843
3832410
3841015
3855415
3860181
3864009
3870849
3875750
3877891
3892755
3893448
3894402
3900302
3900606
3903545
3906364
3907570
3910915
3912251
3912932
3914767
3916143
3916196
3917222
3921870
3923505
3928363
3928559
3938014
3938822
3940730
3943747
3945234
3952188
3954317
3960624
3962084
3965397
3973466
3976963
3979948
3981680
3990982
3994024
3994070
3995991
3999553
4000808
4003453
4010503
4016743
4025755
4026575
4027563
4028858
4030910
4033998
4036583
4039517
4042442
4046042
4046203
4048180
4056347
4068169
4070937
4071194
4074624
4075861
4081943
4089832
4092569
4096157
4097094
4109523
4114447
4116703
4126625
4127938
4128693
4131114
4136604
4137897
4156563
4159101
4159425
4162239
4163665
4173908
4177345
4182317
4190325
4193476
4196352
4204818
4205427
4213844
4214481
4215428
4220181
4222771
4229520
4231352
4241540
4244324
4247308
4247729
4247769
4251931
4252667
4255148
4255374
4260838
4263972
4270134
4270750
4272404
4276218
4278190
4278351
4290533
4302199
4302523
4303380
4304141
4305282
4314696
4317426
4321889
4321910
4321989
4323427
4326821
4328543
4328663
4347016
4352285
4352686
4353508
4354147
4357994
4366662
4366834
4366949
4385853
4388582
4389238
4393613
4399692
4411712
4416122
4417584
4439682
4439769
4440486
4443838
4445382
4447134
4448303
4453532
4455128
4456838
4460714
4461289
4464201
4464902
4469357
4479096
4485669
4492648
4493398
4497779
4498803
4500912
4510667
4512914
4515000
4522617
4523252
4523366
4524685
4525942
4534344
4537065
4544747
4544900
4548328
4548960
4552108
4555043
4556853
4557061
4560970
4563725
4564986
4565664
4565819
4569619
4574068
4581597
4582914
4585065
4586938
4604549
4612903
4623921
4624311
4625156
4626078
4626879
4632003
4637876
4640697
4642803
4647434
4650523
4654127
4665450
4671119
4671893
4672948
4683166
4683330
4699507
4711880
4718520
4729306
4736247
4739699
4740813
4743894
4744190
4745055
4745712
4746354
4747250
4747780
4763390
4763461
4765615
4765964
4769745
4770421
4771000
4774551
4789657
4790536
4791233
4803817
4805540
4806061
4810792
4812730
4815834
4817500
4817977
4821783
4823688
4824128
4831713
4837119
4844222
4847228
4850218
4853013
4854345
4864903
4866394
4866720
4868487
4871634
4874721
4880272
4880478
4880857
4883293
4885492
4889203
4891066
4893124
4898173
4907695
4912886
4916595
4922108
4929101
4931931
4940239
4945427
4948252
4964338
4966530
4966740
4979464
4985969
4987181
4988827
4989432
4990499
4991488
4992504
4997579
5010128
5021497
5025269
5029242
5029349
5030148
5031339
5036935
5051180
5052152
5052740
5060487
5077441
5086036
5098508
5100789
5105313
5110431
5111552
5113814
5118798
5120920
5135586
5136509
5139039
5152245
5159086
5160640
5164239
5176185
5177405
5182447
5197280
5198363
5200492
5201918
5205739
5207741
5220480
5223745
5229344
5233099
5236949
5237521
5240120
5241043
5244150
5244240
5244324
5249462
5262409
5266000
5269213
5272275
5273212
5274343
5282072
5284049
5286790
5287183
5291880
5294037
5297953
5298536
5314431
5315020
5315727
5316682
5323445
5324166
5341450
5342844
5343000
5344366
5353079
5355165
5359101
5359889
5360096
5363177
5364467
5368348
5368851
5372752
5374426
5377130
5385067
5385613
5389065
5389917
5393199
5400005
5402261
5403485
5404648
5406734
5409423
5412289
5413045
5413083
5416441
5417651
5419198
5426079
5429762
5431968
5436113
5436925
5436936
5438725
5466951
5469118
5472436
5478560
5481300
5486437
5494409
5508566
5512773
5525054
5530869
5532011
5535252
5545951
5547845
5550066
5551784
5554715
5558378
5558595
5561574
5565689
5576384
5585240
5597633
5597708
5606944
5608885
5612036
5612907
5625162
5627040
5628851
5630499
5636282
5636695
5639956
5640650
5643090
5646574
5648679
5649833
5650710
5653085
5653333
5653915
5656311
5660798
5669339
5671440
5679788
5682312
5683785
5685124
5698022
5701720
5716080
5720478
5724189
5737500
5737643
5742766
5743705
5748543
5749522
5751836
5753135
5757674
5762583
5774468
5775457
5775827
5777108
5780304
5782142
5783298
5783992
5790397
5790725
5794609
5795753
5796117
5799246
5800462
5802009
5802634
5805477
5817905
5819367
5830392
5832562
5843664
5846497
5850979
5852602
5852607
5853977
5857338
5858902
5862876
5864531
5875979
5877476
5877582
5881682
5884797
5900829
5902554
5905835
5909991
5914927
5918767
5919387
5927069
5929511
5948498
5949942
5951362
5955199
5955990
5956478
5958404
5964392
5965711
5969656
5970746
5977270
5978396
5978430
5994846
6000152
6002205
6011905
6014200
6017239
6030787
6032267
6061356
6063538
6067788
6068051
6074584
6084109
6089398
6091267
6101084
6104167
6104243
6108528
6109252
6110501
6119384
6122060
6126396
6134223
6135600
6136313
6140909
6140967
6148145
6151618
6158628
6158652
6159470
6165231
6169542
6176486
6200588
6201459
6202295
6202987
6208846
6218430
6219943
6224080
6232438
6233786
6235875
6250718
6252483
6256920
6262333
6265256
6267026
6267117
6279584
6282927
6283260
6289041
6292818
6302532
6308851
6309712
6309868
6312167
6315119
6328306
6333944
6342597
6346673
6348522
6348551
6359016
6360502
6360915
6361041
6362909
6374389
6375899
6380984
6381395
6385028
6390929
6399813
6401030
6402211
6402354
6409987
6413657
6419502
6420521
6427730
6430624
6435455
6440919
6441114
6442135
6443586
6447077
6447845
6450255
6453540
6454679
6457047
6460139
6461012
6462458
6467612
6468478
6471067
6471382
6474782
6474859
6475898
6481686
6483291
6497798
6503513
6509528
6510130
6512358
6517512
6522859
6524122
6524682
6533890
6534750
6542442
6558072
6558385
6560276
6572529
6572945
6576101
6576405
6579785
6581317
6583591
6584452
6590244
6590877
6591243
6594728
6595843
6597471
6600238
6600592
6600686
6609221
6611583
6616041
6622351
6627971
6630679
6634320
6635505
6649217
6658773
6664482
6665789
6667934
6669363
6670010
6670128
6672351
6684645
6685196
6689668
6690916
6692084
6696531
6703442
6703588
6707135
6713152
6713711
6721909
6723414
6725680
6726455
6731616
6734488
6738623
6739585
6741971
6744788
6753873
6762767
6763107
6763645
6770879
6773587
6774659
6775298
6780005
6792306
6805756
6806206
6806374
6814770
6820564
6823249
6825173
6830582
6841244
6851924
6854903
6861720
6862190
6862913
6866089
6871010
6899272
6899367
6899503
6903096
6905243
6907249
6907357
6914025
6916546
6917295
6924490
6926018
6938340
6941270
6945298
6946399
6951734
6978134
6980559
6981428
6991993
6993146
7006698
7008692
7010005
7013680
7015619
7018473
7025412
7027548
7028577
7031273
7033017
7038419
7042512
7042536
7046661
7049950
7057901
7063025
7069643
7077030
7082381
7083651
7083701
7100007
7104533
7111092
7114676
7119922
7132292
7133426
7135574
7138272
7145835
7151978
7156652
7166401
7168518
7168578
7170166
7179014
7185276
7186139
7186605
7188827
7196041
7196420
7199170
7199700
7204819
7204904
7212405
7220019
7221938
7231023
7235269
7243077
7249953
7253294
7255699
7259489
7268369
7283689
7286030
7295126
7301551
7302056
7309768
7310703
7312303
7313104
7313142
7317496
7319745
7324878
7331720
7331966
7333358
7339924
7340473
7340952
7341787
7344025
7351453
7354550
7359657
7360579
7362698
7363902
7367805
7373376
7378478
7387498
7404135
7405574
7406276
7410118
7423753
7424216
7426002
7432045
7435592
7436583
7437840
7437966
7438427
7438438
7450700
7451610
7458923
7461104
7463388
7464056
7476177
7476697
7480375
7481752
7482619
7484306
7486585
7491271
7496776
7496969
7497163
7497892
7498430
7512253
7516344
7519076
7519493
7521953
7523020
7524703
7527315
7534704
7535660
7538044
7549841
7550294
7555131
7556702
7561133
7565556
7573730
7577375
7583156
7586921
7593307
7596403
7599208
7602182
7603867
7608271
7609902
7612062
7624260
7624300
7624811
7625196
7628768
7630661
7631839
7633672
7633691
7637897
7638936
7640431
7641625
7642012
7648365
7650502
7657003
7661752
7675073
7675167
7680273
7680780
7683215
7684298
7684366
7686677
7688666
7699345
7704296
7705164
7705326
7708674
7709004
7711497
7712429
7721552
7723640
7727384
7728366
7730884
7731005
7733176
7733663
7734506
7742802
7747718
7747823
7754357
7755878
7758956
7760961
7779264
7780349
7780435
7781380
7781812
7782733
7782795
7782870
7786750
7791899
7798301
7800781
7803384
7804497
7808288
7810842
7811402
7811928
7814551
7820360
7825573
7832627
7834688
7840265
7840766
7841268
7844373
7848506
7851566
7853735
7860782
7868225
7870525
7874007
7874209
7875840
7877458
7881910
7903529
7904037
7904511
7906745
7907710
7908439
7912502
7921891
7923149
7926794
7927330
7929608
7931423
7933919
7945274
7945608
7946896
7951430
7952129
7954824
7954981
7962884
7964237
7964615
7966909
7970223
7973392
7976662
7976695
7979277
7981483
7983796
7991268
8002415
8002524
8004122
8023016
8027168
8031415
8034724
8036335
8039363
8041930
8042598
8045410
8048792
8049817
8050158
8051710
8055288
8060605
8071815
8075422
8087113
8088719
8089581
8090129
8095687
8098163
8099998
8101862
8102791
8104768
8106055
8119007
8125185
8125832
8126293
8130636
8131215
8134784
8139870
8142646
8144162
8146498
8146573
8150264
8155280
8155526
8156139
8156932
8160350
8170947
8172658
8188032
8191425
8191610
8193402
8194976
8197198
8204371
8204467
8212351
8215276
8219125
8223895
8224965
8230951
8236838
8243156
8246191
8251092
8253820
8256922
8257751
8266086
8280077
8284119
8285341
8289621
8292170
8302481
8307773
8310854
8314834
8318112
8319523
8320292
8321749
8324705
8326111
8328006
8330249
8331386
8333451
8333564
8338373
8341102
8342075
8342833
8347630
8348882
8358813
8359343
8362070
8363394
8369638
8372194
8377569
8383803
8385962
8392094
8392259
8393060
8393178
8397633
8400697
8414978
8418800
8422031
8428395
8429515
8430641
8436909
8439549
8443133
8450763
8464928
8466831
8468047
8474433
8478661
8480638
8483040
8484921
8498467
8503393
8512387
8515419
8516740
8518334
8518582
8518953
8519685
8529636
8532317
8540884
8542517
8543553
8545075
8554946
8561083
8564227
8566779
8574432
8574850
8577017
8577990
8587452
8597059
8608583
8610501
8611805
8621969
8635886
8636804
8646423
8655357
8659122
8663318
8672988
8673126
8673381
8679361
8682575
8684953
8693563
8693683
8695460
8697245
8712510
8716705
8716939
8718622
8719235
8725950
8726743
8733093
8733842
8734415
8734566
8735598
8735732
8736753
8736890
8739326
8742902
8743395
8743427
8746247
8746459
8747765
8747840
8753575
8761726
8762094
8766230
8771257
8773222
8784357
8784367
8787512
8788749
8788780
8792645
8794272
8800728
8807790
8817078
8822179
8825738
8829342
8838616
8838807
8841126
8847226
8848136
8848646
8856707
8856901
8860138
8878903
8878944
8888581
8892906
8893099
8893543
8896196
8905228
8906356
8912889
8915629
8918064
8930491
8930774
8932230
8933896
8936096
8936661
8942844
8949159
8950542
8950781
8956678
8960770
8964876
8965649
8967136
8968666
8970676
8971852
8971892
8973255
8975382
8976422
8978565
8983520
8983556
8985871
8987326
8990664
8991367
8992601
8993660
8995134
8999001
9002468
9006987
9018348
9018713
9026051
9033251
9043050
9046639
9048174
9051692
9053224
9054180
9066529
9066997
9073070
9076199
9076712
9076715
9078363
9082007
9088486
9088940
9097392
9097498
9102233
9106363
9107161
9111206
9115389
9115466
9118757
9122283
9130393
9130850
9134526
9144433
9145898
9154514
9170147
9173615
9181972
9183313
9184168
9186301
9187032
9200011
9200032
9209412
9210414
9212194
9220136
9223463
9224355
9234924
9262576
9264739
9268023
9268132
9272386
9289138
9291914
9294889
9296122
9298905
9301189
9303009
9303226
9304764
9304998
9308573
9321926
9325145
9327373
9334825
9338049
9341581
9345268
9354637
9359519
9362566
9363898
9367954
9368853
9374040
9380180
9382123
9382796
9384084
9396222
9405029
9406172
9406854
9406855
9411339
9411802
9415774
9416387
9417686
9423429
9429083
9429558
9432569
9432798
9438919
9443376
9443754
9445216
9453474
9455193
9462252
9464788
9465164
9467258
9469487
9470209
9474139
9475522
9487158
9496520
9496876
9504098
9505647
9508685
9512639
9513201
9516625
9516748
9526530
9526976
9531755
9533999
9539760
9539863
9543416
9567182
9569158
9569771
9573868
9579073
9580349
9587107
9592483
9597196
9600832
9602845
9608004
9615033
9621207
9621647
9631099
9633353
9644727
9650203
9654719
9660537
9665327
9669981
9675464
9678654
9680046
9688547
9690496
9705349
9712113
9712350
9718367
9726122
9727728
9739414
9740024
9749946
9750331
9750655
9751630
9759930
9760616
9766275
9772467
9778218
9779226
9785046
9786681
9788858
9793625
9796729
9802200
9813305
9817463
9817971
9835275
9839902
9842114
9845471
9847256
9848718
9851999
9852407
9853779
9855477
9862041
9863735
9866066
9873423
9878965
9881629
9892910
9897118
9902450
9903191
9906586
9907176
9907741
9909740
9911138
9911217
9916950
9918355
9918406
9919670
9928554
9935903
9936884
9939870
9939983
9943000
9944609
9951053
9951718
9967787
9969861
9974762
9997120
