1886
2873
7361
10363
13491
16274
16298
16814
19838
23763
28760
36532
68647
70075
72653
74931
76192
76981
84448
95090
106051
107650
127837
135353
135790
147752
150760
153995
160807
167387
169447
183455
185913
200479
200881
205358
209357
223308
230289
231869
236252
247536
264887
267672
269101
270304
273140
274211
283245
285254
286480
286633
289856
297704
311543
314832
317971
318779
322630
322877
347347
349622
370845
373012
373904
374978
395004
396941
403387
408160
417532
419360
438784
441621
446308
446688
447308
449972
459417
462269
462431
465808
468902
470027
473965
474860
481629
489156
491000
499517
500040
501897
502319
506223
512475
516869
520417
525131
525610
537834
537891
540320
542994
548236
549591
552684
556434
563065
568727
594663
599789
605111
605114
616290
640232
643251
643330
646070
646709
652957
667904
669581
670004
677722
681445
686489
693055
696310
710331
715217
715460
716735
717284
734149
737665
739451
743478
759779
768083
769642
771348
773521
795815
799614
806449
809634
812744
815724
817506
817605
821779
847018
870634
874304
893425
898399
900979
904400
926743
932740
933901
935025
948552
953755
958706
959809
969345
982617
983248
988148
994473
995846
998405
1001175
1002795
1006766
1007226
1017648
1025633
1035598
1037321
1039517
1042925
1044984
1053137
1056628
1060069
1066948
1068666
1072887
1077100
1079390
1083258
1084683
1088691
1101185
1103570
1108107
1108151
1108834
1110617
1112767
1113004
1118828
1119556
1128657
1138493
1147716
1157653
1158439
1160192
1165689
1167598
1169550
1172255
1177055
1177516
1185894
1189462
1195081
1196111
1196387
1196758
1197361
1206491
1212267
1217982
1231431
1236600
1250271
1256019
1263821
1271941
1273601
1283540
1286656
1302812
1307207
1309774
1310257
1313569
1315336
1357699
1359992
1363195
1371564
1372181
1372254
1377321
1380797
1390413
1396342
1397346
1400123
1402413
1405997
1408189
1412685
1425880
1453846
1454832
1456700
1459209
1461737
1462161
1463046
1468524
1474779
1478918
1479332
1518215
1525877
1526450
1533774
1534276
1539295
1555023
1555990
1559470
1559655
1560721
1567453
1580915
1587973
1598767
1606652
1614798
1619845
1626165
1629533
1634505
1638662
1656191
1668928
1676395
1680524
1686764
1688698
1692284
1701148
1714655
1715657
1722622
1726112
1737788
1741854
1742058
1756503
1759610
1763747
1764517
1771911
1779171
1786658
1793920
1800373
1811650
1827505
1846056
1847734
1851601
1854656
1861548
1864998
1869381
1869423
1877595
1903622
1908395
1908447
1910166
1915883
1925507
1931410
1937343
1938971
1947789
1950520
1953401
1954243
1954422
1954914
1963765
1964121
1974246
1982076
1992690
2002448
2011107
2014582
2016295
2019526
2020218
2023033
2033613
2037772
2044515
2058572
2058743
2059054
2064591
2072689
2073842
2084911
2099184
2099375
2107229
2109032
2113786
2118412
2127089
2129731
2135366
2137557
2139261
2140656
2144070
2161660
2171901
2175488
2176465
2180279
2185572
2190651
2190902
2201975
2203020
2206633
2225066
2228567
2231909
2238914
2244587
2246535
2254145
2257288
2269893
2275741
2277962
2289038
2292614
2292762
2304452
2310054
2314948
2318178
2319543
2319614
2331146
2340836
2342680
2346633
2354386
2354418
2356251
2363171
2369301
2375682
2376133
2380118
2386957
2390118
2401030
2412945
2420191
2425324
2425591
2429109
2433075
2433555
2436802
2444045
2450399
2460314
2462312
2462995
2470461
2473243
2476312
2476558
2478935
2491634
2494141
2497980
2502622
2507545
2517187
2517588
2518104
2521489
2523669
2533196
2535118
2543556
2567317
2584498
2596506
2600765
2601433
2610154
2618102
2627980
2636029
2638851
2640108
2649857
2658834
2663175
2666088
2672363
2692590
2704006
2705118
2707899
2707933
2709497
2719238
2720573
2724801
2726238
2735798
2735923
2739387
2749688
2751910
2765954
2771536
2778990
2781537
2788262
2788820
2794577
2795017
2799770
2799886
2811381
2814591
2817041
2818014
2826597
2827262
2833422
2836348
2842837
2845356
2858249
2866918
2873247
2874232
2877802
2878204
2901196
2902408
2903843
2917574
2920058
2927485
2929959
2931280
2936160
2952968
2953931
2955969
2967977
2970779
2975089
2975973
2979621
2984139
2985066
2994785
3027052
3029665
3035752
3043271
3053121
3053577
3060187
3078554
3080625
3083277
3103393
3107453
3112492
3115654
3118859
3119001
3120817
3123654
3126337
3145237
3148183
3152925
3169340
3173072
3179264
3182833
3193666
3198707
3203510
3203620
3210714
3211118
3218268
3231993
3235432
3237408
3240558
3246239
3252881
3258131
3262741
3273694
3276612
3279922
3284434
3285819
3287540
3295370
3298193
3304529
3322029
3326145
3329665
3330719
3343774
3345864
3348959
3352000
3359703
3365707
3369534
3371717
3372961
3389116
3389190
3399693
3405858
3413548
3415024
3415600
3417684
3423389
3438498
3452889
3454766
3455107
3458675
3462877
3470946
3482987
3483422
3490046
3500075
3502806
3510076
3515723
3530056
3540905
3548131
3549170
3572006
3572612
3575039
3576508
3580626
3586390
3590694
3592987
3593078
3604407
3632009
3633915
3642216
3657810
3658845
3661654
3669184
3673570
3676971
3682492
3683489
3684922
3688199
3689816
3694162
3698310
3700013
3714305
3723323
3728929
3729956
3739573
3743114
3751589
3758740
3758908
3762891
3763947
3771073
3771136
3787704
3802433
3803678
3816995
3825173
3829087
3831331
3837366
3838010
3838429
3847100
3850687
3866097
3870446
3885297
3889422
3889438
3890585
3893413
3896382
3907205
3915964
3919285
3926030
3926489
3928943
3937076
3937792
3939756
3940482
3940569
3946632
3968489
3970540
3973476
3979131
3980335
3984535
4001567
4001644
4011481
4014213
4018523
4021930
4028938
4042097
4042924
4045705
4046209
4047883
4071882
4073036
4074928
4076208
4083669
4085045
4094844
4108922
4118391
4119752
4122832
4129441
4129682
4131872
4143564
4172339
4179878
4195271
4195974
4206526
4212184
4214769
4217448
4218115
4231998
4233369
4251066
4259560
4267909
4271772
4283959
4296675
4298103
4305995
4308041
4311902
4316962
4335487
4345311
4354093
4358515
4359478
4362675
4378306
4379715
4388034
4400816
4402409
4409522
4415711
4418180
4443475
4449336
4450995
4463438
4465310
4471966
4473008
4495738
4498944
4508927
4511712
4514466
4519086
4528576
4536647
4541806
4556532
4562179
4562359
4562858
4565677
4566015
4568435
4581380
4587963
4590336
4600491
4601178
4601513
4612685
4613490
4616563
4621040
4625881
4640191
4646532
4650840
4655221
4660531
4669085
4669479
4674567
4685292
4688699
4688940
4693475
4693829
4705462
4710284
4720000
4723146
4723424
4728246
4730223
4732663
4735406
4745851
4767682
4774768
4776189
4777706
4788971
4806815
4806968
4809725
4813600
4823652
4842329
4852350
4860425
4862763
4862799
4877643
4878573
4885478
4888650
4891881
4895988
4900357
4912879
4919159
4923418
4924951
4934652
4934757
4951800
4952236
4957012
4958237
4959811
4965622
4985740
4988053
4996861
4999166
5000054
5005309
5016450
5024018
5025789
5032256
5037734
5037932
5051088
5062729
5064305
5064804
5066488
5076010
5088454
5093787
5094719
5113443
5115229
5116076
5117343
5124802
5131220
5134191
5140389
5143429
5150178
5150715
5151903
5160240
5164168
5174697
5184568
5185529
5190996
5198822
5203114
5209074
5214762
5217490
5220971
5221631
5222175
5232560
5238957
5245310
5255639
5255955
5256442
5256453
5259627
5260654
5284555
5289983
5295173
5295294
5301138
5315497
5319491
5321904
5324580
5324937
5329151
5333260
5340595
5351007
5353129
5357192
5360043
5373733
5378219
5383340
5385720
5389613
5391427
5400917
5403455
5409600
5412669
5421429
5432874
5446319
5450275
5451161
5453478
5454195
5460171
5472539
5478222
5480583
5486459
5498165
5499268
5505868
5508032
5512793
5513058
5528375
5532064
5533808
5539022
5543292
5543509
5561288
5573822
5574866
5583439
5587534
5594649
5607269
5613697
5621713
5638900
5639633
5643152
5647534
5655463
5656085
5658626
5660000
5664896
5668729
5671848
5677871
5690201
5693254
5696591
5701080
5716459
5721544
5721668
5725210
5728822
5744032
5767780
5775783
5788760
5790405
5796546
5805528
5810720
5826271
5844520
5854491
5856123
5857360
5858788
5863795
5871182
5880177
5881942
5883974
5887062
5889660
5896482
5897544
5901149
5904195
5910166
5911834
5919209
5920703
5920973
5921994
5925592
5932296
5941852
5942673
5951100
5963880
5964876
5969468
5981060
5983199
5983929
5998026
5998322
5998359
6004174
6014509
6014521
6025157
6026904
6028755
6029636
6035999
6036189
6044427
6045706
6046476
6050121
6064015
6064134
6065271
6071796
6072203
6072818
6083163
6093237
6102473
6105793
6106377
6107796
6117314
6117566
6128097
6131003
6133899
6141504
6146005
6150317
6155634
6160149
6160862
6161473
6164947
6166398
6168677
6175942
6183394
6185437
6190204
6203550
6207763
6209311
6216094
6231999
6237455
6243779
6246138
6253055
6256052
6263442
6266102
6266167
6274972
6289666
6290465
6290722
6291835
6312017
6332332
6337983
6361350
6364565
6365676
6369504
6376369
6382449
6426953
6435371
6439370
6444747
6464821
6472514
6483310
6486477
6488023
6495798
6498907
6502187
6504084
6513156
6518273
6525900
6538733
6540687
6558230
6575570
6582928
6585849
6590621
6612575
6613305
6649120
6653665
6654233
6668189
6679780
6686601
6690760
6694625
6694862
6707583
6707821
6710136
6712472
6713169
6716711
6734427
6753442
6764798
6771336
6774663
6781650
6786553
6787710
6790652
6796354
6798707
6805782
6812070
6813447
6815406
6832543
6837011
6839285
6841524
6841636
6848697
6851221
6852310
6852825
6853850
6856180
6858925
6863650
6869645
6879121
6894264
6904633
6914460
6916769
6918859
6936956
6938378
6940486
6945958
6948311
6954445
6956833
6957618
6958557
6972226
6976080
6985537
7002356
7002378
7003112
7005671
7015320
7015939
7025544
7025940
7029232
7030486
7037520
7039158
7058513
7060607
7076531
7084612
7091324
7113701
7114282
7121918
7126185
7130409
7130576
7138551
7138879
7163848
7163995
7165006
7171637
7175076
7175586
7179132
7184137
7188657
7188924
7189936
7202099
7203314
7214587
7233828
7237680
7248327
7251433
7252248
7258949
7265574
7274377
7282669
7285422
7286387
7297947
7300719
7300842
7323842
7330528
7335901
7337059
7338141
7339560
7343257
7345067
7348463
7349703
7352625
7357133
7363963
7373722
7374125
7376411
7380095
7388865
7392795
7405538
7411983
7413172
7419713
7423805
7446675
7456431
7457948
7468169
7471299
7471868
7472061
7472701
7484568
7497392
7507096
7523063
7531732
7535191
7540167
7542208
7543123
7544052
7547753
7552324
7553444
7556776
7559512
7562843
7565608
7576717
7588834
7592521
7597758
7599672
7600327
7606734
7629079
7631387
7635617
7637556
7640116
7655563
7668249
7674736
7675600
7685999
7688973
7689980
7710588
7715760
7721496
7733654
7736264
7742297
7746323
7748423
7760618
7763433
7764494
7779947
7787078
7790228
7804515
7811323
7816520
7822664
7826348
7836034
7845148
7846847
7849514
7851403
7860529
7861198
7864327
7865380
7867519
7878936
7886570
7906345
7908325
7912827
7914397
7935297
7936282
7937625
7941075
7944017
7948937
7952468
7952608
7955584
7958223
7971974
7979323
7980701
7992472
7995264
8020431
8029681
8032775
8040339
8041784
8045473
8052200
8057133
8062517
8064852
8096286
8100495
8101576
8105096
8121584
8126322
8128768
8134132
8134497
8134782
8136826
8145876
8147226
8147870
8151097
8161601
8163421
8168086
8180348
8180399
8192093
8192738
8193834
8195202
8196924
8199898
8203670
8203771
8210708
8217698
8222399
8227447
8234686
8240922
8247460
8251704
8252771
8253422
8258899
8270439
8275182
8279777
8282686
8285274
8314976
8315805
8323873
8323887
8326011
8327249
8331821
8346461
8352186
8354852
8362517
8364373
8368505
8372109
8373323
8383154
8390150
8390239
8407838
8407843
8408832
8409723
8415297
8415964
8418208
8424699
8425177
8431617
8434315
8447680
8449368
8449521
8450477
8466415
8473494
8492052
8495279
8498279
8539772
8542075
8552319
8557015
8559983
8564431
8566246
8567131
8569159
8570047
8570441
8594694
8609643
8619234
8621519
8622151
8624967
8650078
8657881
8676539
8679207
8686656
8693096
8698234
8713008
8719659
8722926
8725020
8729574
8743008
8767234
8773547
8779318
8784432
8793270
8798679
8805323
8806553
8810793
8825039
8825948
8831830
8837542
8840106
8852344
8874990
8879417
8887850
8896388
8902053
8904474
8910042
8910187
8924208
8935420
8940508
8953604
8963305
8967209
8980856
8989118
8998348
9005677
9017513
9019364
9021814
9040960
9050216
9055108
9061856
9065755
9067542
9071140
9073333
9076117
9083947
9084620
9090837
9092496
9094214
9122532
9123801
9134027
9140592
9151315
9152590
9157897
9159901
9178517
9187823
9192968
9204317
9207427
9220650
9229035
9230802
9235462
9237767
9245147
9251315
9262362
9265607
9269573
9275507
9279808
9282174
9283584
9289265
9294315
9314674
9325323
9330252
9330328
9332846
9336057
9365733
9366392
9388840
9390483
9392484
9421505
9424893
9438735
9440720
9448409
9449887
9451358
9454304
9458024
9461879
9475610
9476289
9486170
9487567
9490319
9491227
9507151
9510226
9513425
9520736
9528033
9530680
9548349
9567294
9583777
9589895
9591291
9592657
9598170
9617274
9624454
9626611
9628713
9635453
9640651
9649884
9650439
9661411
9671202
9671343
9671718
9674658
9710195
9710199
9712213
9720444
9722280
9725566
9728689
9731745
9757273
9758087
9759330
9777942
9782144
9782282
9783871
9787393
9793323
9794612
9800186
9803697
9825119
9825537
9834216
9839189
9843723
9845318
9846685
9853873
9872400
9887868
9892108
9897811
9898977
9902916
9909033
9915455
9935336
9936232
9942004
9945073
9947653
9949688
9954796
9961090
9961115
9961966
9963825
9965849
