1276
10272
14622
16822
18487
23262
26842
31200
31966
32810
39854
41451
47645
50368
52153
52175
53306
53943
56725
66306
67922
79714
81487
95817
97385
102404
104236
108335
112415
113425
116637
118358
120721
125331
125866
125879
132749
142794
143963
148124
150103
150807
151494
160631
168451
173488
177020
189179
198404
199382
200816
202501
204390
204531
207009
214223
216912
220350
225387
232215
232410
234906
240520
242056
247113
249335
249826
251085
286676
290417
291475
295076
296746
299066
299912
309045
309899
311871
320366
322586
328514
331226
334587
344257
360397
361077
371783
383920
387112
389322
389458
390391
391363
397295
401128
401256
401747
406155
437593
438669
446396
447109
454822
455570
456005
457844
458181
468985
472331
475888
478524
478928
479351
483497
485279
485921
486032
486138
486903
489276
490896
493386
496712
497144
498824
500962
504687
505685
508125
509750
510998
511312
511833
513254
513467
518137
526282
526698
527815
540860
548073
554516
565403
568258
579864
581718
582869
587850
591453
591550
593478
598166
598693
602588
609372
609816
619957
622199
643379
653447
656967
666369
670790
672416
673882
673964
674954
674995
676817
688852
688906
690206
695744
696213
704914
707174
716950
718747
719987
723221
726225
726389
734983
746201
747095
748324
750226
754337
757211
777563
781340
782760
782766
783470
784762
784786
788938
789082
790831
790959
791488
791805
799784
801058
806985
811748
819672
820839
826842
827894
830733
831332
833179
837342
842189
844226
844732
849523
852858
853517
857768
858668
860769
861499
870059
871991
872128
875344
877119
879060
883806
885566
890849
892321
900499
906941
912527
924961
931570
937728
937787
937928
938522
940379
942719
944509
947139
954984
959049
965984
967913
972646
972651
973448
980510
984359
985345
987282
994726
1009454
1009922
1012995
1013498
1018569
1024802
1035446
1035836
1039102
1041150
1041520
1042148
1050651
1052717
1054324
1054389
1057682
1058726
1059488
1072195
1077239
1078268
1079618
1081486
1107666
1112583
1116644
1123744
1126912
1129012
1129264
1136009
1143502
1143565
1148313
1148498
1154096
1154145
1154392
1154819
1155209
1159497
1160735
1161888
1178391
1178854
1184388
1185634
1186069
1189166
1199861
1200161
1200933
1207977
1209803
1213760
1214062
1220916
1222379
1224823
1235473
1238050
1239467
1239528
1248824
1257641
1266366
1271304
1277468
1277880
1277973
1278131
1281002
1281705
1289737
1293175
1297668
1308885
1310187
1313644
1319819
1323259
1323998
1331400
1333349
1341213
1346131
1346771
1347530
1350704
1351968
1353041
1356565
1359682
1361529
1376355
1377972
1379339
1391169
1393219
1396501
1396525
1406724
1418680
1419473
1420575
1434116
1438414
1439429
1442267
1444066
1450169
1454956
1455212
1455567
1456751
1458795
1463254
1463848
1466645
1474509
1480356
1482790
1489355
1489421
1493401
1496303
1497384
1502096
1502813
1508998
1514610
1524778
1525644
1529141
1534183
1536026
1536456
1538354
1538586
1539594
1542684
1547200
1566369
1568923
1569283
1570019
1573140
1576782
1579066
1582396
1596786
1605339
1608103
1616228
1616655
1621282
1633094
1634357
1637003
1639744
1639873
1644752
1645194
1648348
1649509
1651131
1652910
1657910
1658737
1661790
1676033
1681113
1681188
1687871
1689669
1701051
1701778
1704661
1707164
1707341
1712466
1713259
1720939
1723070
1729263
1732675
1740486
1742304
1742406
1744671
1753831
1758549
1761079
1768937
1772853
1774192
1783793
1784081
1787613
1787884
1788778
1792831
1794265
1795335
1796039
1799256
1799868
1807141
1812379
1812397
1815989
1818465
1818704
1820923
1824173
1826966
1829942
1832524
1836164
1845448
1855054
1856943
1870139
1874721
1879169
1879892
1884106
1885820
1889933
1897656
1901905
1904958
1908106
1908616
1909510
1924483
1925465
1929365
1933372
1936029
1938545
1941888
1944858
1949559
1960747
1961593
1966441
1972396
1975704
1978596
1981837
1994103
1998154
2002052
2008927
2014801
2019177
2019864
2020802
2023538
2026358
2030489
2031137
2033554
2036850
2037699
2055964
2062010
2064570
2070160
2070264
2070996
2073390
2074351
2082534
2083331
2083669
2102973
2104371
2108712
2110985
2111061
2114507
2115478
2116020
2117117
2117211
2121068
2121740
2127258
2128463
2128721
2133712
2133800
2135479
2135977
2147897
2148241
2148399
2149556
2150259
2150409
2159135
2163474
2163822
2177242
2180111
2195046
2196630
2214640
2215306
2216057
2217447
2224943
2229144
2229865
2235483
2235874
2240900
2241978
2244548
2246292
2251708
2262223
2262639
2263506
2263963
2268684
2268976
2269946
2272394
2285656
2289353
2290189
2291991
2292271
2294936
2295578
2296228
2300459
2302791
2306785
2311674
2312291
2313383
2314005
2314676
2321033
2328136
2334561
2336763
2340076
2343167
2344993
2347423
2352004
2354002
2355676
2358421
2360694
2363130
2365792
2366764
2373000
2374073
2375685
2378237
2380174
2384285
2398995
2400213
2405700
2405843
2409227
2410363
2417091
2420077
2421682
2424465
2427722
2435248
2439893
2440618
2440925
2441950
2443391
2447471
2448573
2451623
2458926
2464382
2468068
2469009
2469172
2471747
2473071
2475265
2478347
2486906
2487123
2489411
2492458
2493030
2498431
2502671
2510751
2519347
2522709
2523981
2526450
2526480
2532082
2534074
2540283
2545303
2546130
2548606
2555621
2560806
2565139
2566597
2572750
2574920
2582747
2586914
2593283
2598803
2609240
2615540
2638736
2639244
2641183
2649567
2650443
2655021
2655979
2659207
2663560
2666423
2670436
2676851
2683725
2684339
2684935
2689765
2690038
2698129
2702370
2702443
2707554
2711234
2717074
2717639
2719426
2720332
2722096
2726842
2728338
2731314
2735579
2740266
2748980
2752193
2752638
2755899
2759907
2765226
2771469
2776705
2777315
2786109
2790331
2791285
2792470
2795845
2798540
2801820
2802922
2807998
2818976
2819425
2820838
2822158
2830673
2842151
2847674
2852139
2856818
2863055
2864053
2864766
2869689
2874199
2874714
2875393
2875640
2881685
2892209
2903066
2903075
2905031
2905141
2909886
2917913
2920865
2922973
2924508
2929572
2932755
2935543
2941662
2951544
2955343
2955349
2962053
2962253
2966269
2972593
2973612
2975230
2976707
2978654
2979687
2980758
2988099
2990236
2992291
2993322
2994953
3001163
3002589
3015070
3017158
3017482
3020175
3026822
3026890
3030959
3035010
3037482
3047842
3056713
3058300
3063928
3066456
3074673
3074929
3075616
3081130
3089426
3091942
3094455
3098305
3103131
3103660
3104245
3112060
3117598
3120174
3129516
3134857
3136958
3138798
3142877
3147720
3158248
3163445
3167197
3178296
3182154
3183731
3186789
3189330
3196262
3202613
3204566
3217627
3222170
3222503
3235322
3238951
3239458
3240618
3253765
3262494
3263176
3264047
3267790
3279004
3285053
3286674
3291459
3292189
3297920
3303186
3303490
3304400
3308401
3327869
3328494
3330880
3334330
3339748
3343918
3348918
3352033
3361808
3365956
3366891
3372649
3381875
3390999
3392190
3392280
3412989
3418195
3422108
3426622
3429014
3435468
3435803
3437164
3437826
3438700
3458076
3461327
3463379
3470411
3471054
3478144
3488925
3490050
3491589
3492570
3493346
3497322
3498323
3502725
3512072
3514042
3519672
3520828
3524121
3524347
3531153
3538470
3542419
3542965
3546095
3550453
3555221
3562401
3562516
3567795
3572245
3576729
3577649
3581140
3582610
3584891
3587002
3597033
3604178
3613882
3614885
3615500
3615856
3619299
3623747
3624152
3624219
3625547
3643357
3645137
3645427
3649009
3655836
3659197
3659449
3665913
3666524
3671202
3671422
3673640
3676786
3677228
3682348
3687721
3690524
3692812
3698449
3699470
3701053
3703623
3707018
3709960
3711839
3714169
3714279
3715134
3720750
3723617
3724037
3738519
3739674
3740597
3742217
3745585
3747355
3749406
3749987
3750797
3751578
3755598
3759569
3765689
3768143
3774782
3787733
3795424
3797960
3800912
3801611
3803098
3804656
3806036
3807331
3816238
3817452
3820707
3827724
3835828
3841802
3843802
3844405
3857341
3865419
3876918
3880019
3888162
3888208
3889436
3899689
3900831
3904569
3908472
3911061
3911485
3914803
3919018
3920956
3922498
3923716
3929378
3941899
3946413
3946939
3965578
3966526
3970546
3978431
4007291
4013754
4014058
4017505
4018019
4027660
4028335
4031402
4034909
4035458
4036561
4038811
4040260
4044931
4048621
4049632
4051287
4053312
4056453
4058532
4059450
4076864
4078630
4083313
4083899
4084042
4085645
4090406
4091962
4095657
4113253
4117253
4118036
4121289
4122728
4123745
4128289
4131204
4133234
4134857
4156580
4159846
4160158
4160401
4175200
4176046
4181955
4185727
4189262
4196055
4196123
4196273
4197692
4200441
4201658
4215585
4220894
4222430
4227633
4229236
4243941
4248668
4250813
4252671
4254579
4254673
4254733
4270067
4279861
4281671
4284071
4288383
4291416
4291609
4304257
4305524
4312001
4316185
4322453
4328178
4343991
4345918
4347296
4351001
4351665
4352391
4356016
4362759
4370593
4378443
4381303
4404710
4405943
4406115
4407235
4415093
4427277
4427865
4433763
4445977
4447189
4447712
4452114
4457034
4457541
4469713
4471600
4471885
4473027
4479242
4482971
4483786
4485454
4486480
4489329
4491439
4496519
4503904
4505035
4507980
4512169
4513998
4518483
4523118
4525320
4526905
4528142
4535660
4547507
4554068
4554221
4560829
4562955
4570851
4573481
4581219
4587729
4587823
4591131
4595105
4601648
4614990
4623431
4624360
4629079
4631319
4638119
4641915
4644369
4656978
4661859
4663974
4664267
4670300
4671744
4672647
4672993
4673182
4676092
4684014
4685273
4686708
4690195
4694499
4701632
4707664
4712673
4716802
4718671
4728834
4733763
4739781
4745151
4751545
4753077
4754431
4755046
4757022
4758063
4759883
4766968
4769358
4769582
4782862
4783784
4785206
4786559
4787297
4790174
4804220
4806143
4806173
4811107
4814175
4814801
4821807
4825624
4826459
4827852
4832146
4833569
4835114
4837011
4839523
4849739
4849850
4853397
4856014
4861300
4861306
4862815
4868233
4871138
4872509
4873403
4881409
4883093
4886946
4888613
4889355
4889515
4891014
4892304
4897092
4897556
4898241
4899099
4902221
4907988
4910668
4920619
4929238
4937144
4938690
4943608
4947024
4950070
4956408
4956581
4958895
4975658
4976224
4976323
4979015
4979342
4980771
4983572
4988013
4995845
4998798
4999220
4999737
4999771
5004171
5005601
5009706
5016611
5018046
5022043
5026817
5033828
5034833
5039379
5040341
5041444
5054392
5058991
5060846
5065688
5065764
5067325
5069861
5070635
5070775
5082143
5086110
5086270
5088922
5095216
5096232
5102927
5105442
5105559
5112220
5113022
5122149
5127128
5127188
5129837
5133920
5138846
5140420
5147683
5156810
5159474
5164476
5167461
5167744
5173960
5181353
5181725
5189408
5190799
5191318
5195816
5203616
5206218
5211132
5223895
5227186
5233198
5233805
5239547
5244302
5249340
5251189
5251212
5251604
5259288
5260932
5270834
5272156
5272305
5273610
5275690
5279460
5294727
5295469
5296184
5301801
5308344
5312981
5314664
5321747
5322593
5332028
5333008
5333671
5337647
5340476
5342814
5342819
5343674
5351486
5351629
5352963
5360302
5364404
5370727
5372557
5373998
5374379
5377848
5380875
5382485
5392224
5392652
5395251
5399472
5403005
5416868
5420411
5422534
5445469
5449137
5449516
5450129
5452235
5466063
5470646
5474680
5475044
5478880
5480849
5487753
5489856
5493911
5496144
5499099
5500587
5503102
5508008
5520873
5521704
5522695
5524261
5527448
5528012
5533999
5537926
5540513
5545126
5547006
5564473
5573695
5574208
5576630
5582837
5584139
5587580
5591112
5591302
5592552
5597446
5601932
5603831
5604633
5606983
5617219
5618178
5620747
5621636
5626104
5629634
5638892
5641713
5650111
5653398
5653863
5669132
5673034
5682062
5682727
5684308
5685674
5686588
5688570
5688880
5692870
5692890
5694419
5698637
5699167
5701554
5716080
5719845
5729195
5729863
5736267
5759464
5767783
5767930
5775728
5784781
5784833
5793440
5798983
5799611
5799700
5803892
5808184
5809778
5809972
5810700
5813810
5824669
5829533
5831095
5839033
5843608
5851385
5859317
5859956
5868514
5869255
5874301
5875932
5884330
5886384
5888617
5891203
5897100
5897819
5898008
5900390
5901577
5907702
5907731
5908705
5931453
5932741
5937247
5938289
5939222
5944724
5948834
5965550
5971069
5971730
5971938
5973514
5973660
5990226
5995614
5996207
6002400
6008794
6009772
6014250
6020443
6030392
6030995
6039412
6042025
6043887
6048902
6061947
6064454
6064906
6073889
6076590
6081602
6081761
6096997
6099868
6104250
6111571
6122799
6122850
6124616
6127048
6131365
6132575
6136188
6138801
6138838
6142792
6143665
6147645
6151122
6152832
6154306
6162655
6172331
6173246
6173749
6179359
6183476
6184366
6185741
6186911
6190396
6191864
6196312
6199789
6204926
6205434
6206352
6208673
6218557
6219451
6221136
6222788
6225578
6226973
6229889
6233012
6238338
6240782
6245928
6249576
6253578
6253680
6254027
6258605
6265199
6265718
6278951
6281770
6281960
6289371
6294422
6294521
6294832
6296273
6299721
6301164
6305298
6305795
6307134
6312701
6313033
6315196
6319086
6320648
6323768
6324102
6325179
6330259
6330321
6331187
6336040
6336642
6345305
6346338
6348636
6355188
6358807
6366921
6372704
6390628
6392376
6393414
6400151
6406161
6426301
6427855
6428451
6431683
6438888
6446930
6460911
6462015
6462940
6463386
6465692
6467223
6470127
6478995
6487907
6490102
6506514
6525064
6528841
6531359
6533153
6534887
6543231
6547529
6549541
6550762
6552170
6553836
6556014
6561694
6564602
6564618
6565128
6573581
6574524
6577904
6582893
6588429
6590188
6593362
6594014
6601800
6613285
6628481
6642730
6658173
6662823
6663249
6669935
6675073
6689338
6689372
6689377
6696566
6698981
6699674
6704701
6717856
6719994
6721034
6724532
6732965
6736630
6740764
6744082
6749672
6750246
6760657
6764822
6768581
6770273
6772454
6775613
6776776
6789259
6799658
6802787
6804284
6806495
6809327
6809703
6811657
6812931
6821264
6825455
6828574
6830094
6830809
6834906
6835235
6836238
6836371
6837843
6838027
6838112
6841501
6841762
6843392
6845043
6851057
6852193
6855017
6859983
6863701
6871833
6881243
6883447
6885491
6887576
6896233
6905509
6911199
6913811
6914315
6919317
6927090
6928736
6932185
6937949
6942510
6946304
6949391
6949712
6954575
6960097
6963648
6967136
6972889
6975773
6979441
6988874
6990266
7000587
7003746
7007515
7010939
7010971
7016615
7017235
7019517
7023399
7024069
7028685
7033543
7035593
7041166
7044097
7044878
7050393
7051551
7053083
7053903
7062729
7063011
7066442
7069386
7075502
7075587
7086082
7099556
7107350
7119329
7123781
7124609
7125771
7130423
7132825
7135642
7135885
7157023
7159832
7160122
7169763
7178025
7180907
7186770
7194880
7195130
7196607
7197984
7198383
7199556
7200373
7201201
7210993
7213505
7216262
7221120
7222442
7223507
7228691
7229726
7233529
7239771
7242611
7256535
7258525
7274446
7283438
7286757
7288943
7296516
7298716
7301845
7306127
7309494
7313314
7315813
7323617
7331754
7331798
7340104
7340782
7343312
7343603
7345685
7357784
7357800
7363502
7363905
7364428
7367599
7367809
7371490
7372114
7374864
7379570
7383427
7386187
7388776
7393679
7400337
7402726
7403676
7406488
7407742
7413076
7425519
7425989
7426192
7426519
7428042
7428721
7429328
7429775
7432079
7432829
7437943
7440931
7441041
7448315
7452983
7455335
7464098
7470537
7486549
7488405
7491288
7491361
7492968
7493499
7495472
7511709
7516234
7522376
7522742
7522785
7539352
7540104
7545200
7546519
7546915
7549803
7550078
7559869
7563048
7567477
7570311
7571269
7577713
7581393
7591462
7592466
7600702
7602206
7602629
7617157
7623098
7624571
7629632
7633294
7635824
7636120
7636600
7641881
7642297
7646418
7647794
7651706
7652543
7653772
7656600
7657749
7664894
7668060
7672753
7673396
7689491
7696521
7698309
7698817
7705760
7709805
7710904
7711737
7715587
7716584
7718838
7724616
7727212
7731734
7733886
7738547
7744958
7746272
7747627
7750876
7754580
7755596
7756577
7757099
7763921
7765301
7765774
7768562
7773817
7775980
7778216
7781537
7783192
7787421
7802567
7806062
7813342
7818073
7818492
7825847
7829228
7835282
7838854
7847389
7859705
7860289
7861378
7861900
7862027
7863979
7865927
7869846
7871918
7874983
7875510
7877606
7880613
7881846
7888062
7889114
7893299
7894232
7895935
7904069
7904806
7914154
7919848
7924631
7925691
7946968
7956377
7969852
7976284
7982855
7989520
7998639
8004769
8013766
8015582
8023300
8023595
8024122
8025120
8025997
8026210
8027617
8028431
8032199
8034726
8039624
8050695
8055550
8059688
8061206
8062194
8070936
8071432
8071761
8073411
8085681
8089566
8092035
8093282
8093990
8099620
8111541
8115162
8115301
8117322
8120707
8126824
8126899
8133122
8149524
8150188
8152241
8153176
8161766
8173797
8175451
8177569
8183765
8193559
8198209
8199831
8200900
8202198
8204260
8205434
8209867
8210921
8213592
8225049
8228541
8232653
8236896
8248056
8251334
8257835
8263699
8269063
8271419
8277041
8281236
8285769
8303496
8310589
8313508
8316677
8320279
8321278
8332316
8343944
8344807
8348334
8351849
8359925
8363607
8364567
8364588
8368868
8380131
8384186
8390283
8391332
8395258
8403138
8404322
8405380
8411250
8413403
8415513
8417700
8433511
8434844
8441170
8446050
8446383
8450819
8454602
8458228
8458333
8463939
8466170
8468331
8468580
8477513
8482038
8484018
8489304
8489381
8494462
8506993
8507434
8512932
8519332
8521134
8526151
8531840
8537278
8543318
8545868
8548954
8549691
8550181
8550431
8551475
8552977
8553727
8563821
8580430
8586124
8590802
8608018
8611930
8613536
8622063
8622840
8623139
8627664
8628287
8631236
8632573
8634120
8635053
8651585
8659450
8660330
8661374
8664598
8666022
8668171
8669946
8673459
8676216
8676636
8687951
8688273
8691814
8692318
8696997
8707586
8717445
8717979
8724749
8727487
8729357
8730030
8731909
8733209
8738975
8750839
8751574
8756657
8758555
8762064
8766400
8766830
8768836
8769250
8778204
8779530
8787041
8788975
8791167
8794759
8800456
8803462
8806639
8809522
8817027
8817315
8829413
8831635
8831638
8837843
8839741
8841789
8858760
8859547
8862148
8866118
8867959
8871368
8874053
8875616
8875776
8887228
8891115
8894954
8895048
8899830
8917085
8927766
8935980
8936908
8937775
8937867
8940471
8941286
8949851
8958568
8964176
8964283
8990648
8991539
9004303
9012975
9012995
9015295
9020233
9023650
9027071
9027258
9030816
9040257
9040667
9044332
9060452
9066464
9067346
9080246
9082808
9086778
9086821
9088710
9092319
9097759
9097761
9099827
9101803
9104259
9105802
9109486
9112493
9117172
9120122
9124229
9128606
9131192
9132153
9137382
9142733
9145069
9152568
9154803
9159450
9161141
9164360
9167751
9171547
9181362
9182187
9185241
9188227
9189273
9190216
9191094
9197963
9200777
9202900
9203216
9205809
9210682
9212852
9213266
9216481
9226519
9237008
9238143
9240264
9245805
9248748
9260206
9264528
9273708
9275707
9277314
9280217
9280683
9283260
9284206
9285454
9288399
9288704
9292788
9293129
9299090
9302610
9302770
9303795
9313375
9317839
9318313
9320925
9321594
9323992
9330542
9333941
9334336
9335759
9337356
9338109
9339265
9345174
9345468
9351212
9354301
9360274
9361316
9361917
9369264
9376425
9385610
9386071
9387979
9388157
9391292
9391809
9396967
9399660
9400706
9404380
9412911
9415701
9415708
9418733
9424914
9429218
9433128
9433532
9438563
9438711
9440079
9441943
9444749
9445591
9450939
9452364
9453302
9456300
9468909
9477943
9479506
9487011
9492159
9493951
9494110
9496727
9497136
9497639
9508523
9519571
9530033
9534499
9545200
9546455
9548251
9553115
9560572
9569247
9575839
9579096
9581142
9581224
9584166
9584888
9585292
9587139
9589647
9601822
9604903
9608061
9613132
9624417
9630708
9630984
9635011
9636356
9640082
9643303
9646136
9647146
9654755
9657220
9661605
9666563
9668944
9669424
9678005
9682278
9689229
9695172
9699594
9704111
9705952
9707154
9712091
9720291
9720892
9722641
9725541
9730247
9740459
9743388
9743644
9747091
9749138
9752397
9760440
9762083
9767758
9771064
9777101
9779227
9780024
9786039
9787606
9792485
9799541
9799741
9812829
9818559
9819501
9825147
9825239
9825970
9831221
9833197
9833576
9833830
9843868
9846320
9852232
9854356
9864106
9865458
9867787
9878269
9879538
9884763
9886967
9893565
9894015
9895330
9899506
9900647
9901705
9905317
9906153
9906251
9907290
9908286
9908371
9915924
9919430
9922320
9930029
9934033
9936698
9951016
9951166
9961961
9968674
9979943
9987762
9989077
