2515
3057
3828
5179
10891
12824
15134
21354
21575
21896
23755
25359
27761
32448
33548
33703
36587
37684
38508
50613
51861
55870
56998
58784
62113
65712
66378
70763
71179
74838
76115
77754
77777
82714
85160
86056
87312
93564
94649
97590
107712
112904
117531
120595
123339
124115
127016
135421
135476
136233
136965
138344
142170
148586
151014
153459
153467
155818
158776
160497
164282
170105
172036
173627
179182
180613
183116
184417
187771
189035
194341
198339
211564
213528
215134
215726
216514
216599
231379
233916
236103
240125
242370
248159
253561
254094
256418
258508
261446
272754
274167
274461
275113
279832
280688
285895
286096
286116
287126
290482
292229
294200
295323
296071
299469
301612
306027
306513
316935
318278
322699
324861
328715
328962
332697
337189
337655
338976
341233
346148
351932
361999
366316
369842
370584
371469
376839
387448
389048
391814
393632
395506
396223
397233
405924
408970
419125
419524
422255
424674
428108
428807
430172
431358
431847
433426
435166
436380
437039
441773
444640
447792
454951
459783
471650
475264
476938
480703
484442
484446
491431
491813
496144
503409
508099
508442
512205
516267
516746
517198
522621
523045
528479
537859
547186
548001
548266
551388
556508
559461
573770
578848
582110
582838
585246
586406
590862
599460
599865
602899
607820
610205
612322
613711
613919
616692
619570
621791
629120
631614
639348
649559
652479
653719
657803
665906
671887
672209
672977
684982
689791
692306
694239
703409
713860
716711
718335
725220
730729
730826
731418
733040
738620
745080
745613
748075
750857
750923
751513
752117
754682
754863
755609
761174
768528
768803
775978
778020
778102
782686
783405
783596
785565
798221
806997
807590
807859
813255
813374
817258
820637
822496
833367
838940
839065
840320
844657
844876
848513
855791
865114
873899
874522
876646
878181
879590
882090
889275
890953
892501
892820
897053
901732
905336
905537
921057
924451
926652
927621
928161
930769
936948
947576
954352
959336
960099
965053
969546
977467
977735
981327
985649
998105
1003729
1012343
1012398
1012653
1012855
1013661
1024646
1033678
1034972
1045403
1053492
1058119
1058829
1060682
1069994
1070717
1074445
1078026
1079156
1080712
1083605
1083671
1090470
1091634
1095977
1110902
1136624
1142798
1153274
1154608
1155834
1158271
1159911
1176150
1177404
1178740
1187993
1189800
1191845
1206881
1210956
1211068
1218483
1220763
1222909
1225204
1228156
1240358
1242254
1245425
1254694
1255026
1271301
1273535
1277757
1277898
1278097
1289921
1297336
1307356
1317327
1318616
1321637
1321748
1323465
1335120
1338353
1343332
1344238
1352802
1359558
1365435
1369528
1370262
1375395
1387089
1393718
1395127
1395793
1395887
1410929
1414134
1415562
1420282
1420464
1429046
1431139
1432494
1435764
1436847
1437566
1443591
1446882
1448317
1448328
1452610
1458815
1458839
1474926
1476085
1478281
1481121
1482231
1488108
1496583
1509297
1514926
1515262
1530901
1531935
1537118
1543108
1543544
1543630
1544140
1547598
1551211
1560031
1560994
1561443
1563750
1581676
1587511
1592599
1604252
1606380
1607109
1607212
1607589
1607656
1609458
1611878
1615591
1636468
1650686
1652314
1653673
1660306
1661612
1661672
1682821
1685682
1692956
1696186
1701087
1720068
1733419
1740035
1744181
1744754
1755013
1755204
1758860
1760672
1766318
1768296
1769341
1770504
1774229
1776067
1784002
1786688
1788862
1790302
1792013
1799347
1799640
1800338
1801709
1802210
1804899
1806988
1814098
1816291
1819205
1820983
1823738
1825507
1825739
1825981
1827080
1827097
1829265
1835445
1838052
1849814
1852062
1856552
1866031
1866513
1869433
1875869
1875998
1876668
1877881
1884495
1884820
1885744
1887710
1888685
1900520
1913395
1917373
1918153
1932747
1933253
1941479
1942298
1942600
1949050
1950748
1951490
1952003
1961007
1965260
1968476
1968511
1971937
1972748
1978957
1980297
1981827
1986978
1990969
1999159
1999541
2001022
2003700
2010723
2033344
2039514
2041766
2041889
2041922
2043490
2059106
2060415
2061129
2063198
2069015
2077553
2079420
2080715
2082821
2083417
2085610
2091575
2095230
2099273
2099734
2100095
2100799
2107722
2111468
2116739
2124030
2130812
2133574
2135500
2138170
2141799
2151421
2151599
2153214
2158559
2160444
2161040
2165062
2173776
2178732
2179827
2182983
2191200
2195268
2195434
2196909
2201474
2209006
2214763
2219094
2227237
2231375
2238942
2244130
2246638
2253520
2253707
2260174
2263124
2267334
2271642
2274924
2282472
2286466
2288982
2294447
2299673
2300931
2308144
2310125
2324071
2327054
2336670
2343473
2343545
2344879
2346269
2350096
2354290
2363134
2367774
2367980
2369384
2369774
2379875
2381043
2382979
2408432
2409792
2417985
2419014
2420167
2421074
2425729
2429631
2432188
2435134
2445114
2461430
2465080
2468928
2469747
2470099
2472502
2478158
2481593
2482723
2483110
2498323
2499489
2500289
2500381
2502659
2505190
2512231
2522223
2525319
2526213
2528304
2532705
2543106
2543851
2548779
2552553
2559339
2559694
2578926
2590327
2601296
2602524
2602970
2608424
2609684
2610193
2611027
2616356
2630518
2630670
2630835
2634905
2635380
2637921
2639927
2642808
2647348
2662816
2663158
2671683
2674258
2675000
2678560
2678686
2683176
2697605
2699737
2704930
2706293
2710712
2714892
2715103
2716772
2717113
2718759
2727649
2736493
2738517
2742487
2746014
2750444
2757071
2763966
2763990
2769558
2773201
2774345
2775572
2777570
2785694
2787257
2791993
2793584
2795277
2798840
2800689
2803391
2804301
2804764
2809091
2811298
2811731
2812922
2826112
2826665
2833347
2844365
2851340
2851544
2855628
2860651
2861780
2863210
2863417
2868376
2871872
2877251
2882808
2891011
2899263
2901932
2908199
2908329
2911596
2911707
2913087
2915140
2916432
2920983
2925006
2929090
2931984
2937768
2942033
2954221
2955357
2957155
2959759
2959808
2965734
2967303
2972191
2979665
2980700
2985159
2990675
3000135
3009294
3014102
3016793
3018258
3021245
3025331
3025333
3025350
3025629
3026918
3032563
3033057
3033423
3034685
3038749
3042586
3053667
3053974
3056831
3064943
3065070
3070946
3075558
3096398
3108273
3115821
3118188
3118656
3120122
3141416
3149003
3151958
3153611
3161195
3161661
3163572
3164093
3169813
3171943
3178229
3186462
3187305
3189495
3205960
3212280
3217701
3229667
3235070
3237836
3246960
3252855
3253717
3259378
3260849
3263474
3265791
3268944
3274073
3274404
3276771
3283061
3284740
3288863
3291093
3295629
3298346
3309023
3310067
3317153
3317888
3319302
3321780
3323936
3325465
3330920
3333164
3335706
3345942
3349719
3350239
3354336
3360666
3367959
3369085
3377125
3381554
3385966
3386649
3391287
3392543
3394967
3395353
3401177
3402520
3404300
3404440
3406193
3406812
3406923
3410900
3411137
3414282
3415477
3422323
3422704
3433297
3454878
3456379
3458341
3458618
3461545
3470935
3472213
3478225
3486176
3489219
3492015
3503571
3513053
3515669
3522253
3528766
3532066
3533167
3537872
3541052
3543166
3544054
3559251
3563794
3565192
3570401
3571059
3574536
3580612
3585389
3591512
3592929
3601075
3603304
3604030
3610150
3616579
3618769
3628665
3628983
3632492
3633507
3635805
3637594
3640668
3640851
3653612
3656328
3658418
3662225
3662666
3671752
3675417
3690235
3691651
3693289
3696313
3698151
3698403
3707790
3710145
3716225
3716858
3728970
3731446
3736691
3738041
3745127
3754817
3754997
3755214
3755379
3757744
3757772
3759925
3763233
3763785
3770934
3777649
3780162
3810608
3813894
3814126
3818491
3821526
3827228
3833055
3841988
3842466
3856337
3860288
3862658
3863031
3868684
3871329
3872524
3878274
3893149
3902085
3903818
3904236
3909327
3912402
3915955
3918262
3923022
3926343
3929182
3929191
3934561
3936267
3939844
3941630
3943319
3944223
3963237
3966459
3969338
3972703
3973435
3975535
3975667
3977043
3983250
3986711
3988583
3991158
3993023
3997668
4000082
4006141
4007376
4008190
4017853
4021588
4023384
4024035
4024550
4025711
4033039
4033957
4037316
4039809
4042824
4044224
4047401
4055047
4055769
4069553
4081812
4082268
4083333
4087403
4100798
4103193
4115956
4121993
4126366
4128035
4131699
4132796
4135257
4139223
4148713
4148953
4155511
4160485
4166362
4176701
4179420
4181707
4184392
4186040
4191565
4201657
4204552
4205876
4212158
4216829
4217738
4218874
4219169
4222429
4223851
4238388
4240870
4243716
4249248
4255186
4255340
4255890
4257946
4259017
4259632
4261387
4267198
4269606
4271414
4282659
4292709
4298469
4299920
4302559
4306587
4307713
4308427
4308903
4311330
4311446
4312146
4313856
4314223
4314677
4314849
4315281
4322003
4327675
4330803
4332939
4333072
4333849
4341286
4345063
4349599
4363668
4365808
4366378
4366899
4367515
4368217
4368474
4378272
4379490
4379607
4390222
4390241
4392538
4392688
4396993
4406220
4413441
4415861
4416318
4428542
4428759
4428924
4439149
4446134
4449050
4459900
4463566
4469762
4478182
4483850
4487633
4488114
4488648
4498322
4499387
4505017
4509968
4510212
4511753
4513793
4515787
4524364
4531105
4531482
4535469
4538152
4541920
4545025
4545541
4552314
4555428
4559635
4567928
4568151
4575840
4588699
4602117
4607231
4607672
4612632
4616518
4616663
4618212
4619280
4621654
4628102
4631387
4634077
4635384
4637292
4643721
4647587
4652357
4653521
4656428
4657514
4664841
4664873
4665219
4676511
4679774
4682790
4685000
4687246
4688080
4688200
4688667
4692179
4692785
4696089
4696541
4704858
4716515
4719946
4720051
4720405
4721811
4722169
4728879
4741739
4741906
4744233
4747592
4749172
4752536
4755187
4763378
4765343
4766123
4770989
4789345
4790043
4791472
4792115
4793265
4809298
4818515
4821797
4829079
4832110
4837142
4841291
4848647
4849891
4850060
4850978
4852485
4855992
4858524
4862923
4866928
4870888
4875597
4878910
4883387
4883582
4887851
4888080
4888520
4890837
4895697
4897247
4902724
4905962
4909321
4910075
4910346
4911846
4920650
4928121
4934688
4936397
4939842
4942117
4943922
4953653
4953860
4955261
4967119
4975573
4980091
4984430
4987169
4996825
4998792
4999968
5000848
5001063
5003651
5005869
5013335
5018257
5021322
5023443
5028415
5033633
5039467
5039912
5041135
5042129
5044041
5049383
5052273
5058363
5059238
5060486
5062356
5066732
5067040
5071412
5071578
5073346
5074078
5075408
5076479
5079924
5081378
5085320
5086943
5088449
5089404
5089521
5092524
5101006
5101762
5115772
5118475
5121461
5133963
5135669
5142152
5147250
5147589
5148881
5150860
5153565
5154812
5156140
5162752
5163651
5166956
5167967
5171452
5174293
5184392
5185905
5190802
5194412
5194807
5196515
5202287
5205472
5206831
5212497
5214132
5216352
5228352
5232823
5233724
5234997
5235845
5236177
5251337
5251532
5251955
5262827
5267201
5268180
5268509
5272973
5273561
5276135
5277666
5283325
5286314
5287578
5287695
5288283
5288333
5290829
5292148
5294122
5295550
5295928
5296835
5297432
5297511
5300310
5301996
5309328
5313511
5315335
5328439
5328578
5332551
5332706
5333751
5336077
5339916
5340464
5341355
5343932
5345952
5355406
5358128
5360586
5362283
5363263
5373144
5374202
5378233
5379094
5381849
5385040
5389224
5391639
5395959
5399575
5402864
5407173
5411283
5412017
5413683
5416558
5416722
5417846
5423083
5433592
5433919
5437059
5441304
5445798
5452399
5453460
5456324
5469614
5477658
5477868
5479775
5480264
5485580
5499751
5506866
5516109
5516562
5516651
5519290
5544251
5544261
5545474
5546647
5551121
5558242
5559950
5560084
5569751
5572663
5573431
5577147
5580459
5582524
5584350
5587950
5590105
5593856
5594040
5604963
5612411
5619895
5621857
5628080
5628198
5632014
5632417
5632856
5635668
5638665
5652613
5656332
5656681
5665753
5677477
5686309
5690816
5692972
5695720
5703751
5708589
5715147
5716689
5719058
5719652
5723641
5724553
5733433
5737828
5745558
5746040
5746591
5755647
5764002
5772212
5775671
5781292
5781989
5784052
5787918
5800410
5801197
5803647
5817240
5820387
5824492
5828337
5833839
5834398
5836145
5838364
5840744
5842752
5866794
5887900
5892477
5905589
5914540
5925362
5936999
5945488
5949984
5960282
5964584
5969894
5970051
5975357
5981916
5994252
5994808
6000161
6006202
6009256
6014706
6018076
6028277
6031712
6032728
6036153
6044571
6052894
6057910
6064050
6068786
6077697
6079383
6081634
6084834
6088155
6089410
6090559
6090816
6091612
6097287
6108551
6112894
6113702
6117045
6119660
6125414
6128017
6141540
6144016
6146670
6149412
6152916
6154149
6155043
6164425
6164675
6166793
6168102
6170200
6177433
6183799
6188029
6190655
6191123
6194071
6210709
6216849
6217866
6220395
6221988
6223640
6223956
6227067
6230109
6232827
6235388
6240269
6243062
6243264
6247786
6247934
6249749
6258315
6259473
6260765
6264930
6265459
6265968
6275524
6297257
6309789
6315970
6331800
6335066
6336888
6339787
6342003
6345531
6346232
6349663
6350966
6352141
6366802
6367402
6371952
6378181
6382032
6384845
6388000
6396479
6396731
6401190
6401625
6407602
6407860
6409202
6414906
6416822
6419121
6420514
6420850
6429571
6430223
6436877
6438948
6440785
6446574
6450573
6451711
6453234
6454924
6456790
6457909
6462900
6463453
6469157
6469812
6471379
6474364
6475504
6481668
6485317
6486503
6487192
6488451
6496332
6497081
6499663
6504734
6518584
6519521
6520558
6537863
6545221
6551156
6555376
6558477
6566085
6573938
6574081
6576387
6576797
6578240
6583675
6594386
6594931
6597737
6598279
6599240
6600604
6608994
6611750
6613986
6618713
6619526
6621102
6621619
6624903
6632651
6632717
6639444
6639854
6641181
6642946
6645192
6653556
6654323
6655317
6655610
6659330
6659741
6669215
6669756
6672033
6672817
6675207
6676860
6683211
6697046
6698443
6698748
6699810
6706014
6709377
6713235
6714933
6719393
6720050
6722206
6733691
6736361
6738854
6747694
6758169
6761969
6764200
6766946
6775291
6776485
6778779
6779182
6787090
6789865
6790699
6791245
6794736
6796543
6796999
6798310
6804101
6807702
6811632
6812344
6820387
6829349
6830750
6831950
6837008
6839386
6850360
6856536
6857550
6869965
6872284
6874175
6885876
6886194
6894043
6894400
6894414
6900963
6906313
6907816
6908546
6913771
6915943
6922903
6925022
6929578
6939533
6943147
6951477
6953135
6958599
6959012
6966374
6969731
6973337
6974872
6978786
6980800
6982252
6990550
6992834
7001510
7002778
7003537
7005648
7006139
7009380
7010312
7013632
7015474
7019451
7022437
7030996
7042598
7045143
7048759
7057752
7065258
7080823
7083722
7094017
7097806
7099734
7104430
7106295
7109578
7122973
7132802
7134002
7134247
7137210
7159441
7169329
7172600
7174103
7176866
7181493
7183494
7186855
7188129
7196398
7198127
7202335
7217643
7219771
7221016
7224921
7228531
7230580
7240141
7245598
7252890
7254652
7264559
7265749
7277915
7282302
7286201
7293873
7295845
7297730
7298088
7307254
7310736
7311087
7313256
7314882
7315715
7316183
7325505
7326457
7326511
7326658
7327903
7335590
7340799
7350420
7371768
7376944
7380314
7382521
7386286
7394181
7400189
7400709
7404903
7407927
7409281
7418021
7421302
7425902
7427025
7428947
7431685
7432910
7436537
7444478
7447948
7448805
7456405
7466062
7468891
7470249
7471869
7479427
7480662
7481445
7481806
7483726
7485693
7486488
7489487
7497577
7497698
7502503
7505357
7506623
7507223
7516969
7525492
7525749
7527564
7527850
7528331
7529341
7532613
7536714
7538303
7549575
7570039
7572199
7572376
7582748
7583488
7589078
7591702
7600063
7608768
7611745
7611997
7612214
7612834
7617528
7618961
7620601
7621735
7621869
7627531
7627824
7631172
7631233
7632502
7636262
7637792
7640509
7649898
7653604
7654310
7658057
7664494
7668037
7669344
7669470
7670170
7670549
7671442
7674280
7675664
7681800
7694018
7697246
7699441
7700451
7706204
7708199
7708888
7715064
7717807
7729752
7731776
7746970
7756103
7756196
7757479
7759774
7762261
7764373
7765749
7788933
7789638
7792730
7795921
7799386
7800671
7811514
7814400
7816079
7816813
7816912
7823232
7830475
7834182
7835583
7838620
7839038
7842835
7846318
7852033
7853448
7857065
7858822
7859170
7860482
7862447
7868729
7875934
7879447
7884369
7884486
7891442
7894401
7895674
7898488
7899406
7900266
7906792
7909229
7913207
7915240
7915819
7923390
7931058
7933962
7939373
7953486
7953538
7965141
7967879
7969174
7980516
7988575
7990536
7990549
7995429
8006610
8008211
8008522
8009736
8016010
8022554
8027874
8028383
8032496
8039329
8039692
8040744
8041459
8046342
8055411
8055817
8059015
8061715
8062204
8062301
8067193
8070654
8073652
8074476
8076716
8077711
8080649
8082748
8087673
8090381
8095406
8098862
8102688
8102706
8103569
8107364
8121198
8124542
8134303
8136673
8138915
8143191
8144873
8146634
8150256
8151066
8157806
8160329
8171200
8171776
8181118
8185353
8188286
8198503
8198658
8202604
8207310
8208688
8213016
8217253
8218880
8228218
8231790
8233046
8233608
8235516
8236371
8236961
8238424
8238615
8239885
8243733
8250591
8252514
8253550
8260030
8264038
8264494
8265697
8271399
8272356
8280688
8281161
8288322
8290358
8291754
8292438
8293769
8296184
8297035
8300443
8300693
8306471
8310253
8324310
8336240
8336969
8338989
8343293
8343309
8345438
8351310
8354154
8356790
8356952
8364493
8366572
8368146
8370161
8370172
8372337
8377903
8379259
8383457
8384392
8385297
8387967
8402230
8404319
8411686
8417289
8425668
8426410
8434490
8435861
8446727
8448394
8454830
8456295
8462931
8467708
8480309
8482588
8483809
8483939
8488841
8490499
8492068
8493252
8493308
8494080
8494521
8499527
8502002
8504509
8518141
8518455
8520985
8521895
8522971
8526230
8528073
8533778
8533943
8538942
8552719
8574308
8576548
8576663
8578566
8594869
8597218
8600944
8611836
8612149
8614772
8615225
8630817
8632862
8637490
8647404
8649993
8651498
8652459
8670436
8674254
8675597
8676168
8680452
8687529
8695122
8698973
8699511
8704081
8709729
8711318
8713121
8713711
8716268
8718919
8724624
8735753
8740502
8749784
8754532
8757374
8760055
8763415
8764173
8765037
8768949
8771324
8774221
8782835
8783286
8784544
8787910
8798713
8804210
8809235
8809919
8814772
8815589
8819103
8820230
8832073
8834279
8835714
8835861
8836285
8839910
8842763
8847653
8855945
8861769
8861984
8864748
8865012
8878365
8883358
8885473
8886874
8889997
8891367
8892565
8900363
8900935
8924807
8930103
8931996
8937050
8940559
8948447
8954855
8960914
8965562
8966147
8970302
8974014
8974167
8976410
8980588
8982795
8990158
8990752
8991756
8998994
9010741
9011641
9012035
9012164
9013531
9016652
9017195
9024684
9025502
9030488
9036711
9039499
9047161
9048081
9054904
9055487
9056645
9059245
9060591
9061151
9067863
9069873
9074685
9079488
9080477
9097726
9099625
9100159
9103619
9103883
9117058
9119396
9133437
9138722
9150937
9159530
9169931
9176083
9179341
9180647
9182962
9183645
9186253
9191207
9192130
9193370
9197324
9202184
9208333
9212422
9218278
9218710
9224002
9225017
9231733
9248018
9249766
9249841
9271618
9275583
9287933
9292642
9293639
9293784
9296639
9297145
9300009
9302244
9302379
9320139
9322191
9333738
9334574
9341350
9351716
9352964
9366907
9375781
9381957
9382930
9391147
9392310
9400186
9400693
9402388
9403468
9405321
9406292
9408240
9412011
9420727
9421427
9424272
9425342
9425360
9445658
9446993
9456060
9458755
9464637
9466100
9466553
9476779
9478974
9479024
9482751
9484467
9487482
9487728
9489278
9496088
9497341
9499724
9503848
9503974
9519934
9520340
9526492
9526520
9530968
9548899
9555126
9556958
9557724
9558367
9560138
9560454
9561316
9569061
9572106
9585498
9591995
9600240
9610028
9610878
9623724
9624767
9628467
9635221
9636188
9642539
9645222
9645527
9654208
9656938
9659171
9662244
9670443
9670829
9674521
9675567
9675631
9676497
9679042
9680722
9682408
9683876
9686049
9689601
9692412
9696557
9701569
9701759
9711209
9715286
9715560
9718763
9722938
9727272
9729307
9731067
9735333
9736196
9747334
9761641
9764710
9768346
9768918
9771383
9771501
9772977
9777513
9779330
9788785
9790093
9796101
9800464
9801784
9804207
9808386
9815620
9818084
9818232
9823126
9828112
9830316
9835074
9835543
9835934
9835998
9838629
9840677
9841670
9842702
9842895
9848760
9849876
9855631
9860601
9869602
9871294
9872214
9881067
9886921
9887537
9889041
9889197
9892578
9896680
9900244
9914751
9916331
9916597
9918054
9925699
9927546
9928678
9932814
9946466
9970168
9972036
9981222
9983970
9985114
9989164
9991516
9997632
