4932
7076
21687
49454
54655
71661
77819
84407
86428
107770
108441
111180
128462
141845
143729
147135
150213
157373
161370
163214
163942
165589
168402
176161
178212
180320
195475
206162
216516
218174
222913
224865
231441
270923
273295
276885
290960
292139
296960
298805
303628
304390
305063
307699
309123
313637
315547
332531
332913
343044
360860
362525
363391
364582
372250
380344
387080
390745
391743
395937
396674
399978
415616
420669
433293
443711
449139
458355
464357
469885
478386
487722
492140
493594
503217
507676
508328
511308
516777
526477
535146
539866
543662
544187
555001
555940
577972
580877
586624
592597
595142
602932
605081
612719
623065
629081
635188
640689
642794
644522
652238
653119
656412
660560
671401
683284
684554
686486
695780
697033
700122
704535
719245
724461
727709
729309
733627
747299
750449
758372
763113
778587
780741
789124
789525
791936
794899
804981
811235
811385
822269
822499
824369
826673
851633
860378
863387
865021
873493
876749
878219
878663
893263
901808
902003
909460
915407
917884
924773
927361
928911
929173
956910
958969
962753
963504
968772
977995
988602
988797
999069
1012114
1015337
1018224
1025395
1028196
1032554
1041005
1041878
1044079
1057763
1076622
1077858
1086065
1095743
1112773
1131645
1131735
1140187
1143341
1147122
1151737
1155728
1161836
1169553
1171091
1173451
1176438
1177593
1190105
1190722
1196282
1196560
1200982
1202038
1202955
1236932
1237657
1243662
1244175
1246027
1258797
1260038
1262055
1263233
1264010
1268801
1273761
1279004
1291810
1292768
1297824
1299539
1300121
1302075
1304863
1308766
1309395
1321606
1328224
1349037
1365111
1373018
1385469
1392315
1413178
1413521
1414229
1416271
1425022
1431183
1431573
1442437
1443590
1447283
1457624
1458618
1464270
1473140
1476417
1479455
1484026
1486913
1492109
1494910
1495237
1497967
1499797
1505081
1508326
1512973
1515405
1520375
1520852
1524462
1526389
1530842
1531646
1534089
1534641
1539227
1539889
1543573
1546857
1547972
1555604
1562034
1573627
1580164
1582480
1588277
1590336
1601558
1603613
1603686
1606585
1619834
1624023
1624911
1635741
1636610
1636905
1645796
1658990
1663628
1685839
1685899
1692981
1699033
1720505
1721280
1724638
1740786
1743516
1748099
1777596
1777626
1789304
1791563
1800292
1804831
1820723
1825144
1828687
1833675
1840106
1840193
1852054
1859499
1861133
1862227
1864521
1865611
1867123
1867127
1874179
1876472
1877125
1901663
1908469
1914752
1915381
1936684
1937207
1937611
1939623
1947018
1949532
1955015
1959190
1971291
1971320
1974880
1976136
1979715
2001416
2002884
2014100
2022508
2027005
2027607
2038406
2040265
2042542
2052319
2054930
2055711
2065085
2065157
2097276
2098584
2106455
2110076
2110691
2120237
2120596
2120961
2123766
2127960
2131462
2133787
2136006
2141266
2142327
2147520
2155181
2159712
2165564
2166764
2167453
2178913
2183795
2213435
2230376
2235022
2239382
2247765
2248442
2250703
2251251
2259442
2261211
2262580
2275315
2281854
2282948
2286816
2298237
2304898
2306886
2309010
2310937
2312058
2323652
2326525
2327913
2328652
2329325
2333531
2334635
2335725
2347616
2359001
2360187
2368570
2394139
2396876
2406859
2408548
2410955
2426127
2437960
2438093
2448175
2455078
2468769
2470865
2471168
2471519
2488713
2496171
2510041
2517610
2519893
2523497
2524263
2525074
2525824
2527916
2531311
2535422
2544859
2546805
2555564
2556701
2558121
2581309
2587611
2590926
2608398
2610601
2622611
2622973
2631018
2637236
2639217
2645627
2649712
2660167
2664175
2669412
2676044
2678013
2678776
2686401
2693048
2697751
2719792
2723608
2728569
2730551
2734035
2738535
2740295
2741543
2745613
2761092
2772305
2784163
2786578
2792871
2798059
2800268
2807739
2808878
2809139
2822850
2829516
2839046
2848899
2850345
2854756
2856497
2858810
2860786
2862674
2863327
2865636
2894889
2899704
2904783
2923542
2931567
2931710
2939245
2951967
2952401
2956185
2957657
2965869
2967670
2974586
2975358
2982882
2985970
2990046
2992835
2997174
3005110
3012642
3020646
3033078
3036088
3038482
3056511
3058937
3069984
3075560
3083857
3085500
3086773
3091609
3095427
3096916
3098835
3109254
3111315
3119036
3120943
3124182
3133853
3136697
3138786
3140456
3155762
3158210
3173953
3180829
3183371
3187760
3189581
3189695
3193567
3196662
3197820
3198169
3198957
3199128
3202913
3203577
3214205
3220840
3222020
3223628
3231510
3233300
3242335
3251795
3255789
3256906
3265551
3286438
3293152
3297590
3298121
3301818
3302754
3308383
3309814
3313082
3322129
3331930
3342230
3348652
3349011
3350279
3351749
3363960
3364226
3365984
3368745
3383617
3393325
3413001
3413096
3414539
3419273
3425775
3440090
3441461
3446809
3461727
3461976
3462015
3466015
3470066
3473544
3476558
3496417
3498443
3501187
3507661
3510747
3517243
3533466
3534222
3534422
3536465
3538526
3541486
3546733
3550267
3552785
3561566
3564100
3576165
3582433
3592403
3598022
3602540
3612469
3619817
3620307
3626239
3626856
3635051
3641765
3642029
3643862
3644064
3652270
3653010
3653388
3658870
3664614
3668488
3683664
3685571
3686169
3690543
3715795
3720984
3721317
3721858
3728632
3734181
3743909
3744698
3761216
3766653
3767914
3770215
3775094
3781048
3781430
3787732
3790581
3802522
3802871
3813176
3818957
3829691
3832751
3838330
3839174
3841393
3849789
3864946
3872021
3874132
3889043
3890683
3890876
3895530
3897781
3898387
3910357
3913931
3934215
3935902
3936549
3939850
3941562
3943683
3944078
3960472
3964681
3969576
3977904
3978785
3985190
3992032
3997524
3998521
4000828
4005406
4006935
4008704
4016615
4020292
4034878
4038040
4043086
4059784
4060366
4064815
4066576
4092457
4093692
4104474
4112313
4135904
4137120
4140161
4140924
4151608
4156142
4162953
4163090
4164129
4167365
4180430
4182229
4190618
4209658
4222563
4230964
4239686
4245624
4251678
4252045
4259307
4271342
4277007
4282222
4290970
4295463
4302294
4306082
4319057
4325015
4325489
4328400
4342762
4356505
4378829
4387033
4387193
4388355
4394434
4398496
4401957
4403171
4409830
4411666
4412236
4417053
4430220
4434783
4435556
4440218
4440545
4446036
4448949
4454227
4454237
4455233
4463429
4467368
4469180
4486369
4492215
4501430
4510351
4511203
4543114
4545202
4546500
4550147
4553647
4557765
4560109
4576211
4578015
4579605
4584902
4586804
4588097
4598690
4609208
4618980
4621069
4621521
4631157
4631998
4636442
4636489
4639812
4648078
4649508
4656159
4659055
4666728
4671122
4674274
4678328
4682897
4690224
4694238
4715737
4728763
4730113
4730278
4738883
4744928
4749631
4751908
4758964
4762280
4763672
4778655
4783386
4785716
4790319
4795223
4804923
4808082
4810018
4813625
4814328
4821980
4825599
4830280
4839193
4853878
4865503
4867697
4874442
4878858
4880064
4886466
4905678
4908107
4912729
4914779
4914986
4923772
4935551
4936787
4937824
4938546
4940158
4946205
4951691
4954175
4957887
4964341
4966137
4967249
4972776
4973746
4973943
4980614
4995616
5020058
5021866
5022495
5040081
5040283
5047790
5052973
5054672
5055289
5070112
5070929
5074704
5076531
5086225
5088745
5091965
5100659
5105165
5107206
5111472
5122021
5127612
5135319
5139084
5158845
5160388
5166977
5179683
5181919
5192101
5193886
5194871
5196764
5201957
5206139
5225521
5226483
5234968
5249833
5256904
5269128
5273046
5277196
5277956
5308544
5321423
5323236
5323279
5326348
5328746
5331819
5340642
5358787
5360227
5362353
5363588
5368099
5368263
5372438
5384009
5395137
5400149
5409702
5424951
5426476
5426623
5428057
5429099
5433086
5433208
5441741
5460405
5465737
5473287
5475647
5487095
5490745
5500485
5503593
5518623
5521962
5525069
5525817
5526116
5530778
5535440
5540937
5541825
5546719
5549378
5551932
5557264
5565683
5565879
5566653
5567832
5571630
5573753
5582395
5587534
5589565
5597444
5610797
5614175
5617606
5620645
5622631
5626941
5628672
5635875
5639976
5644422
5651924
5652412
5658176
5661153
5661603
5662000
5678004
5681427
5703318
5721549
5725706
5729706
5755867
5759194
5762907
5765962
5771229
5790907
5794555
5795891
5809273
5809317
5814383
5817040
5819995
5821279
5825340
5829517
5838421
5841732
5844676
5846048
5850479
5860286
5869517
5870791
5871376
5879866
5898246
5899074
5922366
5930192
5938956
5943522
5973600
5974861
5980188
5982593
5989060
5999921
6005833
6026966
6030162
6031763
6043580
6046116
6047731
6066415
6068959
6070812
6073066
6073801
6082204
6083115
6112568
6113133
6115314
6121673
6126794
6133384
6134209
6135032
6135979
6141944
6149164
6151456
6165417
6179479
6180605
6195442
6207918
6208399
6216718
6219386
6221543
6235795
6238256
6238866
6240779
6243255
6244268
6245577
6255957
6266023
6267335
6269979
6270079
6275443
6276637
6281867
6293289
6301145
6301516
6304133
6308624
6329449
6332760
6338359
6346813
6368733
6369279
6372516
6373732
6374330
6386875
6387264
6389273
6406121
6409658
6411880
6414975
6419285
6421819
6422679
6426523
6427766
6435352
6437540
6439630
6446499
6447526
6452517
6453910
6463337
6486098
6496897
6505926
6507767
6508116
6509078
6510090
6524483
6531025
6542165
6545905
6547672
6553427
6557125
6559574
6562689
6564876
6570107
6596184
6612475
6617263
6628432
6628884
6634140
6635482
6640763
6645726
6647731
6655624
6661361
6675557
6679143
6710981
6711150
6740436
6747931
6758634
6760907
6770362
6778696
6779713
6781340
6782266
6784005
6788990
6793166
6795165
6809252
6822812
6826977
6831860
6849015
6849744
6851339
6854577
6857218
6857528
6867415
6872046
6874845
6905487
6908482
6909199
6909972
6915643
6923042
6923430
6933232
6935336
6939158
6955416
6962034
6965850
6979014
6984459
6994116
7001169
7009305
7019254
7024927
7025030
7040549
7042007
7045777
7058834
7059861
7064815
7064838
7068356
7073118
7102769
7115616
7124688
7125612
7125638
7126940
7136955
7150044
7169574
7173309
7177697
7181309
7182385
7186658
7203140
7205926
7208768
7212679
7218779
7226059
7238327
7239890
7241517
7255318
7257054
7261750
7266607
7267483
7270032
7271218
7281762
7287159
7302496
7303061
7307015
7314687
7317152
7330953
7337349
7355577
7355912
7361129
7364907
7376917
7396131
7397535
7421863
7463856
7464572
7466477
7473743
7482195
7500035
7505031
7509964
7511839
7514329
7516001
7519390
7521379
7523600
7532162
7536723
7547436
7552313
7558823
7563461
7567993
7570776
7580695
7600165
7606444
7607096
7609084
7616375
7620140
7624798
7631360
7649959
7653196
7654949
7673065
7676282
7680691
7681726
7688467
7688974
7691533
7693478
7693539
7695663
7697603
7700882
7708177
7714408
7714865
7729829
7739677
7739900
7741435
7745359
7752686
7755899
7760587
7762678
7765061
7767437
7768747
7783515
7786883
7791212
7793756
7795638
7796373
7805952
7807368
7816691
7825947
7837812
7847467
7851670
7870165
7872035
7882590
7885287
7888096
7895784
7896519
7896780
7897082
7901700
7902232
7904404
7914082
7914664
7924342
7924555
7924646
7937064
7942437
7950510
7954004
7956433
7979471
7981531
7996063
8005490
8023028
8028486
8034918
8036554
8045715
8050317
8052040
8052225
8057255
8069550
8071511
8072598
8072825
8080612
8080694
8083455
8084602
8085741
8102352
8102933
8105184
8109228
8114025
8122140
8124162
8138962
8145855
8163458
8173223
8177971
8178696
8181016
8182103
8199536
8209341
8210299
8210856
8220637
8221349
8223946
8236584
8236918
8240394
8253130
8253263
8254649
8260083
8267616
8271954
8275401
8297438
8310244
8321116
8338503
8340703
8346267
8353856
8354086
8357702
8360744
8364120
8366600
8386876
8399996
8400109
8401493
8407096
8408077
8419316
8420918
8427493
8428034
8433175
8434651
8447650
8455782
8461995
8464795
8477134
8479150
8482722
8490187
8492387
8504455
8513393
8524409
8526265
8530458
8537153
8550388
8560339
8560651
8567855
8569918
8571759
8576367
8580763
8585045
8585525
8591301
8595840
8600183
8600613
8614064
8619935
8621832
8633937
8636808
8641633
8645237
8651147
8660828
8663381
8666934
8668864
8678182
8682472
8685061
8687367
8691122
8700359
8702236
8704326
8705732
8715442
8717189
8719848
8727870
8745047
8750204
8766394
8786150
8794831
8815152
8816534
8829739
8834302
8840216
8840970
8841377
8841674
8849243
8852324
8855526
8860029
8863608
8872741
8873992
8875278
8877968
8879033
8884694
8888741
8892376
8893274
8894352
8905915
8907614
8908937
8913571
8914047
8924364
8929562
8946118
8949819
8950196
8953551
8963178
8971702
8976744
9005677
9013393
9015258
9018486
9019260
9046590
9049294
9051624
9064932
9071948
9075892
9077231
9080139
9082750
9082997
9087073
9087453
9105623
9133134
9154166
9158035
9161060
9170198
9177484
9193790
9195373
9200903
9207767
9210784
9217430
9217825
9227061
9228036
9232524
9233578
9236249
9241492
9252836
9253013
9257173
9262793
9263502
9264141
9269811
9284592
9289368
9293361
9296766
9303790
9303792
9325765
9330665
9333636
9337321
9345329
9347950
9369747
9378929
9380060
9391355
9397991
9407762
9413921
9414217
9438256
9441904
9445920
9446086
9450065
9458131
9462906
9466336
9466403
9466804
9469423
9472825
9472844
9475290
9487404
9491253
9491660
9503989
9513157
9529193
9530313
9538047
9561663
9570523
9578072
9581593
9582194
9596834
9621493
9639765
9646945
9651842
9656045
9661282
9664040
9667460
9667487
9670224
9670959
9672988
9673639
9674700
9687093
9689626
9693703
9695285
9697684
9713121
9727998
9739150
9744748
9760793
9770244
9780081
9788567
9793784
9798371
9808000
9810193
9811177
9811749
9818489
9818986
9821915
9822395
9833595
9839679
9839821
9851188
9855224
9863722
9865316
9871938
9885892
9909423
9910443
9913630
9943250
9953625
9958659
9965541
9968234
9985820
9986597
9995368
