1336
1674
9984
10592
20330
24464
25550
28605
29347
32433
35088
38482
48252
51058
54882
55436
62587
64350
64449
72133
75645
80544
86868
90126
97162
111489
112136
118006
124934
126574
127528
130364
131090
132399
133034
141642
142654
142734
147309
149072
149128
154259
162440
164599
176625
180740
181783
189073
189117
197891
198318
205837
224642
225811
250484
251077
251820
256574
265291
266838
266903
269768
278636
280051
281834
287653
288818
291838
296044
296964
305799
306184
312921
315816
317109
318206
321547
325139
330358
330803
334385
336037
339057
347882
349006
349998
350115
351863
370180
372730
375296
375452
384839
385632
388116
390482
392511
394636
396473
399760
405699
407358
408626
413164
416604
417347
419232
421170
423573
425017
425656
439994
443963
447752
453887
457578
475475
476419
477342
478466
479052
479759
480160
480187
481662
483435
488379
488478
488955
492081
494425
496897
499368
500817
503710
503823
505295
505607
506660
508752
508837
511812
515384
515959
522350
527489
528941
548906
555341
560478
562385
570688
571900
574254
576428
579898
582114
584597
594017
601814
606205
609619
611421
611464
614217
627104
630319
631866
644828
648317
649431
655322
655596
655737
655957
656025
656190
656779
658289
662717
666759
670977
675665
676136
682913
685175
703735
713069
719386
721101
721467
721767
723930
729388
736107
744833
752480
761580
763693
765594
767327
771649
772047
773550
774260
776101
784421
785421
785762
788606
797624
798214
801816
805667
811156
811536
811895
823046
824519
829367
831935
837253
838683
839452
843246
843701
851782
855278
856859
857133
857498
863496
873015
873698
875013
876050
879193
889891
890918
897343
900645
910967
917628
927375
930052
930092
964368
966110
966836
973558
977993
980133
984009
988118
989952
995417
999254
999992
1006218
1009486
1011213
1012209
1014441
1015858
1026506
1028184
1028240
1035106
1041378
1043004
1044853
1049887
1050232
1050248
1054358
1057549
1063361
1065469
1067766
1081441
1088171
1088754
1096514
1097183
1101150
1103556
1104201
1113385
1113976
1116141
1121147
1121836
1136478
1144425
1151370
1151556
1152219
1154995
1159269
1164512
1171068
1171726
1177086
1178743
1181459
1186101
1194916
1199474
1200434
1202627
1204552
1206397
1207610
1207818
1209833
1210012
1213673
1213757
1214596
1214893
1219658
1224379
1226842
1234631
1237686
1242777
1247680
1252999
1256884
1262633
1263775
1266289
1274959
1280310
1281239
1295458
1295848
1296890
1297460
1305188
1307625
1308028
1314536
1316863
1318222
1324618
1326039
1332919
1336060
1342396
1343616
1345655
1345831
1354160
1355514
1358687
1360177
1369827
1373143
1374670
1374831
1376408
1377475
1381388
1388327
1388493
1395033
1411579
1414318
1417158
1422861
1426272
1427892
1444401
1456480
1458253
1460172
1466602
1467804
1473127
1474592
1475000
1476208
1480136
1482973
1483989
1490548
1498356
1503749
1506178
1510107
1513492
1519740
1520706
1521055
1532324
1539554
1550356
1552028
1554162
1555547
1557161
1561746
1562591
1565793
1565986
1574489
1576640
1577422
1578437
1579700
1584465
1592125
1593571
1602063
1607023
1608622
1608667
1608768
1610662
1619617
1620021
1621038
1626537
1632885
1636726
1636972
1645963
1654191
1656246
1656885
1657799
1667404
1668187
1679881
1681439
1688013
1688164
1691281
1694708
1695034
1697170
1700105
1700690
1700964
1707174
1709200
1712827
1732007
1733288
1733762
1736481
1740330
1743239
1747361
1749444
1750996
1752149
1755608
1759752
1765386
1768330
1768775
1772805
1773989
1776684
1784702
1795933
1800022
1803218
1813975
1817795
1819550
1820919
1823745
1837003
1838315
1846238
1848849
1852908
1857284
1859939
1865468
1867647
1877034
1878538
1888629
1890391
1891844
1891956
1893227
1904943
1909340
1913975
1915408
1918697
1923878
1926459
1938767
1957566
1962468
1964794
1966269
1971953
1976007
1977070
1978541
1987439
1990967
1997632
1998349
2000381
2004843
2013479
2022783
2022887
2026354
2035307
2035942
2039966
2046943
2055937
2056835
2057099
2065203
2070477
2080726
2082474
2089017
2091393
2091511
2092009
2100060
2109569
2113845
2113964
2116191
2116340
2117377
2123093
2125126
2127642
2143409
2144987
2157057
2182276
2192997
2195845
2198197
2204627
2214880
2217934
2219892
2223426
2238333
2241235
2244614
2255762
2256927
2266846
2268619
2271442
2275704
2277452
2278569
2285172
2285961
2286868
2304768
2309936
2312778
2314414
2314744
2316023
2328824
2331420
2333619
2334386
2340234
2341037
2347379
2349269
2350956
2353651
2354359
2365174
2370421
2373597
2386427
2397126
2400110
2403244
2406589
2408172
2412672
2413109
2424836
2431311
2433233
2434351
2438328
2444929
2447374
2453149
2462281
2470758
2473278
2480371
2482543
2484507
2497567
2499887
2502672
2503777
2517679
2525566
2526785
2538581
2544116
2544545
2548111
2550657
2557315
2561755
2565639
2568867
2569391
2573772
2576710
2579955
2581715
2589651
2590822
2601507
2607215
2613742
2615715
2620032
2625098
2640946
2643174
2656375
2671181
2672151
2685071
2686325
2687998
2695148
2701892
2704520
2704839
2706603
2709794
2718605
2722434
2722791
2739841
2741392
2756688
2759815
2760803
2762692
2767341
2767813
2770078
2772802
2775727
2784354
2784697
2802479
2803079
2804064
2816777
2817151
2818075
2828835
2839063
2840509
2841481
2845107
2854178
2865576
2869232
2873161
2879359
2881708
2882647
2885255
2890410
2892921
2899356
2907671
2927428
2929618
2935639
2943555
2945974
2947455
2950566
2955274
2958963
2962626
2965467
2970798
2972710
2973685
2986054
2998415
3005486
3007544
3008063
3009663
3012356
3014145
3018868
3021774
3025418
3031444
3032945
3041548
3041649
3046907
3049976
3050100
3054325
3059135
3067659
3071339
3077666
3082090
3083026
3083464
3102532
3106958
3107979
3111028
3112500
3116681
3117799
3119261
3123114
3129085
3129826
3130053
3134669
3139808
3141584
3146735
3149962
3150900
3150931
3151375
3153333
3153613
3165591
3168318
3170230
3173397
3176777
3179322
3192348
3192512
3193097
3196635
3201564
3204937
3206959
3211979
3214848
3220938
3222126
3224030
3224833
3230215
3231208
3233908
3234389
3235757
3239758
3241505
3244660
3246931
3252242
3256544
3276324
3281377
3290752
3295713
3297636
3304692
3311853
3329888
3333328
3341247
3342789
3342859
3355942
3357311
3360447
3362499
3365583
3367525
3376244
3380073
3386585
3387900
3393307
3394186
3404120
3412154
3415237
3415611
3417733
3418951
3419767
3425547
3426084
3431257
3431557
3431850
3432240
3434094
3436508
3438373
3439546
3440749
3453712
3455183
3460221
3462532
3466662
3467130
3470953
3471539
3490274
3490723
3495534
3499152
3500653
3503921
3504614
3508074
3508502
3513035
3514038
3521866
3524780
3526587
3532077
3533095
3539887
3547589
3547657
3549584
3557179
3568086
3572306
3574785
3576838
3583081
3585635
3586667
3591012
3591800
3597200
3598641
3599666
3605155
3608919
3609744
3612141
3625240
3635330
3635830
3640102
3648885
3655830
3657894
3659115
3665329
3669329
3672120
3674092
3675919
3680186
3681580
3682869
3687959
3688321
3693689
3694868
3694914
3698584
3706459
3720760
3722251
3723821
3727437
3729455
3730844
3735530
3736046
3736637
3737457
3740671
3740954
3746528
3751389
3752482
3757495
3775207
3776623
3780171
3786426
3786906
3796650
3796902
3797862
3804605
3805307
3806738
3808493
3809500
3811862
3831603
3836400
3836428
3846974
3852835
3857654
3857830
3874024
3874763
3878449
3879374
3882304
3889115
3892770
3894623
3899377
3905246
3910652
3920569
3935455
3936435
3947709
3949470
3951114
3954597
3954881
3957483
3960387
3967977
3968152
3975776
3976175
3976306
3983205
3985906
3987822
3989048
3994469
3994481
3994530
3994544
3994578
4002856
4002864
4005085
4005306
4006872
4012108
4012382
4015167
4017189
4020177
4020688
4025902
4033233
4035771
4037583
4040615
4059410
4065993
4075065
4077564
4082401
4082790
4087753
4088843
4090693
4098905
4099074
4101158
4122326
4124668
4147833
4150578
4152446
4154159
4164803
4166029
4166175
4166759
4169229
4170381
4175908
4178339
4179862
4183601
4186823
4190834
4191192
4195205
4195917
4202313
4205313
4205777
4210158
4215777
4216509
4221326
4222343
4227204
4227644
4228123
4229020
4233084
4246216
4247136
4252318
4254010
4255711
4258068
4259757
4268541
4273297
4273590
4273798
4279619
4281675
4288195
4298419
4300867
4314863
4324196
4324924
4327147
4333159
4333779
4341053
4343596
4345280
4352396
4354460
4356704
4364551
4368899
4369847
4375185
4375757
4376542
4380786
4383230
4384325
4384698
4385998
4393750
4394077
4397914
4400474
4402578
4404046
4407699
4411357
4413034
4415966
4416258
4418286
4420178
4425063
4428393
4435144
4440058
4441512
4445674
4448485
4450523
4452921
4453129
4455227
4462246
4467897
4469559
4471953
4474372
4476250
4489754
4493682
4502580
4512641
4514862
4516973
4518838
4521786
4524160
4528846
4530108
4530459
4533741
4538842
4539631
4540371
4541636
4542600
4544802
4551303
4552947
4553756
4556363
4558422
4567217
4570194
4573470
4577568
4585925
4589983
4592433
4593027
4598002
4607521
4609932
4611085
4615671
4620323
4624038
4629374
4633110
4634293
4643149
4643619
4645667
4649167
4657778
4662105
4672003
4676491
4676739
4677069
4680084
4684837
4685306
4688596
4691068
4691296
4694920
4695115
4695349
4696326
4707080
4709254
4711647
4716186
4717421
4720180
4743061
4744682
4754471
4755430
4756763
4759045
4762308
4770566
4773949
4774235
4784623
4787006
4794621
4796658
4802021
4810218
4811591
4815221
4823117
4824440
4824890
4825365
4827836
4829198
4831279
4836429
4844045
4847774
4849966
4850445
4851906
4857132
4861389
4866493
4868823
4869844
4870993
4874353
4877242
4880808
4881860
4887105
4887334
4888429
4892065
4895550
4906369
4907033
4916566
4925036
4931899
4942332
4943747
4954371
4955448
4956759
4957260
4957474
4959578
4971021
4971916
4979845
4988529
4989368
4989411
4991182
4992473
4997473
5004803
5006162
5006851
5016799
5016891
5022021
5024055
5025717
5026764
5029184
5037745
5038206
5038696
5042182
5043476
5050711
5054042
5061094
5067659
5067858
5068002
5069381
5070088
5070213
5070494
5074706
5075210
5081396
5085572
5087491
5111782
5113196
5113344
5114465
5117164
5125439
5128872
5132584
5133985
5140743
5151418
5155050
5162897
5166750
5172887
5174940
5176435
5178399
5187191
5189135
5191851
5197577
5197697
5198318
5210518
5214904
5216280
5219503
5235729
5238172
5240581
5240688
5241592
5244417
5244756
5246541
5246945
5251998
5253904
5270861
5274037
5274074
5275533
5275795
5285922
5295566
5303393
5304250
5315890
5317291
5318581
5319250
5323595
5324067
5327216
5329648
5330679
5332470
5342846
5343595
5344176
5348293
5351509
5355802
5355981
5366033
5378254
5379611
5382427
5382504
5382978
5388003
5389006
5398802
5400253
5400409
5403513
5405713
5410428
5419296
5420140
5421386
5424869
5438721
5441406
5457080
5457811
5460561
5467518
5482807
5484684
5487509
5491856
5492030
5492326
5495118
5504107
5513230
5513552
5513788
5527865
5530068
5531718
5540657
5544614
5548308
5561939
5562917
5570452
5578620
5583757
5591340
5593172
5596123
5597072
5597519
5603014
5605528
5607476
5613390
5617631
5626716
5628653
5636257
5640313
5643026
5646717
5650870
5654680
5657584
5671095
5671956
5673625
5682125
5693500
5696856
5699605
5703376
5704500
5711617
5712187
5717074
5721876
5723433
5723807
5727369
5737385
5739753
5741106
5741489
5748354
5751201
5757350
5760121
5761083
5763219
5769324
5772566
5780591
5783420
5794737
5805394
5805792
5807558
5811881
5814481
5817196
5820720
5822630
5827869
5831659
5832840
5840993
5842036
5844191
5845549
5848878
5850613
5851679
5852153
5856346
5857031
5857698
5861589
5861799
5862075
5866182
5869695
5872939
5873880
5879212
5883166
5885408
5889853
5890052
5893747
5901438
5901753
5903161
5914304
5915253
5917233
5918754
5920822
5935328
5941296
5941614
5942534
5945033
5954739
5955872
5955920
5956926
5957461
5959244
5960787
5963797
5966205
5967306
5977297
5985503
5989744
5992242
5992609
5994088
5995693
5997414
5997879
5998032
5998668
6002909
6005931
6006453
6007264
6012257
6017179
6018047
6020964
6026562
6032919
6038151
6042358
6044715
6044897
6045470
6046644
6051137
6056277
6062986
6076211
6081507
6081681
6084798
6086238
6096108
6107458
6110626
6111352
6111448
6129132
6130122
6136283
6140550
6145504
6147050
6148735
6155063
6166390
6167917
6168783
6169766
6174687
6177307
6180741
6181731
6188978
6193179
6195716
6196412
6197700
6199492
6212449
6215052
6217354
6223531
6227919
6236844
6237925
6238046
6250724
6251907
6260461
6262762
6266558
6267864
6270272
6293954
6295463
6300474
6301112
6303077
6307055
6307078
6311809
6319115
6332239
6332351
6337424
6338744
6342819
6345063
6346241
6358697
6359849
6365402
6366310
6366465
6370313
6375004
6394933
6395035
6398273
6412896
6417695
6417912
6422479
6423541
6428690
6433257
6434333
6441110
6442802
6445875
6459379
6465243
6468690
6476489
6476805
6476825
6477276
6478409
6479567
6488205
6492227
6496481
6498691
6507000
6509380
6510770
6511114
6511346
6522539
6526714
6534075
6542590
6550912
6551989
6553114
6557822
6558861
6561147
6563243
6576698
6596549
6596708
6598484
6601121
6602047
6604145
6606942
6607572
6609696
6610840
6614604
6618439
6623799
6629120
6632531
6635104
6639332
6648451
6649751
6651007
6660881
6663208
6665805
6670833
6673140
6674985
6676142
6679619
6682545
6682631
6682680
6687324
6692862
6700576
6701040
6701356
6719954
6745342
6751881
6754812
6775753
6776267
6778458
6779816
6788013
6788125
6794196
6796986
6811803
6818051
6818893
6820272
6823278
6827576
6834705
6838220
6838929
6842358
6846913
6847257
6853095
6857240
6857361
6857610
6860138
6860761
6861144
6863408
6876221
6879674
6880188
6880786
6887475
6905681
6909056
6912736
6912907
6915118
6915276
6923556
6926826
6927793
6928302
6931135
6931319
6931431
6932058
6942528
6943600
6944076
6946650
6956876
6958251
6960836
6963359
6966714
6969418
6971880
6983873
6984887
6986509
6989098
6989742
6990762
6995277
6997343
7000112
7004922
7005252
7008018
7009182
7009238
7013436
7015970
7029648
7029842
7033145
7036713
7037717
7046677
7055013
7061000
7065775
7072423
7072472
7076464
7084879
7085021
7086733
7093328
7093973
7097686
7100323
7105093
7105487
7106579
7110401
7110608
7122938
7124428
7127443
7128051
7128119
7129740
7140177
7141357
7145989
7154944
7156070
7158765
7159353
7163833
7171499
7171538
7173547
7173962
7178569
7182164
7194995
7195807
7201857
7205029
7206302
7210260
7220559
7224679
7229109
7232758
7234487
7241706
7242953
7248208
7255262
7258660
7263161
7266813
7278524
7282572
7283589
7288160
7290775
7293621
7300498
7300848
7304710
7305306
7305322
7306580
7320379
7321080
7323806
7326991
7332644
7337122
7342341
7347490
7354970
7359046
7359073
7364791
7372632
7376831
7379236
7381245
7382417
7382657
7384208
7385490
7391210
7393326
7399461
7401230
7402484
7404207
7409534
7416161
7422619
7423071
7424421
7425696
7431296
7439986
7440415
7442348
7442602
7443829
7445504
7449305
7466342
7477266
7493721
7495174
7498100
7499207
7499331
7503713
7506531
7509878
7509976
7512128
7512399
7515379
7515665
7522514
7526886
7527207
7532298
7540108
7546325
7548042
7552096
7554640
7554674
7556094
7556384
7559483
7562545
7562825
7571525
7583203
7589191
7590975
7593305
7596682
7600321
7610855
7613561
7616576
7622198
7624133
7631722
7639654
7641633
7644993
7645627
7649268
7651679
7656368
7657234
7665782
7673833
7677451
7677906
7678733
7687018
7688581
7691369
7693174
7693277
7693512
7694202
7695135
7695844
7697718
7698619
7700258
7710451
7710742
7711410
7719193
7723333
7725484
7735576
7737823
7743329
7744675
7748770
7749752
7749936
7752385
7754213
7757959
7762865
7765050
7765199
7772730
7775811
7778965
7780647
7781523
7784190
7784840
7791517
7798660
7805367
7806232
7806985
7810511
7815960
7819438
7819930
7821481
7827151
7833300
7833515
7833532
7846033
7850445
7853438
7860745
7862550
7867876
7875934
7892362
7895128
7895537
7900804
7902781
7902792
7904120
7912532
7922886
7930206
7933916
7937885
7946733
7947066
7950928
7957859
7958480
7958877
7960121
7966450
7968731
7970694
7975808
7975953
7978274
7979549
7981709
7986958
7989896
7992130
7994673
7995215
8000674
8003966
8006072
8006772
8006943
8012161
8014465
8019423
8019653
8019898
8020208
8027068
8028731
8034103
8034505
8036619
8037687
8039822
8041175
8056773
8057233
8057674
8064461
8067450
8069082
8071220
8075816
8077662
8080655
8083418
8096394
8097679
8097727
8098233
8104800
8106603
8110656
8119964
8123282
8126978
8128784
8136229
8142715
8147162
8152711
8165103
8165261
8169980
8170005
8170453
8184888
8192621
8193920
8196063
8197084
8198835
8200827
8202949
8210124
8211991
8220385
8226980
8228029
8229494
8230280
8232982
8236613
8238356
8246248
8254540
8256184
8261741
8269659
8278586
8282472
8291586
8303169
8306138
8319701
8325513
8337024
8341329
8343013
8346533
8350939
8364255
8379104
8380479
8381823
8386582
8390564
8396961
8403191
8408886
8416047
8422969
8426120
8431508
8434308
8436169
8443965
8444851
8455513
8458359
8466273
8469640
8472283
8472372
8475726
8476752
8483244
8484934
8489669
8492667
8508029
8508490
8522492
8530063
8530985
8533401
8534266
8534457
8540394
8541479
8541914
8544442
8544905
8552155
8553813
8556669
8557984
8559362
8562669
8567340
8569308
8578998
8579902
8581327
8581609
8584791
8585210
8587824
8587885
8588314
8602260
8604278
8608924
8614382
8614897
8636821
8636937
8642839
8643918
8646292
8660667
8663675
8668296
8673100
8674528
8676004
8680277
8684949
8686111
8692162
8693958
8694133
8695002
8701713
8703812
8704727
8706101
8708744
8708899
8711971
8712440
8718629
8720131
8723942
8724377
8736517
8738829
8739064
8742141
8754437
8754835
8757345
8759909
8762159
8764704
8764939
8776020
8776914
8780914
8781828
8783390
8785744
8787555
8788791
8791195
8799124
8805812
8808556
8809782
8809869
8814300
8816572
8818852
8821381
8823528
8828049
8828588
8831945
8834772
8835172
8836550
8838104
8842398
8844804
8844870
8847756
8852044
8856063
8863659
8864008
8864831
8865651
8869358
8870648
8872037
8878785
8888184
8892471
8895631
8896982
8899338
8900451
8900540
8902816
8903404
8904392
8905530
8912622
8914368
8917822
8920896
8927357
8929712
8935268
8944141
8944377
8950118
8960027
8962016
8969108
8971905
8975659
8977551
8977918
8978828
8983636
8998077
9000090
9006907
9007122
9011329
9013190
9018451
9027308
9028951
9029371
9034175
9045491
9048847
9053868
9057132
9062972
9066753
9068890
9071058
9079199
9093439
9097166
9097766
9101595
9111442
9114566
9116111
9116926
9123594
9132622
9133480
9135406
9142361
9145655
9152726
9167346
9168285
9171657
9178068
9189143
9190333
9190911
9191652
9195593
9199041
9208044
9216459
9219208
9222513
9222923
9232118
9234952
9235632
9236435
9246998
9247772
9247883
9254811
9260191
9272028
9274966
9277255
9277885
9283234
9289141
9296087
9297854
9298525
9302982
9304275
9310752
9317797
9319762
9325254
9327830
9332689
9332764
9341751
9343912
9346865
9352242
9355935
9358294
9361653
9362762
9364227
9379241
9387450
9388337
9388711
9396369
9398296
9404686
9408218
9409688
9411751
9413301
9414619
9429634
9431654
9433214
9435958
9439256
9440186
9443153
9444885
9444996
9449281
9449856
9454233
9456440
9464682
9470217
9470649
9473740
9482670
9489209
9490252
9501638
9508120
9513914
9519140
9521376
9523189
9525684
9532959
9535003
9539645
9541001
9541425
9542464
9552643
9554170
9559636
9578041
9589900
9592850
9595053
9597172
9603451
9611398
9615123
9615231
9618874
9619269
9619949
9621724
9627861
9630718
9634486
9638455
9638693
9639744
9639745
9646959
9653816
9653846
9654717
9657280
9663978
9669407
9670138
9670282
9672100
9673487
9674926
9679463
9686548
9686787
9689920
9691942
9701332
9704495
9706293
9708715
9710341
9713874
9714857
9715680
9716300
9717540
9719564
9720086
9731065
9734539
9736954
9739331
9740078
9742704
9747034
9753488
9754469
9755760
9755807
9764895
9765656
9776826
9778818
9785383
9791639
9793543
9794791
9795807
9796022
9799748
9809152
9818315
9819518
9821425
9823680
9824105
9825263
9827521
9847570
9848840
9861236
9861375
9894141
9899312
9903140
9920546
9923706
9924999
9931116
9932968
9934488
9935681
9937890
9937976
9948888
9953516
9954328
9955513
9965650
9981967
9983824
9985227
9990623
9995271
