3289
8146
10919
14122
21947
22584
24862
27205
28808
45328
52039
53617
54924
58397
71987
73111
79830
80818
82634
95851
96676
96704
114912
131755
134636
144787
151031
152015
160847
165945
166407
172198
178537
179742
186327
187893
189809
194252
194372
196663
196676
197691
204463
205648
206141
208439
208832
211128
219789
228257
229761
234122
236785
237366
245206
247844
248719
255994
260823
267764
273952
275195
275847
275970
279776
281376
284919
285796
286940
286971
288469
288750
294144
295736
300979
303504
303985
306566
309575
315579
316735
319875
324334
360066
361201
371180
374660
376638
380128
381719
388250
394717
395487
396732
398596
399474
399940
403796
408963
409295
411163
416506
417189
417820
418890
427358
435158
436780
437948
438191
438534
439473
440526
441276
442494
443231
446231
450307
454003
458228
461568
466784
468906
469942
474762
476181
476886
477151
480167
485156
485604
486316
488396
491056
492584
499938
500055
505275
507573
507673
507798
507913
510397
512113
518556
524476
525366
527150
530827
540770
542094
544723
544962
547324
548984
549886
550548
551896
554217
556908
557493
558726
568320
582168
585071
591867
597957
598809
601417
609037
610826
615271
617424
624532
630632
632927
641369
647575
647873
650840
657897
662453
664657
665270
667981
681909
685950
686906
690873
691158
693392
693953
696641
697748
705194
717175
723541
729037
748462
754060
756002
760987
763042
763555
771551
772429
776645
784949
785409
792518
794511
797845
799635
800163
802409
804299
804428
810348
822075
822512
823040
840345
844583
857272
858599
862035
864319
878300
878431
881145
884738
885485
892094
897782
903933
905498
910123
922758
924878
926906
934980
948625
953923
957899
958468
962451
965058
966692
967786
969330
974193
974640
981641
983902
988795
994342
997387
999623
1000665
1004550
1006160
1007477
1008200
1012002
1012207
1012591
1017046
1022112
1024254
1026311
1029728
1030447
1047696
1054509
1056061
1058103
1061364
1062192
1064943
1076301
1077344
1082118
1086988
1091280
1092192
1094001
1098258
1099406
1102486
1110817
1114528
1116836
1120090
1121372
1122923
1123276
1126015
1130177
1132064
1134312
1144194
1147480
1147868
1156279
1158394
1162207
1162443
1167144
1171330
1172666
1173721
1183173
1189398
1189510
1190242
1191972
1197536
1198746
1199267
1200470
1201486
1204380
1216144
1230642
1234363
1238443
1248265
1259416
1261723
1261921
1262427
1263061
1265501
1268600
1274072
1274622
1276414
1281772
1288522
1290979
1291196
1292596
1293476
1301404
1305501
1313756
1314789
1318591
1319527
1324175
1328022
1333804
1336336
1336517
1339322
1339760
1345487
1358947
1361904
1362135
1375687
1379077
1385507
1386225
1386312
1397945
1405765
1409099
1410923
1414496
1415154
1421431
1422691
1425997
1426123
1426782
1440261
1441006
1441218
1449679
1449982
1454553
1455009
1456369
1465230
1472174
1478450
1479909
1479977
1480838
1482009
1482999
1485207
1487978
1489404
1492651
1492906
1493755
1493771
1498262
1508737
1512069
1515189
1515299
1521111
1523913
1524316
1530492
1535184
1540816
1544518
1546707
1553471
1555272
1568382
1581319
1585468
1592834
1601778
1605767
1606553
1612115
1614378
1614934
1616700
1617623
1620116
1620326
1625815
1631958
1632689
1640716
1641972
1650762
1653423
1654818
1657570
1672026
1672228
1674714
1682128
1690547
1697923
1698267
1705054
1709105
1711536
1714189
1721810
1724552
1725802
1726116
1726878
1728173
1729960
1730724
1738773
1741511
1743576
1743919
1752869
1755565
1756067
1763173
1768093
1772359
1779009
1787239
1798040
1799315
1801176
1802201
1804108
1806298
1809353
1812451
1819421
1819600
1820931
1824751
1830552
1833184
1833454
1838968
1840227
1841412
1846560
1851738
1855542
1858485
1864261
1864434
1865225
1870312
1871938
1873218
1879640
1885836
1888459
1896447
1899336
1908467
1909438
1915196
1916220
1931598
1933630
1937464
1938673
1939163
1940026
1944216
1946271
1947455
1950936
1955200
1956405
1963817
1977994
1982323
1991014
1995821
1999950
2000286
2001534
2006399
2009599
2011032
2017911
2020212
2023055
2027386
2028098
2028734
2031788
2033105
2033345
2036366
2039266
2042969
2044869
2045567
2047850
2048027
2049131
2051589
2052964
2066641
2071528
2073198
2079999
2080387
2087956
2094621
2103682
2108125
2114249
2137872
2146173
2149183
2155541
2160385
2165520
2165552
2166471
2184194
2189214
2191150
2194424
2207058
2208057
2210515
2215432
2224169
2231833
2234807
2244216
2244416
2255733
2257371
2258683
2259159
2260991
2267690
2269865
2275677
2278923
2280349
2281159
2284674
2285869
2287007
2288465
2289294
2293727
2293982
2297483
2302375
2306949
2315250
2316409
2325144
2326297
2331426
2331582
2339346
2342259
2345911
2352755
2362522
2363544
2370201
2373447
2374351
2374378
2375768
2377326
2379390
2380906
2383736
2387169
2395616
2401498
2401811
2403343
2403815
2404417
2404942
2408807
2426351
2442138
2448260
2451193
2453003
2457622
2460102
2463756
2466081
2468548
2480437
2484225
2484849
2491645
2501169
2506926
2514243
2515892
2520311
2521506
2526773
2529874
2535947
2540224
2543709
2551338
2560118
2572150
2572849
2573744
2573905
2580292
2584113
2587189
2587341
2590822
2591793
2593017
2593707
2595181
2596712
2597256
2597846
2600601
2603042
2603362
2610474
2614420
2614741
2617161
2619744
2620721
2629379
2629887
2639168
2639672
2639841
2641508
2642284
2653047
2657589
2661805
2668898
2672376
2672617
2676405
2679657
2682153
2687998
2694762
2697610
2718673
2719288
2721839
2722559
2723986
2724104
2744950
2748941
2749219
2751614
2754122
2757181
2757234
2757301
2758199
2759791
2759988
2766185
2767505
2768777
2776100
2781635
2782089
2785331
2792941
2802494
2802939
2803119
2803428
2804268
2806478
2812209
2816868
2819029
2822778
2823154
2829466
2831058
2838557
2841727
2843684
2858606
2860371
2865466
2865806
2865873
2866876
2876353
2883768
2887849
2888967
2892478
2893771
2896160
2899116
2905882
2907015
2911511
2914638
2918019
2919860
2924473
2926382
2926392
2927362
2932540
2938715
2939913
2948219
2960332
2967981
2968157
2968470
2968851
2970679
2971789
2977347
2998107
2999183
3001924
3006462
3014238
3017617
3018141
3018462
3023600
3027478
3027913
3029600
3039880
3042990
3050230
3050745
3051851
3057262
3059685
3064866
3070030
3071346
3077384
3084030
3085292
3088915
3092227
3092566
3097553
3101159
3103131
3109154
3111670
3113075
3116952
3118199
3120116
3123633
3124423
3125658
3132362
3138583
3142112
3148929
3152438
3163454
3164016
3166667
3171841
3173376
3188046
3192509
3193006
3194561
3198622
3201294
3202630
3205400
3205852
3212782
3214182
3218701
3218978
3219818
3221622
3223003
3223094
3225845
3227157
3228034
3237444
3239541
3248400
3249019
3250508
3255701
3255973
3256174
3263920
3269095
3273688
3276669
3277759
3284219
3284867
3285998
3292070
3295422
3297423
3298795
3304738
3305918
3306390
3307198
3313466
3336565
3341038
3341982
3344193
3353155
3362695
3365455
3370479
3381982
3384205
3391773
3396426
3403080
3403697
3406354
3424199
3426433
3430166
3448296
3449804
3455985
3463869
3464405
3467066
3468147
3472549
3474667
3475067
3480318
3480990
3485352
3487049
3487317
3489141
3491529
3505161
3512506
3514784
3517511
3519227
3526871
3536854
3537220
3537376
3539474
3548079
3548512
3550315
3553858
3559352
3563047
3565265
3571977
3578669
3589545
3591542
3593740
3597514
3610360
3618036
3622238
3639013
3639165
3641321
3644979
3654987
3656362
3661808
3663148
3664188
3666392
3666677
3669575
3671385
3678327
3682778
3687502
3689610
3694290
3697869
3697963
3699422
3715306
3716030
3718617
3719952
3722586
3724662
3727680
3728357
3743786
3747169
3749886
3760449
3770814
3773355
3774125
3775092
3775961
3789369
3790313
3801365
3811662
3815555
3816741
3816966
3818323
3820612
3821547
3827291
3830602
3836789
3839498
3847623
3852501
3858613
3863305
3867358
3874941
3876560
3882554
3885204
3887393
3894957
3896547
3898539
3907777
3910382
3912987
3916640
3916723
3920005
3925735
3929435
3936458
3939877
3942268
3944432
3947105
3952023
3954339
3955460
3961352
3964661
3966496
3971828
3972209
3979792
3989008
3997280
4000579
4004977
4005672
4006241
4008321
4016096
4021369
4025942
4028301
4030154
4032744
4032984
4038909
4041126
4047738
4048899
4049131
4051799
4065143
4071970
4074220
4076243
4077106
4078288
4078433
4079285
4080633
4081388
4089481
4093559
4097217
4097263
4100558
4108435
4112194
4121338
4124045
4130699
4136313
4136463
4137898
4141170
4148774
4149452
4152609
4154990
4155646
4163291
4164191
4172448
4181681
4182176
4182523
4187957
4190144
4200117
4211331
4215374
4220933
4225427
4230493
4233187
4234546
4234645
4237010
4245921
4245979
4256826
4257806
4258833
4262295
4263846
4263956
4264190
4269468
4276458
4278121
4279348
4279807
4280019
4283846
4285174
4294293
4299120
4307925
4308315
4320507
4325252
4331988
4332349
4338755
4347882
4352424
4360432
4364042
4370325
4375566
4380953
4380963
4382192
4388733
4389851
4390374
4393764
4393937
4397704
4400306
4400672
4402142
4402369
4403751
4406557
4415892
4422402
4423706
4425191
4433102
4437491
4443976
4446567
4446702
4447895
4448930
4452002
4452325
4458047
4464284
4465634
4469965
4470703
4472137
4476215
4482996
4485604
4486281
4491482
4492005
4497174
4498200
4501883
4503786
4512762
4513108
4519278
4521890
4528343
4530493
4530761
4539922
4543300
4543866
4551717
4561889
4565261
4567863
4568455
4572712
4572953
4580435
4582029
4583140
4584010
4584064
4584447
4585644
4592366
4602435
4613800
4620529
4620749
4620984
4627413
4637263
4645261
4648875
4667360
4682394
4691681
4692307
4693347
4693805
4694788
4695825
4699161
4710229
4710339
4711163
4711179
4711784
4713096
4722731
4727923
4735542
4744210
4744484
4751635
4755916
4764031
4772238
4773418
4784922
4789960
4795939
4806869
4811091
4816894
4820030
4822751
4824502
4825168
4826431
4830995
4835884
4840531
4850077
4851618
4868804
4870225
4874565
4879371
4880140
4880297
4889402
4891867
4902788
4904985
4906007
4906336
4912422
4914608
4915773
4917969
4925964
4932904
4938463
4951811
4955592
4968669
4969237
4974014
4976132
4981203
4982165
4987857
4992094
4997616
5014125
5022062
5029118
5029948
5032030
5033378
5034656
5034715
5037225
5041289
5042098
5042495
5042960
5043348
5045214
5050534
5060760
5065430
5068948
5075492
5085012
5085687
5092884
5094982
5096598
5099976
5100015
5100214
5100757
5106685
5107164
5109654
5124575
5131484
5134734
5138156
5152253
5157702
5159702
5161710
5163090
5174020
5178553
5179563
5184705
5189521
5193636
5195551
5199304
5205909
5212580
5217467
5221817
5223425
5226060
5229687
5231717
5237030
5238925
5245373
5249967
5250929
5261646
5262901
5273261
5274592
5274953
5277115
5305001
5313369
5314351
5318099
5321260
5328333
5335944
5349324
5350309
5350497
5352676
5358355
5359722
5361709
5363135
5363986
5365538
5371627
5384692
5407506
5408869
5410643
5412332
5416458
5418624
5419312
5420159
5424433
5427273
5430094
5430884
5432004
5433664
5438471
5439890
5439935
5444670
5445424
5446946
5451014
5457366
5470750
5483647
5487131
5494065
5497473
5499258
5499965
5502450
5506041
5513742
5516848
5527735
5528271
5535799
5537753
5540716
5547872
5549285
5550789
5557234
5558934
5560080
5560468
5561708
5563117
5572720
5574092
5585939
5588031
5588364
5591554
5594935
5597871
5597882
5602482
5603872
5604458
5607157
5618017
5621101
5623666
5631122
5631325
5635819
5642708
5646467
5653486
5668888
5669782
5670066
5670699
5670936
5674221
5676786
5678552
5680921
5682404
5686111
5689611
5689813
5697384
5697639
5702882
5710449
5718354
5721289
5722842
5723915
5726024
5726320
5728146
5732594
5734261
5739781
5745632
5747218
5755726
5770569
5771154
5774204
5780598
5782256
5783243
5794746
5800625
5800803
5806118
5817174
5831914
5837449
5845212
5848545
5850234
5850446
5851822
5866234
5869004
5869255
5870920
5871163
5875591
5878754
5881427
5885986
5893125
5895226
5906741
5908999
5920544
5921406
5923559
5925292
5927652
5930259
5944961
5947984
5955307
5964199
5966998
5977412
5979585
5988461
5988468
5990214
5990319
5996072
6003694
6005200
6011887
6013140
6014377
6015177
6021032
6022341
6027816
6033392
6035120
6040736
6042639
6051357
6061323
6062299
6063312
6063395
6067902
6072838
6077574
6086152
6089727
6090612
6090872
6098145
6102541
6104445
6107340
6114616
6118302
6162223
6162839
6168902
6176705
6179077
6181271
6185844
6187182
6204369
6214482
6216871
6220337
6222186
6228658
6230214
6236017
6236279
6241004
6250951
6252531
6270501
6271668
6276454
6278404
6279746
6279988
6284476
6287950
6289131
6292568
6293718
6296978
6297131
6300954
6301547
6315043
6322983
6330658
6343286
6345892
6346938
6351194
6357432
6359322
6360820
6361984
6364028
6364286
6366950
6370740
6378576
6378668
6379435
6381364
6381569
6385082
6386024
6394494
6408730
6410493
6415244
6418057
6428465
6430029
6436866
6444704
6445741
6446857
6453978
6456756
6461419
6463391
6467535
6476926
6484566
6485852
6486853
6492844
6492956
6503731
6508888
6514129
6519151
6519813
6529781
6534312
6543710
6544697
6546667
6546743
6549036
6554099
6554104
6565660
6571434
6575020
6578055
6583097
6585360
6587841
6589122
6590044
6591092
6594694
6595681
6599544
6610439
6617939
6618208
6620380
6625764
6629731
6629874
6629977
6638707
6639609
6640719
6643670
6643821
6652336
6660640
6663590
6666471
6669883
6674925
6675056
6675972
6681760
6684126
6688053
6688094
6689446
6704236
6708741
6715282
6716422
6717870
6742818
6744127
6744185
6747357
6748480
6750040
6752452
6759883
6760844
6767922
6770448
6772383
6773544
6773597
6779708
6780248
6782280
6785381
6785506
6786564
6801711
6809319
6810407
6814854
6814992
6818684
6819408
6821625
6823713
6827457
6834241
6836707
6837337
6838071
6841791
6843558
6851925
6852565
6864895
6865043
6866411
6869534
6876046
6877571
6879072
6886342
6889316
6889340
6893895
6894593
6898200
6899684
6914365
6918296
6920470
6930556
6931007
6936351
6945709
6948097
6951419
6952926
6953355
6954364
6958705
6959132
6959958
6960670
6962639
6964453
6965890
6966262
6966350
6972998
6974963
6986966
6992465
6997649
7006591
7013884
7018039
7020212
7025403
7025550
7028611
7028988
7030911
7031726
7040295
7045715
7056255
7067894
7071172
7074591
7079225
7083527
7085235
7090091
7090357
7096698
7101174
7107159
7107561
7119697
7128068
7137583
7141433
7151403
7154240
7160202
7170443
7182518
7182882
7192165
7200825
7203456
7206392
7211972
7219885
7220267
7224870
7230478
7234578
7235168
7236551
7239278
7246086
7253146
7266458
7267665
7283558
7284682
7286347
7292038
7299190
7316206
7317096
7322677
7322679
7322866
7325015
7331755
7334227
7334244
7334442
7339501
7350860
7352758
7353977
7359608
7363227
7363579
7367793
7371255
7375761
7377869
7380908
7394405
7395825
7401832
7404503
7405096
7405775
7406496
7408280
7412769
7415170
7423520
7423559
7426786
7429023
7431321
7433048
7438527
7438908
7440826
7445093
7446352
7450061
7451987
7452216
7461602
7463721
7466713
7468520
7468611
7481073
7484284
7488292
7492333
7498831
7498853
7504131
7506076
7506434
7506597
7508245
7511011
7511647
7519276
7521669
7521814
7522179
7530918
7531605
7531918
7533516
7535723
7545313
7548307
7553985
7558388
7558619
7566996
7568570
7571924
7577669
7578706
7580665
7584094
7591580
7591742
7593769
7596805
7600184
7601623
7613288
7615977
7616883
7629104
7629197
7634132
7637921
7652554
7661320
7676689
7677670
7680302
7686056
7686715
7690892
7696828
7698302
7698354
7699229
7700512
7710649
7712575
7715084
7716468
7721708
7721820
7723380
7723837
7724589
7724742
7728809
7736432
7739318
7740945
7743191
7745909
7747533
7751948
7758675
7761126
7761900
7763589
7768955
7773989
7777459
7779953
7780596
7780906
7789736
7806011
7808764
7812322
7831444
7833367
7835347
7836695
7837485
7840163
7847215
7847625
7853756
7859981
7861722
7861779
7865029
7873659
7875569
7876842
7880941
7897659
7897990
7898526
7899803
7900291
7900789
7902902
7903274
7903617
7904092
7916590
7922837
7928940
7929053
7935205
7945368
7964770
7965922
7966602
7970829
7972645
7977664
7979859
7981797
7986799
7996238
8008603
8009724
8020466
8024923
8025552
8030487
8033609
8034788
8039761
8042501
8048670
8057862
8064811
8077849
8078514
8078694
8079944
8080553
8083848
8089622
8097925
8102052
8105667
8106112
8106270
8107376
8108856
8112454
8116934
8118237
8124436
8128855
8133818
8137957
8139470
8144145
8145952
8159788
8165227
8179553
8185016
8186602
8190552
8195905
8197807
8200457
8207600
8213791
8215857
8217234
8224214
8228769
8230797
8232236
8233895
8236020
8237135
8242372
8247840
8248203
8248315
8253563
8254844
8257580
8259002
8260445
8265414
8266202
8273491
8275153
8275177
8277402
8277551
8280179
8287690
8289555
8292028
8297365
8300385
8301937
8305260
8308028
8308681
8309493
8312345
8317405
8319568
8321283
8326943
8340776
8342319
8346991
8352967
8359609
8360916
8362111
8363126
8363546
8366720
8371737
8375114
8376858
8377739
8381653
8388230
8392567
8398132
8403033
8406699
8409307
8410676
8415043
8417559
8418033
8418037
8424149
8427009
8430701
8432423
8440659
8440853
8440892
8446811
8450834
8451186
8454309
8457530
8464423
8471226
8471490
8474172
8476321
8478837
8480447
8480722
8481835
8483640
8485844
8494351
8499266
8500186
8507472
8511291
8514142
8523552
8526061
8527423
8529325
8529382
8540596
8546139
8551640
8561578
8563955
8568212
8569902
8581966
8587679
8592269
8592461
8596527
8598916
8602536
8606089
8607518
8609165
8609205
8618127
8624933
8624991
8636133
8637212
8638525
8640733
8647940
8651992
8664962
8668348
8678094
8679288
8682900
8685014
8686364
8690437
8691958
8693608
8693645
8698002
8705468
8720626
8723338
8726127
8727849
8737496
8743062
8748241
8754383
8775039
8778141
8778975
8783359
8786018
8787386
8787976
8792301
8797257
8805745
8807296
8807983
8815626
8816077
8818372
8820039
8820645
8820901
8821221
8822764
8827493
8827528
8831211
8832320
8844416
8849011
8849540
8851172
8851295
8854254
8854883
8855711
8859585
8861588
8862104
8864444
8868230
8869101
8874751
8879142
8880487
8881046
8882351
8882998
8884110
8893196
8910679
8913848
8915923
8923815
8924324
8930370
8931539
8933578
8938960
8940147
8947989
8948920
8952064
8953410
8958817
8958885
8963863
8965126
8975387
8976180
8984823
9002422
9015793
9024194
9024270
9028887
9029770
9034576
9038097
9038496
9044510
9046713
9048110
9054414
9055405
9062053
9067566
9070984
9072861
9076175
9076638
9080215
9081919
9088270
9090366
9105089
9110424
9121247
9131641
9132949
9141054
9143010
9152704
9158590
9161609
9161862
9162535
9165646
9167802
9178963
9181682
9194940
9201813
9212787
9216189
9224864
9227523
9239131
9239979
9242278
9248830
9250310
9250426
9251163
9251328
9263870
9265293
9266342
9267530
9270211
9270559
9277689
9283784
9284992
9294967
9299824
9302940
9312419
9321008
9323368
9323721
9326590
9342546
9343007
9343095
9354743
9355459
9360005
9369027
9370910
9377653
9380697
9382305
9386668
9391449
9393478
9393818
9394801
9395365
9399206
9401113
9402848
9402882
9404306
9418134
9419037
9420188
9421705
9422192
9422977
9423090
9423952
9434749
9434871
9435064
9439849
9442225
9443786
9446874
9450160
9457494
9460410
9462226
9473224
9477964
9478423
9478809
9485728
9486669
9488795
9489242
9493915
9504011
9506153
9512983
9514758
9517676
9519042
9520290
9526871
9528048
9528980
9532760
9536098
9544234
9548223
9549086
9556881
9561304
9562293
9566004
9566584
9568206
9572579
9573784
9575932
9578832
9582012
9583895
9587051
9590664
9594346
9597478
9604608
9610469
9619925
9620471
9628213
9628411
9632454
9633587
9640110
9642629
9644596
9647612
9658338
9659777
9661546
9666162
9670519
9680738
9705988
9708868
9712085
9719081
9719582
9719710
9722585
9736659
9737366
9737429
9748319
9749410
9751322
9751653
9753615
9769108
9780327
9793599
9794924
9796562
9796716
9802984
9808230
9809939
9813300
9813670
9818118
9820836
9822484
9828518
9829618
9833712
9833868
9835740
9837493
9838911
9849167
9856993
9863696
9869235
9869895
9869981
9870867
9872216
9876898
9886888
9892673
9893627
9910899
9913137
9916410
9917255
9917889
9919109
9921495
9923493
9923534
9924404
9927225
9937418
9942192
9943935
9954916
9961931
9964660
9976033
9977176
9982161
9985344
9985688
9987409
9989005
9989593
9995891
