3484
6168
16245
18758
20231
21748
21802
23276
25341
31200
34603
39539
44307
49152
49859
50132
55088
55728
56156
64141
70314
70570
73891
75684
77347
79547
86851
86987
92400
96400
125603
128614
129340
129529
142949
144131
149030
151904
158858
165347
168700
171359
175701
178628
180325
184142
189851
195979
196048
197519
202789
203369
211212
213795
225181
225809
231502
235359
235729
236945
242315
243112
257240
258930
263870
266719
268095
274366
275637
276755
277158
280598
282691
292202
294992
295006
295411
305533
306372
318387
322798
327192
329295
342676
355639
366526
374600
377631
386080
388127
391197
392800
393090
400927
403075
404364
409798
412090
420093
420203
422151
427681
435354
435901
438964
441131
447584
448009
449949
450590
451290
463071
467711
468479
469366
469739
470266
479736
480697
486831
487943
489896
493717
504249
507759
510083
512156
515541
517148
530792
531543
536637
542331
542994
554495
561555
567466
571733
577296
582841
582941
583431
589350
599346
600789
601776
603364
608596
611748
613028
619316
622311
624218
625673
637836
645739
646934
649624
650560
653187
657754
658837
665623
669449
672816
682470
683498
685527
688778
711500
714188
714297
715848
719144
722379
746242
750774
754093
761334
761584
770044
770375
775807
779726
779778
782586
788586
789412
791013
800866
805647
806624
809875
814678
820863
822929
824942
829371
841880
845442
846686
849390
853078
857008
857128
857636
867004
870977
871248
878268
887500
889853
895890
896333
899629
900189
900928
902279
909113
910411
913176
913496
919474
919897
920847
923423
924003
924715
929579
930842
933692
944440
950047
952620
956898
957752
968419
975332
976233
982034
983735
984998
986869
994441
994899
995315
995833
1006719
1007723
1022729
1028960
1039574
1042897
1043693
1048219
1051690
1056731
1067303
1069741
1070242
1074058
1077841
1078987
1090335
1091174
1091744
1101016
1101341
1107923
1115828
1118375
1124264
1127679
1131340
1132138
1141410
1150768
1152340
1154066
1164966
1166969
1169112
1173577
1175209
1175421
1179798
1185252
1185485
1200923
1205289
1210696
1213800
1220141
1220177
1241043
1243881
1250395
1250720
1253185
1260745
1281914
1287413
1300270
1301388
1307730
1308678
1309257
1313446
1313477
1317942
1321575
1322092
1328235
1333952
1335629
1342639
1343665
1356687
1360505
1361399
1361878
1364636
1365677
1370175
1371222
1371405
1372802
1375443
1376921
1382295
1382831
1387840
1389108
1390587
1393126
1398852
1399163
1401248
1408774
1412169
1412293
1422507
1425026
1427954
1439636
1447700
1448536
1450514
1455822
1468127
1472605
1473782
1474055
1475772
1476279
1478772
1485602
1485726
1488496
1488897
1490140
1491506
1493977
1496561
1497988
1499162
1502035
1504050
1506427
1507548
1523138
1524351
1526605
1530165
1536029
1538177
1549267
1552739
1563837
1564097
1570251
1570933
1574425
1579066
1580578
1583530
1583900
1586002
1586839
1587909
1590535
1592073
1594764
1596027
1597929
1599477
1606513
1608623
1609977
1613051
1613478
1618125
1621353
1624603
1630676
1640090
1641676
1642027
1643064
1644722
1646201
1650091
1650252
1654743
1659278
1671493
1676821
1679083
1685222
1686129
1690397
1698363
1706299
1710027
1711591
1711946
1714835
1720668
1721188
1734943
1738803
1740931
1743460
1746073
1746249
1757349
1762190
1778157
1778178
1778505
1780641
1783876
1788650
1789694
1795158
1796825
1796839
1797089
1801865
1806475
1807528
1812667
1813016
1823228
1829786
1833777
1839023
1839035
1853626
1864735
1869411
1871863
1874931
1878591
1879774
1882861
1886955
1887540
1897346
1901739
1922588
1928880
1929047
1934863
1936169
1938421
1948829
1949718
1952255
1955460
1966553
1966846
1972443
1973736
1975935
1984534
1984676
1991472
1991482
2002374
2003998
2012470
2013170
2013450
2017002
2020496
2024535
2035266
2036258
2037076
2043849
2044511
2046755
2058759
2067924
2074942
2076857
2076930
2078032
2078539
2081357
2082020
2083509
2086813
2092985
2098508
2099323
2104876
2108514
2108822
2111091
2113972
2116986
2120444
2120868
2125042
2150097
2151153
2158037
2158984
2165326
2165413
2167705
2183309
2185418
2193668
2195027
2202666
2203168
2203792
2205592
2208139
2216569
2217748
2224608
2228670
2232833
2240026
2244753
2246949
2253101
2255478
2255608
2261700
2266832
2271945
2275487
2279789
2282366
2287367
2293609
2299723
2307389
2313741
2322594
2322857
2323653
2325755
2326605
2327319
2330818
2333196
2335331
2335803
2342128
2345275
2346468
2351851
2353332
2357214
2365323
2367970
2370498
2374257
2378278
2378831
2386198
2388016
2388856
2389455
2390286
2397844
2400628
2402848
2403826
2410322
2412983
2414155
2423290
2426470
2428751
2429084
2440782
2445930
2449110
2455150
2460332
2461968
2466913
2467368
2473895
2474119
2480117
2487985
2488853
2494768
2497022
2504916
2507750
2511090
2512452
2519505
2528009
2538029
2539030
2539672
2542074
2549460
2566303
2566365
2573907
2575489
2576466
2590090
2593856
2595898
2601007
2601624
2602686
2603156
2608848
2610050
2623522
2626329
2626914
2634401
2635505
2638878
2644778
2646348
2649832
2650217
2659429
2660861
2667728
2672128
2673781
2675084
2681053
2686030
2686280
2693049
2694636
2695029
2700965
2701082
2704090
2705843
2711913
2728295
2729863
2742561
2753006
2761816
2761850
2765971
2768085
2777173
2779068
2781660
2782764
2783028
2783747
2784412
2788367
2793067
2794444
2794663
2807349
2813957
2815106
2821739
2822230
2834379
2835574
2836013
2838889
2843402
2844309
2848265
2850344
2861506
2867903
2874297
2876124
2876624
2877188
2878185
2880686
2887437
2890794
2893189
2894074
2905232
2905711
2918632
2928044
2936120
2949541
2955447
2956607
2957218
2958007
2974312
2978767
2981520
2988373
3000532
3001535
3002043
3005756
3009035
3011498
3015717
3016617
3016633
3017882
3024204
3029273
3033883
3037704
3041722
3042419
3043274
3046008
3055938
3088851
3090574
3096345
3102668
3105874
3107307
3112304
3115426
3115573
3118875
3125346
3125844
3126290
3129027
3129759
3130154
3132496
3137579
3139268
3140072
3143341
3145828
3156346
3157464
3158617
3165637
3167386
3167923
3178384
3179749
3181049
3182885
3191301
3193631
3199829
3201508
3204469
3204993
3206774
3209507
3212386
3214047
3226032
3230199
3232252
3233117
3237679
3239315
3243922
3244342
3244920
3246787
3258865
3261038
3268426
3272561
3274438
3279711
3281794
3281957
3284745
3286610
3287081
3292314
3292956
3305144
3306031
3322088
3328627
3331076
3334066
3334819
3345918
3347389
3347913
3352045
3353569
3356254
3357305
3359025
3361073
3363152
3368563
3376692
3381540
3384608
3386223
3388310
3389824
3396019
3398032
3400454
3400700
3407117
3407830
3408258
3408683
3408713
3409008
3421323
3423556
3424752
3425423
3437375
3441505
3445348
3448031
3450389
3452380
3455271
3456732
3456765
3459576
3461929
3465224
3469801
3478153
3481320
3481537
3498246
3501433
3503767
3505954
3506778
3515210
3516859
3518444
3520548
3521754
3537692
3555718
3560410
3566556
3578492
3579528
3583069
3583676
3591848
3596888
3599654
3603490
3604507
3605449
3606435
3609800
3612887
3614836
3620409
3622699
3623893
3626188
3626266
3626517
3634530
3636780
3643157
3643257
3643519
3649550
3655309
3656519
3659277
3666846
3669065
3669583
3673819
3675122
3684314
3692792
3702837
3705339
3705665
3710537
3715112
3720241
3735947
3743753
3747461
3753871
3759061
3765586
3772819
3776901
3781046
3782628
3790287
3810091
3814801
3816511
3816803
3817867
3819136
3824764
3836942
3840676
3845215
3849873
3850277
3853099
3855439
3858322
3859273
3860967
3861354
3867450
3868029
3868685
3874342
3874914
3877501
3880297
3884332
3887879
3889165
3890797
3893441
3908530
3913641
3913711
3917523
3923037
3929324
3934622
3941433
3944083
3945333
3952435
3956398
3957454
3961353
3964643
3969138
3979642
3985569
3987210
4003567
4004059
4005201
4005767
4009892
4011336
4013004
4023085
4027255
4032342
4036938
4042809
4052047
4056043
4059952
4064641
4068979
4072093
4073404
4076100
4088510
4089629
4093216
4097545
4097736
4098129
4100273
4101538
4104714
4108119
4109986
4118400
4120753
4123904
4124101
4129984
4130012
4131862
4143412
4143879
4145030
4159703
4160293
4168735
4180405
4181633
4181654
4186515
4187632
4189248
4203493
4205822
4207118
4219118
4222732
4231850
4234646
4244081
4244562
4263352
4266680
4268416
4269849
4274570
4276543
4277752
4280820
4281864
4311169
4311738
4312290
4313749
4320573
4321774
4323746
4328372
4330866
4333043
4333759
4340537
4342854
4349612
4354959
4364162
4373917
4380273
4383785
4384636
4385367
4394969
4397077
4418733
4420138
4423506
4423687
4427152
4441764
4443763
4445793
4448959
4456547
4456890
4461747
4463713
4463976
4465866
4479601
4481148
4481356
4482660
4483434
4483559
4485860
4491519
4492348
4506376
4508711
4517373
4522001
4525282
4525598
4527516
4528943
4529892
4532896
4533263
4537708
4544949
4549456
4555501
4556822
4560396
4561613
4567573
4570372
4575875
4580553
4583054
4588338
4589362
4592316
4598628
4599335
4603152
4604137
4612244
4620590
4631401
4634460
4635379
4635950
4645639
4648158
4659290
4662111
4663944
4667467
4667672
4677642
4678989
4679096
4689060
4693562
4694386
4696206
4696535
4699338
4714062
4715791
4716216
4717291
4726911
4728923
4736981
4739507
4739706
4745670
4747095
4753318
4757805
4759328
4761286
4762587
4763841
4769277
4772529
4775484
4776535
4778721
4779209
4791200
4791995
4803122
4807668
4820292
4825475
4834947
4835319
4835529
4845395
4846663
4850646
4854367
4857356
4860366
4864749
4865127
4865979
4871778
4876774
4881002
4893528
4903237
4905005
4912613
4914039
4914097
4918474
4923756
4931118
4932776
4934448
4937021
4940066
4950121
4950510
4955750
4959778
4960158
4962053
4962191
4963921
4965667
4967840
4970557
4970732
4972079
4975201
4975946
4985298
4994756
5000403
5000606
5004620
5004660
5006199
5007262
5008810
5020234
5022611
5023095
5025445
5033176
5036885
5041353
5043549
5043961
5050844
5059699
5063391
5069389
5072370
5087254
5092883
5097689
5104052
5104973
5112741
5116244
5121662
5121998
5123621
5123893
5127065
5127600
5128428
5132252
5142648
5152423
5155019
5162941
5166456
5171108
5172598
5175669
5185878
5189067
5192645
5195067
5200104
5207811
5212587
5219888
5221819
5222445
5223784
5227281
5229196
5233840
5237971
5238006
5239899
5240719
5243019
5247275
5258674
5262266
5265503
5273854
5274480
5284006
5287924
5290612
5295428
5306753
5309128
5309998
5326927
5328173
5330541
5333563
5342316
5346241
5346885
5347747
5350907
5352108
5361185
5362876
5367448
5372412
5382541
5387446
5391692
5392230
5395497
5399706
5402437
5403112
5404919
5408415
5427662
5432059
5433999
5437204
5438591
5443619
5456625
5466849
5475506
5478591
5483923
5486930
5487907
5489170
5496472
5496674
5501601
5502171
5502920
5514933
5519880
5522520
5530885
5533280
5533580
5534233
5539542
5540511
5540699
5548336
5549344
5551481
5551795
5554109
5573876
5582204
5584417
5587442
5588239
5594371
5597025
5598972
5604268
5608588
5616934
5619839
5623645
5623664
5631071
5636054
5637423
5639981
5642508
5643957
5647388
5648058
5655270
5655540
5658841
5672446
5675985
5677381
5677460
5682455
5684112
5685017
5685531
5693173
5700544
5708091
5709369
5718704
5719106
5721920
5724831
5731361
5731511
5737662
5738252
5739351
5740466
5740993
5744748
5749134
5752902
5753736
5756909
5760033
5762358
5762784
5770976
5771799
5772845
5775933
5786979
5789833
5792372
5796486
5798246
5798784
5804268
5804430
5811895
5812832
5814910
5817001
5818644
5819979
5821402
5823688
5835011
5840781
5850631
5852758
5854012
5854515
5857227
5864997
5870260
5876291
5884037
5885545
5893446
5899461
5902182
5909271
5909443
5911017
5911387
5915746
5920200
5921445
5921772
5926434
5928238
5934399
5934506
5934704
5953292
5956636
5957784
5960704
5962554
5970849
5979195
5980918
5998574
5999718
6003654
6008557
6011936
6016974
6019095
6019687
6021089
6038617
6040403
6042229
6045749
6053332
6056703
6059180
6063758
6064576
6068139
6070551
6071648
6077686
6078927
6080865
6081128
6085552
6100424
6101051
6101752
6103961
6110609
6111739
6118352
6119047
6121476
6122264
6124645
6125316
6128343
6130020
6133553
6134854
6135206
6137908
6138017
6141614
6141823
6144553
6155748
6157914
6158322
6158670
6159090
6163845
6165149
6168646
6179347
6179920
6183651
6185790
6192311
6192742
6192849
6194435
6197881
6207913
6211084
6211378
6213168
6214251
6218765
6218823
6219387
6227344
6232134
6233480
6241339
6242112
6248500
6250478
6254523
6255195
6258397
6261063
6270698
6274217
6279067
6279084
6286892
6291695
6301602
6302115
6313379
6313676
6316332
6319504
6324844
6332070
6338971
6340433
6346099
6348999
6352294
6357012
6360939
6367405
6369599
6372124
6373968
6381537
6383075
6384035
6385921
6388917
6389132
6391434
6394044
6395076
6395904
6403153
6403227
6404689
6422479
6426451
6426775
6427592
6433401
6444836
6444904
6446903
6455093
6455679
6462650
6464534
6464998
6466718
6467368
6467773
6471192
6477556
6481487
6483647
6497448
6497822
6499893
6500314
6507954
6512998
6521221
6521295
6523133
6528459
6531410
6536531
6537087
6540323
6548114
6549615
6567196
6568265
6573178
6574399
6575766
6587639
6591455
6593120
6593724
6597627
6598471
6599828
6613203
6621772
6622783
6629722
6635639
6637464
6640131
6642943
6650443
6653376
6655899
6658728
6665036
6666308
6669895
6672484
6672699
6676825
6681363
6681619
6687355
6695254
6696753
6697805
6711321
6721099
6721733
6723443
6727865
6728433
6731512
6731761
6732367
6734888
6739452
6742915
6748179
6749928
6750060
6757324
6766817
6769802
6783013
6783118
6783782
6792900
6793218
6799495
6803610
6806634
6807841
6808843
6811092
6818584
6819139
6823458
6827174
6829992
6834732
6836487
6837294
6838031
6841643
6862290
6864648
6864777
6867775
6870723
6874333
6876518
6881085
6882747
6891098
6894245
6896018
6908042
6908832
6910320
6915379
6921575
6928694
6929248
6929832
6933044
6936189
6938231
6938356
6938951
6940039
6962759
6971463
6979056
6980913
6981276
6985052
6987367
6995449
7005774
7007922
7008824
7015776
7019358
7024766
7034834
7041089
7041763
7042994
7049243
7053064
7057098
7059760
7061218
7068411
7071128
7072190
7079549
7086574
7088765
7088836
7089362
7091042
7094146
7094479
7097434
7105114
7107981
7111683
7118219
7124341
7126802
7132491
7134035
7140340
7141623
7143108
7149911
7152540
7155496
7162269
7177523
7183622
7184208
7184572
7190440
7195275
7208428
7209681
7214903
7215742
7216034
7220674
7221078
7226120
7237082
7237895
7241618
7244045
7247082
7247355
7248801
7263956
7272861
7274604
7274733
7275856
7277659
7278853
7288098
7293219
7293854
7300776
7305086
7308517
7312310
7313430
7314243
7318368
7321381
7322197
7322394
7333248
7342837
7348235
7348542
7349363
7350489
7352257
7357620
7360776
7368098
7368388
7369171
7371565
7373816
7379050
7392588
7401574
7405659
7413177
7416948
7422326
7427768
7437322
7438111
7440739
7441332
7470524
7471244
7472624
7478957
7486430
7495227
7496360
7509457
7511575
7513568
7514365
7517781
7519325
7521794
7526232
7527307
7527492
7527511
7527955
7534581
7536022
7536473
7553829
7557155
7567876
7570037
7570364
7570933
7571784
7572794
7574838
7576635
7580342
7581041
7585447
7586556
7590546
7597672
7600428
7607577
7610015
7613317
7615819
7619591
7626776
7628333
7631682
7633231
7636929
7641777
7642976
7652277
7652757
7658255
7662897
7663339
7667603
7670464
7672577
7680327
7680856
7685653
7686735
7688300
7689365
7691571
7695240
7700856
7703406
7709375
7709592
7713295
7718942
7720755
7725925
7728221
7731286
7733009
7733260
7754176
7756925
7761758
7766695
7770163
7773393
7775726
7779080
7784189
7793888
7795117
7808484
7815709
7815770
7820344
7821942
7825311
7828000
7829117
7848339
7852369
7853022
7853250
7857463
7859445
7863302
7872117
7879941
7881531
7887779
7890466
7895030
7896295
7901349
7908896
7917577
7921491
7927031
7933445
7942153
7945390
7946101
7946354
7948170
7959633
7963027
7973822
7980026
7984655
7986087
7987845
7990566
7997721
8013022
8019532
8021284
8022852
8028728
8029052
8031908
8032356
8035640
8040047
8052425
8056297
8067506
8071440
8073348
8073761
8075401
8078442
8082476
8083684
8086056
8088089
8088396
8098819
8104366
8109598
8110371
8119987
8120486
8137865
8146473
8147059
8148099
8148379
8164564
8173664
8177086
8182939
8183453
8183631
8187229
8197028
8206101
8211087
8216267
8219515
8234125
8234441
8235139
8235998
8246512
8247802
8248210
8254998
8256070
8260725
8264522
8268582
8269366
8271747
8273356
8273714
8280047
8289684
8290421
8293021
8303245
8306518
8333762
8335874
8338539
8339149
8347748
8353725
8355012
8363075
8364099
8365856
8373111
8374308
8374363
8374667
8377048
8380161
8380340
8384667
8393091
8401798
8405275
8410410
8411575
8415853
8421380
8422980
8432599
8433680
8435543
8440238
8441113
8441759
8444370
8445974
8447068
8447108
8449567
8450941
8454394
8456782
8459186
8460468
8464584
8466760
8467089
8469585
8471400
8471791
8472454
8472521
8476126
8484284
8488576
8490824
8492119
8496986
8497794
8504596
8507205
8507439
8507908
8511205
8515661
8520586
8521193
8531217
8533309
8546109
8559373
8563079
8565872
8569966
8574745
8582740
8584211
8585238
8587527
8589236
8591382
8592176
8598024
8598905
8606202
8619174
8620099
8622837
8625387
8628559
8634027
8634263
8635355
8635981
8636200
8638745
8640566
8643150
8648606
8648713
8664311
8666259
8666600
8684263
8689741
8692681
8692840
8694141
8695753
8699282
8699398
8700268
8704288
8704362
8705840
8706873
8710377
8716287
8717333
8718127
8719405
8720314
8725433
8726825
8727528
8728207
8731740
8737357
8752624
8755292
8759056
8760649
8775738
8783936
8788592
8789769
8792631
8792711
8796158
8797914
8798108
8798801
8801369
8802951
8803727
8806428
8809666
8810620
8813759
8827733
8828276
8828585
8828659
8833179
8839457
8839775
8840267
8842091
8842537
8844581
8845775
8846189
8848236
8853912
8865909
8873296
8894066
8895176
8896259
8900002
8908047
8908466
8910873
8917944
8919617
8922538
8924323
8926591
8930794
8935639
8939197
8940422
8944321
8947597
8950934
8951848
8954833
8961992
8973509
8978043
8978419
8982104
8982400
8985092
8985127
8988606
9000733
9002231
9004051
9006337
9009398
9011076
9012012
9014556
9015066
9015600
9015669
9016393
9023152
9032317
9037441
9042535
9043783
9046471
9053344
9057125
9060815
9068925
9070629
9071027
9077303
9085962
9086522
9087413
9087761
9091298
9094393
9100742
9106375
9109017
9110103
9110737
9117237
9129560
9136574
9137858
9140843
9154759
9156545
9158812
9164658
9165619
9167272
9170677
9171072
9171265
9175278
9177621
9178111
9181437
9186073
9189653
9189725
9193566
9195074
9196324
9197980
9198508
9203231
9205943
9211528
9212266
9218866
9219472
9229985
9230689
9235989
9249342
9249892
9251365
9260246
9260823
9261155
9262720
9282221
9287247
9287331
9288376
9294686
9306002
9327401
9335585
9340830
9340961
9343975
9345540
9362825
9365418
9375189
9375512
9379693
9380460
9381044
9381902
9382239
9385469
9387763
9389846
9398341
9403051
9403147
9406779
9408860
9409054
9410205
9412638
9414320
9416618
9418431
9421116
9423392
9426733
9426834
9433435
9434726
9437248
9438033
9447912
9452610
9454877
9459013
9464666
9467215
9468753
9476367
9477399
9480742
9485527
9493534
9496908
9498639
9500351
9504700
9506076
9511657
9512025
9520838
9521792
9522243
9522921
9535281
9536282
9539415
9540499
9552137
9553148
9553307
9556252
9557150
9562194
9563839
9568118
9577760
9580862
9583970
9584234
9590697
9592535
9592848
9594648
9595512
9596093
9598782
9601342
9605389
9607051
9611909
9615427
9616583
9619594
9621178
9621223
9622335
9625264
9625710
9627359
9630525
9635184
9635692
9637143
9641260
9644317
9647341
9648291
9661562
9665775
9666418
9671186
9696173
9697327
9699179
9701508
9702969
9703455
9705544
9706158
9706495
9717630
9720575
9720712
9726870
9731207
9732579
9732612
9733945
9753666
9758471
9761658
9762548
9763333
9774615
9778374
9785242
9796258
9802002
9804055
9817937
9818108
9821334
9826536
9829083
9831220
9838074
9852039
9852155
9858525
9858610
9868497
9874639
9874977
9883796
9883858
9897931
9903456
9904448
9907370
9909170
9915553
9917052
9918037
9918065
9928224
9930440
9930448
9931075
9942420
9945665
9951798
9953566
9955069
9956107
9977273
9987005
9987574
9991759
9994178
9995390
9995660
