73
4780
14726
14752
17942
19828
21527
22794
27135
37127
40435
47499
48818
49861
54716
55744
57862
68943
70798
72415
72472
77360
81958
99374
107991
110315
135185
136627
139149
140165
140227
143815
149804
152215
156685
162237
174137
179307
183773
184361
185485
191525
199427
199595
201085
202298
204707
206325
210786
212312
213860
215089
215787
235343
237249
238536
241294
248002
251099
254150
262097
276287
278584
279917
282083
283062
288663
304418
304867
313906
314501
314757
323043
324306
325968
326391
329194
338521
343915
348522
360665
368321
374330
375291
382166
387070
389375
400273
402633
405522
407234
409935
415815
416169
416258
417657
419378
422097
425701
434442
435975
439327
442634
443116
445813
446334
449029
450126
452045
466083
466675
468798
474445
476762
481085
484218
487763
488494
489467
497826
498971
505058
506385
509359
513045
521990
529450
532294
532669
539729
540304
545442
546180
552140
552241
553415
563798
567488
569646
570354
576587
580958
589190
589337
590132
593328
598688
600776
612225
623654
624083
628721
634684
656619
656663
660209
672530
679127
679985
683552
687011
687993
701595
703871
704306
710896
713403
716293
718809
725007
731988
732026
732131
734956
736567
752890
756691
757417
758478
759461
761146
768194
770549
773596
774885
779103
787567
791659
796978
807799
808196
809845
815881
820113
822468
832418
840290
841649
842603
842651
847623
848972
853306
858840
859059
861315
881565
883017
889592
890776
891147
893144
908006
908158
909466
911234
916461
918019
926019
927021
934595
938581
945823
949745
964558
966632
967041
977168
993649
996056
996205
998162
1001817
1007348
1009215
1010368
1012677
1021156
1021381
1027569
1034785
1036647
1046079
1047548
1053096
1054069
1063406
1069944
1070962
1079503
1079887
1082347
1087315
1088674
1090957
1094926
1098992
1104634
1109137
1116749
1118349
1124094
1128440
1130011
1137319
1147200
1150156
1151864
1154042
1166762
1176587
1186174
1188582
1199604
1209487
1215983
1219516
1232505
1234678
1238965
1240492
1244060
1255936
1262351
1266104
1269066
1280920
1285192
1286758
1296769
1299685
1301074
1302518
1315651
1316140
1324941
1326627
1330153
1334837
1337666
1338476
1342806
1346423
1350896
1356769
1357871
1362248
1376180
1376926
1389056
1390650
1392299
1397251
1399641
1404327
1407139
1413461
1419001
1420997
1422365
1424707
1430315
1433247
1433627
1438712
1442757
1447623
1450860
1451346
1451722
1452962
1453526
1457068
1458436
1460504
1463686
1466139
1468999
1476411
1481940
1484637
1488454
1489136
1492920
1493428
1494333
1498472
1499772
1517415
1521937
1525300
1525311
1541042
1546955
1553130
1554312
1557051
1563518
1571535
1576579
1581752
1591223
1591564
1591573
1594309
1601054
1606728
1624392
1624736
1625370
1627231
1629169
1638469
1645219
1650681
1651856
1653426
1667300
1669836
1681662
1693834
1706579
1726116
1727535
1730838
1731719
1739367
1746170
1746627
1747892
1759746
1759953
1760415
1760583
1771212
1773350
1773411
1774290
1785222
1786166
1794682
1803354
1818268
1821185
1822940
1832785
1838501
1856443
1866255
1872411
1872893
1889153
1894625
1901642
1903740
1917173
1918320
1919632
1920726
1921357
1922652
1924697
1932914
1936735
1938211
1941698
1948914
1958263
1960863
1961879
1963100
1963384
1963477
1964717
1972330
1974796
1977284
1979857
1982135
1984409
1991567
1991995
1992599
2000850
2004937
2005049
2017716
2022049
2022180
2023863
2029849
2033237
2033449
2046587
2049311
2054651
2061669
2065139
2065188
2067826
2068066
2068950
2072828
2079782
2087229
2092908
2114803
2117184
2121242
2121794
2126509
2134094
2139789
2139916
2142601
2142734
2145971
2146661
2146914
2150484
2152785
2153553
2157821
2172030
2179135
2181904
2190476
2191761
2192241
2192253
2193582
2196549
2198355
2198524
2207237
2212345
2216170
2222055
2225040
2250172
2253483
2255411
2275521
2284595
2286954
2289987
2293552
2293680
2295421
2299318
2299660
2308142
2309301
2312387
2312725
2315081
2315956
2316182
2317305
2318675
2320373
2328248
2331337
2333257
2341095
2342370
2348827
2353477
2356205
2358601
2361019
2374317
2375322
2378289
2380022
2380920
2380938
2384091
2384859
2386612
2389254
2394774
2397657
2404984
2411974
2417243
2417414
2426075
2428156
2428535
2435366
2436457
2440306
2443622
2449101
2454150
2456681
2459077
2461726
2472887
2473418
2474071
2474808
2477318
2485404
2489510
2492758
2497657
2503157
2516846
2529653
2532056
2532478
2534039
2537124
2539175
2541720
2551924
2552881
2552989
2553296
2554030
2554957
2559119
2560990
2562714
2564750
2567361
2569831
2580744
2581403
2581875
2589163
2595254
2595842
2599036
2605194
2618119
2618122
2618598
2622068
2624365
2625097
2626489
2626855
2627078
2631119
2636028
2638573
2651224
2655634
2660990
2666353
2669136
2673831
2674654
2675054
2680656
2684459
2692143
2698330
2705995
2708772
2712153
2716104
2717059
2717977
2721827
2722637
2723403
2724305
2728014
2728078
2744439
2744780
2773013
2778814
2783226
2783689
2784335
2786186
2786796
2793946
2799375
2799857
2800753
2804853
2813679
2813734
2814226
2814331
2816202
2819783
2823400
2824316
2824613
2824842
2825014
2827941
2834357
2834495
2835567
2837847
2845662
2853616
2864156
2864223
2865392
2868328
2885211
2897079
2901247
2902088
2903597
2903607
2904046
2913647
2917359
2920061
2920711
2923961
2924184
2926068
2927204
2927453
2927936
2929911
2937629
2938278
2943328
2955496
2956144
2956742
2959234
2960442
2961842
2968527
2977199
2980449
2982994
2984982
2985274
2988512
2988645
3001515
3007059
3007817
3011018
3014412
3014597
3016708
3018946
3038523
3043331
3054760
3062460
3071469
3072082
3080010
3081298
3087177
3096700
3100575
3104790
3109225
3109896
3111461
3114798
3117219
3119337
3121672
3122622
3122654
3128016
3129061
3135481
3139391
3140137
3140919
3147512
3151017
3160065
3164574
3172405
3175554
3180265
3181503
3186788
3193587
3196840
3197422
3202877
3215548
3216463
3216622
3222209
3230873
3234345
3241245
3244501
3255819
3266668
3271084
3276284
3287515
3295593
3298074
3301237
3304866
3306065
3307178
3308297
3320719
3322868
3328031
3335778
3337433
3341957
3342697
3345015
3351078
3352247
3352495
3354832
3368096
3369568
3370644
3374827
3380607
3383731
3384503
3385191
3387010
3388586
3395281
3396911
3410615
3410635
3416101
3419262
3431394
3432312
3436375
3436901
3437023
3456755
3463044
3463520
3466675
3466921
3468597
3469040
3469524
3469638
3472193
3478226
3480674
3480850
3485168
3494679
3498228
3501693
3503223
3504071
3504885
3507837
3513445
3515777
3520807
3521873
3526441
3527396
3533659
3536100
3536505
3541149
3542299
3547796
3552283
3553556
3553645
3555358
3561234
3561858
3564009
3569578
3570783
3572041
3572061
3574309
3576046
3576820
3583485
3585030
3586123
3594948
3597650
3601348
3601653
3606486
3608215
3611504
3611667
3620568
3628148
3629662
3641853
3644707
3648360
3648900
3651704
3651944
3655303
3657253
3660184
3661552
3663319
3663701
3671968
3678755
3688533
3694324
3696171
3696756
3697159
3698703
3699282
3707371
3710177
3715760
3722440
3724000
3724907
3735404
3738026
3741398
3741817
3749435
3749872
3750085
3751560
3762386
3766578
3768326
3773020
3776282
3803079
3807759
3808076
3817631
3824085
3832070
3833302
3833991
3834092
3843119
3850989
3854110
3866350
3868350
3872059
3879369
3885490
3886895
3893474
3897902
3908414
3915960
3919757
3925568
3934963
3940296
3948145
3948720
3950156
3951625
3954016
3957387
3964944
3965385
3965584
3965820
3965900
3967713
3973736
3974664
3976283
3977608
3977679
3979981
3980369
3981617
3986817
3987528
3991624
3991883
4001506
4005644
4005770
4010330
4011133
4011471
4013055
4020615
4021171
4022235
4025725
4026326
4027024
4027535
4027760
4038613
4047104
4050488
4053182
4059109
4061420
4064408
4065696
4074811
4083236
4086265
4097424
4098351
4103053
4103140
4109684
4115484
4128731
4129429
4133487
4135635
4136680
4138637
4145335
4154417
4157313
4158716
4159011
4170942
4175118
4177734
4181946
4184133
4188229
4190346
4192778
4193491
4193845
4204509
4205170
4214436
4221892
4224178
4225674
4225839
4228950
4240015
4250974
4253196
4254020
4255489
4259266
4259507
4262789
4265122
4265461
4265467
4265518
4266246
4267764
4276720
4281289
4285241
4294770
4295225
4301648
4302014
4307821
4309364
4318743
4320396
4320845
4321490
4322598
4322685
4323134
4329812
4332276
4332523
4334715
4339191
4340764
4340852
4346720
4351491
4353892
4354174
4369092
4375729
4386918
4391233
4396053
4397106
4402016
4403281
4403813
4403842
4412013
4412053
4418296
4419005
4425462
4430507
4432158
4432644
4434526
4439139
4441075
4443534
4448622
4450667
4454764
4456675
4457737
4459734
4459946
4459988
4460527
4461439
4464114
4465287
4466450
4471842
4473079
4473364
4477000
4477399
4477587
4478347
4489592
4495610
4495846
4496330
4496630
4506376
4506712
4511864
4515854
4526693
4527867
4531791
4532212
4533131
4543059
4548755
4549100
4557134
4561216
4561525
4566420
4569097
4569102
4581961
4586763
4596538
4599269
4599870
4600847
4606300
4610907
4611880
4625731
4631776
4638511
4648239
4649693
4651628
4652521
4657511
4662952
4666244
4666425
4666775
4667013
4669716
4679419
4680546
4687509
4687610
4693480
4695867
4697722
4700112
4707197
4707565
4707842
4708649
4709081
4709309
4712705
4713604
4714655
4720776
4728041
4728734
4729760
4731082
4731773
4734132
4735911
4745485
4745897
4749403
4751517
4751693
4757069
4760713
4761999
4763802
4766038
4770429
4771131
4772868
4776499
4779921
4783268
4801417
4801771
4805625
4806539
4807025
4811958
4813847
4816271
4819250
4824649
4824886
4826514
4827432
4829338
4838838
4842147
4843914
4847016
4851339
4853684
4860242
4861408
4861489
4862670
4864490
4868706
4876126
4889210
4890709
4893958
4894871
4895548
4900176
4903720
4904079
4924763
4930151
4931688
4933226
4933676
4936680
4940969
4944316
4944331
4944860
4947958
4949087
4952722
4954846
4956598
4964052
4965351
4966920
4967389
4969363
4971806
4975520
4978334
4979989
4980241
4980706
4981671
5001611
5006833
5010845
5010904
5014049
5016941
5018557
5018677
5026392
5027520
5042635
5046514
5051564
5055106
5055632
5068498
5071651
5071804
5074014
5074534
5081172
5082524
5087887
5092993
5096059
5100751
5102558
5106988
5112544
5116076
5116165
5120954
5134046
5135422
5141671
5141890
5142859
5144316
5149313
5151346
5152507
5153926
5154452
5157373
5160029
5179056
5179196
5188199
5194378
5198589
5217514
5226068
5231918
5233542
5243148
5247454
5252866
5257229
5257531
5258452
5261413
5263298
5265220
5265534
5265612
5267225
5268895
5272695
5275015
5278138
5283496
5285116
5287057
5287736
5289316
5295334
5295372
5304131
5305046
5312799
5313330
5316825
5318836
5319237
5328495
5331049
5335176
5340407
5348080
5348719
5351621
5362352
5366866
5367083
5371272
5387813
5388003
5396881
5398575
5399985
5400801
5406774
5413203
5414504
5424170
5425729
5429415
5430190
5430763
5440955
5442473
5444031
5450453
5454458
5455775
5464774
5466131
5467017
5469462
5470397
5474325
5478656
5485716
5490233
5491713
5493789
5495092
5497141
5509885
5529713
5530445
5530505
5535204
5538658
5544176
5546350
5548926
5549567
5553653
5556186
5568917
5572808
5575877
5576985
5580796
5581427
5583497
5586884
5587140
5588016
5593561
5597883
5598280
5599142
5602144
5603236
5608762
5608841
5611952
5614411
5617905
5623239
5631945
5633776
5640196
5640692
5641505
5642805
5649608
5656363
5660961
5664179
5668480
5673847
5680681
5682832
5686299
5689206
5692266
5701129
5708903
5709118
5711887
5712728
5718858
5719198
5732781
5736167
5737724
5741569
5744092
5744928
5758080
5762521
5766342
5795182
5800726
5808779
5811490
5813761
5814814
5816748
5819077
5819841
5820678
5820704
5821617
5828526
5829445
5829667
5832217
5832897
5833302
5837513
5852289
5853098
5854639
5855025
5856305
5865001
5866693
5867118
5870034
5870635
5873474
5873847
5886316
5893796
5896531
5903230
5909737
5918073
5921731
5929481
5931833
5932648
5935049
5936209
5940268
5942947
5946298
5961646
5963249
5977465
5983387
5985000
5989747
5990837
6001862
6002564
6006223
6007800
6012144
6019468
6022787
6024847
6025794
6026338
6033139
6035401
6044646
6052005
6054096
6057587
6059891
6064854
6066139
6067268
6068182
6068611
6072687
6073248
6083208
6087432
6091911
6100164
6102288
6102925
6103934
6108156
6112247
6127003
6132956
6139708
6140149
6145448
6149438
6157256
6159789
6160023
6162545
6166687
6171682
6177848
6181878
6191694
6191956
6192878
6193320
6197674
6200256
6218851
6221403
6228388
6228889
6233115
6241475
6241571
6248734
6250867
6256517
6271216
6271656
6272408
6272517
6281107
6285610
6289823
6291557
6291782
6292312
6293646
6301257
6303736
6304917
6314359
6321012
6322531
6322646
6325723
6327788
6332228
6332656
6333617
6345666
6349876
6351530
6355580
6357960
6359114
6359140
6360017
6360722
6362103
6369163
6372010
6377490
6378636
6383901
6387113
6388540
6394903
6395765
6399266
6402607
6403362
6403863
6413243
6414137
6418060
6419437
6433212
6437815
6439014
6444546
6446904
6448319
6450998
6451224
6451349
6453184
6454476
6464235
6464276
6465210
6474055
6476547
6487539
6501019
6502910
6504036
6505531
6507101
6510211
6511378
6515832
6516245
6523268
6525247
6526231
6536631
6541867
6543805
6545209
6546684
6549437
6551539
6561327
6562102
6566485
6566589
6567407
6570345
6578121
6585310
6587130
6588606
6593354
6594875
6597781
6601840
6604923
6610683
6617004
6621717
6629472
6630440
6633263
6633460
6634336
6640701
6648349
6650899
6655425
6666094
6676408
6676532
6677830
6680070
6682258
6682983
6687979
6694000
6696978
6699875
6708426
6712624
6713871
6717115
6723899
6725657
6730373
6736319
6748410
6750553
6751939
6752827
6756257
6766947
6768670
6769730
6769760
6770510
6783114
6785819
6801108
6802544
6803401
6811549
6816035
6818125
6820721
6820964
6821676
6824915
6833784
6835995
6852547
6853754
6854578
6860094
6866973
6869307
6871850
6877862
6880153
6881473
6883763
6887708
6888573
6891397
6895627
6898852
6904419
6907804
6908689
6909785
6924937
6925590
6943525
6947177
6950702
6954410
6954529
6958200
6959870
6963740
6963791
6964994
6966189
6967148
6968115
6968689
6969340
6973459
6974082
6984022
6986124
6988773
7008984
7010634
7011104
7021383
7021736
7023411
7024428
7035356
7038911
7040557
7043450
7044777
7044814
7052380
7052739
7055805
7056006
7058569
7063740
7063917
7064345
7064641
7064858
7070175
7072353
7077953
7078771
7083948
7084522
7085237
7090252
7094021
7094915
7096416
7104854
7105375
7109352
7117917
7119759
7121411
7121617
7124459
7128051
7128617
7132896
7145124
7150651
7152125
7155981
7156426
7156486
7161281
7162991
7163228
7168911
7169740
7174461
7181621
7183206
7184454
7184993
7194849
7199160
7200231
7201510
7206422
7214979
7218705
7221902
7226219
7239718
7245181
7256444
7260742
7268871
7272883
7278343
7281576
7283265
7285407
7300267
7306300
7306958
7310990
7319400
7323021
7326972
7329670
7332989
7333409
7346295
7348833
7354902
7355687
7356052
7357444
7357950
7361790
7369443
7370582
7372444
7390646
7392154
7400466
7402254
7409883
7410518
7411285
7411644
7412868
7417464
7419070
7419952
7429104
7431901
7432452
7435740
7448743
7450038
7453065
7462703
7463538
7485769
7488374
7488809
7492439
7497409
7499274
7511084
7526361
7531134
7542348
7551773
7552427
7564440
7570179
7572485
7574580
7577533
7580975
7580987
7584827
7585278
7588155
7599826
7600099
7607153
7611607
7611829
7614127
7615947
7621407
7621655
7623507
7630066
7644368
7646293
7648197
7653383
7667088
7672090
7677071
7683619
7684088
7701818
7708497
7713742
7719671
7721802
7723921
7736817
7741070
7743467
7744777
7748232
7749313
7749818
7751460
7756874
7758992
7765313
7767522
7773233
7777036
7778272
7781073
7781750
7785861
7786941
7788383
7794098
7795258
7806270
7822139
7823698
7825277
7825442
7831947
7833168
7836962
7838365
7839795
7848985
7856136
7861611
7861682
7863655
7874621
7885160
7886478
7888153
7891784
7894236
7898690
7898959
7902850
7904672
7905741
7907993
7915399
7918013
7925599
7936816
7938821
7943635
7950302
7955242
7955951
7956137
7958687
7960998
7961891
7964250
7965374
7967593
7971987
7974449
7974652
7976800
7977053
7991015
7993625
7998924
7999712
8002213
8005528
8008943
8011470
8013761
8021178
8024866
8030917
8034301
8041392
8041470
8060473
8066814
8067797
8070051
8073698
8079974
8081490
8083392
8083920
8091659
8094575
8094833
8095043
8095269
8098577
8099438
8099789
8099880
8102843
8103990
8111809
8117713
8119676
8130634
8136552
8152550
8156193
8156902
8160430
8161642
8164332
8164449
8179792
8180170
8185040
8185044
8185561
8190059
8191020
8193331
8202570
8202644
8203333
8204146
8209813
8213923
8214651
8215851
8219269
8221836
8221866
8227194
8238620
8253190
8256423
8256792
8257160
8262990
8269491
8271909
8271932
8275079
8275488
8282044
8292637
8298087
8304040
8305003
8314992
8324696
8332205
8358871
8360181
8362376
8363206
8368318
8369108
8370136
8375473
8376247
8377369
8378069
8393771
8402867
8408098
8411311
8412903
8415307
8418193
8420770
8425508
8425789
8425964
8431335
8435973
8436980
8441403
8451062
8453743
8457560
8463171
8463734
8467165
8468944
8480627
8485218
8485840
8491283
8493581
8496840
8506667
8509261
8518433
8519886
8521138
8524183
8524387
8530871
8534087
8538687
8540335
8549297
8552158
8557595
8559212
8561286
8562104
8568324
8573058
8574647
8575939
8583890
8586202
8591230
8592021
8594459
8595931
8598201
8598732
8603569
8604829
8606710
8608796
8619422
8620609
8623550
8627709
8629678
8631765
8633449
8635235
8638050
8644939
8648515
8652209
8657212
8664292
8667461
8668570
8673704
8677657
8680417
8683521
8684706
8686816
8687355
8705372
8716650
8717729
8719855
8724881
8734406
8735529
8748456
8751456
8756549
8758746
8758872
8769215
8776174
8778400
8785581
8791446
8793289
8795878
8801971
8810466
8812097
8813747
8815293
8816166
8816690
8817513
8823568
8825693
8827742
8839373
8839807
8840682
8855622
8857500
8857617
8859827
8860587
8865717
8867502
8868479
8869442
8872324
8874861
8881179
8885276
8889000
8890619
8892480
8899093
8911808
8924827
8927837
8935347
8944803
8948319
8955423
8956846
8960868
8963135
8965040
8970137
8970315
8974548
8976141
8976947
8981266
8981275
8981857
8985962
8989472
9004468
9006036
9006238
9014009
9019543
9020381
9025825
9030429
9046334
9047230
9047282
9049036
9050051
9055560
9061152
9061686
9063016
9063693
9066291
9068688
9084786
9086520
9089146
9089444
9090282
9091387
9093941
9097476
9098863
9100792
9105211
9111074
9116042
9117729
9119320
9120362
9129909
9134322
9137282
9145199
9150443
9152056
9158913
9160722
9166027
9171758
9185313
9186450
9190244
9194791
9195964
9211460
9212587
9215186
9218146
9226091
9228017
9228218
9228542
9230510
9231222
9234610
9237274
9238158
9239037
9242852
9255305
9258007
9262073
9262300
9262821
9268303
9268468
9281790
9286648
9288409
9288920
9293356
9293968
9294699
9298598
9299548
9309098
9310244
9311356
9317119
9318600
9323592
9323810
9326460
9329243
9330582
9331007
9334809
9337715
9339154
9340447
9343698
9343778
9357819
9361655
9362568
9367002
9367920
9370973
9380564
9388535
9394571
9409950
9415114
9429206
9430023
9431958
9440522
9449571
9453501
9453988
9456508
9456773
9459474
9465053
9466575
9466638
9478022
9490107
9492354
9493545
9496551
9497696
9504250
9504882
9505755
9506748
9511581
9522965
9524726
9527648
9531668
9537008
9538101
9548002
9553413
9553437
9555387
9562029
9583300
9586370
9589589
9597300
9599445
9600439
9612039
9614688
9615342
9625907
9628378
9628687
9634777
9645701
9647530
9648339
9649162
9651746
9654846
9657382
9667021
9671992
9683865
9684752
9685679
9685850
9686594
9687601
9690376
9692518
9695760
9696047
9698713
9699146
9701240
9702019
9709090
9715627
9718774
9721756
9722376
9724038
9726021
9726237
9734434
9734877
9738614
9740226
9751289
9755037
9755322
9760276
9760768
9769287
9780654
9790779
9795486
9795572
9797436
9809133
9812521
9815026
9816674
9826022
9830903
9830957
9837428
9837632
9838442
9844116
9857945
9869307
9870735
9874078
9874499
9877923
9894798
9896793
9905958
9907224
9907532
9907688
9907981
9916528
9923725
9926693
9927665
9933334
9936174
9939799
9942280
9942927
9947002
9949675
9954476
9957260
9959209
9959980
9961493
9962455
9970309
9974789
9986988
9990896
9997414
