851
2165
2387
8885
9074
11137
11896
13234
14309
18641
23532
25455
27277
30073
36910
37924
57769
57937
59882
66133
67866
69322
71754
72522
75792
77322
81391
81648
83992
84798
90641
96347
108475
109658
112007
112576
114448
116338
116363
117121
118787
119281
121283
124953
128700
131603
134025
135165
139980
145162
145319
149223
170237
181867
187775
191178
191595
193099
193668
196359
201739
208793
208992
214421
217614
220653
233191
244200
251366
251607
253148
257635
269700
284055
288876
289772
301099
302298
303194
304515
312460
315561
319347
319362
320497
321293
322617
330331
332532
345254
348126
352989
361368
361533
363097
365943
379029
384374
387646
391087
393484
393548
407338
409257
409552
423824
424730
430758
437522
439468
440833
450964
455580
459463
462695
473211
487473
490818
491306
498336
499534
499818
507619
510320
510534
518775
520223
521715
536954
539946
544517
550038
552252
553061
555557
568769
578072
579158
583420
587026
592508
593701
604039
607929
614050
617534
618124
629223
635089
636488
637787
640960
641634
661533
662508
668095
668770
668806
679405
679921
680207
681306
686119
692460
697028
699416
701135
704697
705877
714271
714440
721274
730910
731064
731259
733399
735967
736295
742722
751876
753897
760625
760792
762755
763256
767475
767857
768241
768956
772197
775574
782001
785043
787123
787178
792188
793910
806077
809193
811881
814806
822486
826533
831320
834786
836826
842366
850933
851016
859265
862049
863226
874782
875920
882158
882888
887517
890080
896049
898351
898438
901753
905620
910652
911619
916262
929737
936784
939564
942049
943868
944126
955721
956483
956869
960473
969513
971475
972989
988896
991198
1008371
1012699
1021538
1031966
1038352
1046144
1064090
1069197
1072286
1083629
1084977
1085980
1086289
1087337
1096328
1099299
1100975
1101778
1104794
1105080
1107483
1114438
1116280
1129720
1140487
1149183
1150226
1152223
1153201
1159221
1160964
1167250
1171442
1173092
1177626
1193452
1199213
1201031
1202237
1206213
1206954
1209116
1209900
1223878
1235055
1240154
1243286
1250866
1256222
1258834
1261524
1265649
1265691
1269474
1273076
1276064
1277185
1277199
1279997
1280378
1282539
1288752
1292860
1298058
1301809
1304582
1310982
1313235
1318863
1330506
1332796
1335538
1342955
1345472
1345507
1352645
1353291
1353603
1366047
1367007
1376452
1387893
1388166
1389366
1392647
1394167
1401575
1404049
1412357
1415855
1422567
1424270
1424946
1428604
1438238
1443339
1447950
1449499
1455397
1459254
1459461
1471972
1472680
1479554
1482916
1484010
1485197
1486231
1488398
1489997
1498168
1503143
1503188
1509506
1513871
1516416
1519951
1521331
1523229
1526201
1528128
1540323
1542063
1550975
1576401
1584254
1586931
1590035
1590846
1591449
1593031
1609230
1609878
1616682
1623273
1629675
1634654
1636934
1644689
1649677
1664152
1665908
1668705
1673086
1673830
1673832
1675108
1687390
1687516
1689982
1692139
1692948
1697590
1698193
1699121
1701243
1704743
1708504
1711351
1711499
1715455
1729958
1734604
1737609
1738542
1742487
1744215
1750876
1751299
1754953
1765957
1770993
1773172
1782805
1783212
1786228
1795346
1797151
1801769
1806935
1809686
1811740
1823204
1837930
1838832
1839365
1839965
1842998
1845857
1847235
1850278
1874909
1876979
1877436
1877923
1878806
1879368
1879822
1882150
1891089
1897516
1901286
1906605
1911512
1912033
1917502
1921713
1924306
1932388
1933595
1933615
1940833
1946907
1953640
1954549
1964982
1971357
1975099
1976947
1998860
2000368
2007914
2012522
2013995
2014289
2019697
2025065
2025517
2025531
2026494
2027503
2030855
2033393
2038108
2039963
2046614
2050341
2060885
2067117
2073787
2076020
2083087
2087917
2089573
2090972
2092132
2118718
2119337
2120295
2126921
2129869
2131685
2134102
2137172
2145399
2145832
2146368
2146827
2147162
2148543
2149764
2157949
2163309
2164419
2167375
2171979
2176378
2181493
2186398
2191147
2196075
2198038
2199407
2206241
2206972
2211444
2221053
2243652
2245574
2251249
2261823
2267218
2271045
2274140
2277945
2289318
2290483
2296057
2297334
2304335
2310116
2310863
2313915
2315164
2315248
2317651
2317792
2318326
2319950
2327159
2330336
2333005
2338711
2338755
2341387
2342908
2349070
2354565
2359653
2360622
2362127
2371181
2373194
2379766
2384203
2388198
2391679
2398307
2399667
2401958
2408609
2412706
2414329
2414473
2416817
2417900
2418007
2418340
2427644
2435478
2438731
2439790
2441587
2445596
2445809
2448591
2451377
2452207
2464900
2475595
2475818
2478613
2488286
2496101
2499274
2500302
2505898
2509035
2510042
2512001
2523822
2527782
2534371
2537619
2538599
2539326
2541588
2543424
2545128
2547153
2549905
2552539
2557269
2558553
2561130
2570459
2571934
2572575
2581596
2590082
2602980
2603188
2609538
2612765
2616789
2619018
2630571
2631753
2637385
2638520
2650303
2653566
2653663
2654306
2659713
2662142
2664330
2665418
2673256
2674522
2675206
2676023
2676382
2679163
2681755
2681839
2686934
2695313
2696473
2698088
2716353
2717885
2718745
2723886
2726474
2727248
2727620
2729092
2735291
2741013
2742592
2744299
2744368
2748181
2749205
2754817
2760494
2764105
2769081
2777119
2784862
2790132
2790836
2799799
2812646
2815192
2834542
2846734
2854851
2858925
2859161
2870019
2872814
2874093
2874692
2885188
2891845
2902125
2902356
2903440
2908806
2914604
2917146
2917811
2918683
2920889
2928969
2931699
2941905
2942229
2951392
2956555
2956574
2960587
2961918
2975574
2980184
2992758
2996462
2999083
3001844
3001861
3005767
3006265
3007598
3018588
3023314
3027828
3036676
3038689
3041835
3053076
3055358
3057371
3061535
3075713
3076213
3079346
3079578
3080380
3084152
3087207
3087903
3091068
3100753
3110160
3113712
3124889
3127964
3134126
3137610
3143021
3144248
3144623
3156518
3159552
3160357
3168614
3170370
3178155
3178974
3180916
3184676
3184882
3185035
3193219
3198502
3200025
3205054
3207199
3207782
3210786
3226337
3238029
3244185
3247994
3249756
3250021
3250558
3252996
3253021
3257092
3258397
3262419
3262677
3262904
3264477
3266895
3269067
3288529
3293147
3305562
3308787
3310869
3314057
3319379
3324844
3326021
3330744
3334946
3336261
3343945
3346038
3357197
3359661
3372891
3373185
3378836
3382320
3389342
3392389
3395862
3396079
3396595
3398796
3410096
3413152
3417978
3418817
3420603
3421140
3421371
3422387
3423070
3428720
3432234
3432720
3433302
3437268
3437607
3439518
3452562
3453290
3468886
3480114
3482940
3486370
3490475
3496045
3499865
3511334
3514491
3515868
3518682
3525426
3529175
3530075
3535767
3537260
3546236
3551102
3551233
3570928
3571942
3572982
3573052
3573715
3574818
3577145
3580593
3586540
3587872
3588909
3589484
3592592
3597549
3598051
3600590
3601709
3601761
3602230
3610454
3616410
3617242
3618647
3621524
3622826
3642804
3654160
3659460
3661105
3662109
3669929
3673164
3678159
3678223
3679017
3683245
3684344
3685665
3691695
3694266
3706290
3711536
3722471
3726359
3727325
3727910
3732481
3735324
3739044
3741820
3742728
3743150
3747674
3748795
3751008
3751994
3752632
3759039
3762682
3777265
3777728
3780148
3781612
3781905
3786232
3793090
3796856
3803023
3804232
3808500
3810930
3815556
3820226
3821718
3822439
3826954
3833621
3833953
3839579
3839967
3840357
3841737
3853457
3853724
3860339
3860696
3860951
3868836
3878895
3880718
3882302
3888635
3891959
3892336
3895924
3896233
3896762
3898211
3905571
3913784
3921442
3922986
3925012
3930879
3931124
3936047
3939242
3950964
3951704
3953966
3958905
3968175
3979998
3988022
3996615
3998011
3998417
3999860
4011151
4012102
4014330
4015151
4024955
4025694
4030460
4035880
4038611
4040161
4045992
4047143
4049145
4049794
4051936
4054144
4055375
4056122
4061426
4061875
4062837
4065674
4067411
4070480
4072077
4081308
4081411
4082001
4085058
4085589
4089892
4091836
4096630
4097914
4099021
4099152
4103119
4108765
4110500
4115478
4116105
4118046
4120222
4127440
4134896
4135966
4136357
4139921
4141506
4144569
4147621
4148332
4156843
4169406
4170704
4171250
4172779
4174412
4175367
4177383
4177731
4179196
4185345
4185590
4185647
4190331
4190562
4193721
4195257
4197290
4207152
4210326
4212082
4213144
4216667
4217166
4225443
4226759
4227918
4229950
4235018
4236622
4241716
4255602
4257996
4264516
4272208
4278473
4286080
4286820
4288121
4296035
4296928
4300462
4303568
4305658
4305663
4309636
4312636
4319961
4320619
4324629
4325190
4325722
4326346
4328376
4329089
4335984
4338241
4338621
4341482
4347189
4348282
4359108
4365579
4369981
4374662
4379499
4379940
4382384
4388946
4393507
4397720
4403994
4403996
4404287
4407083
4408243
4418242
4420697
4422965
4428002
4429126
4432947
4433038
4438504
4447900
4448829
4452417
4454192
4455574
4459480
4461174
4464181
4464357
4466247
4467934
4473043
4479019
4484573
4484882
4484977
4488754
4501052
4502841
4503197
4510272
4512392
4513255
4516052
4522833
4543646
4544841
4545195
4552889
4555684
4557404
4559120
4564649
4565753
4566225
4569120
4570785
4573730
4574071
4578594
4584058
4584604
4596859
4597734
4598049
4598525
4603504
4611976
4614593
4614761
4615160
4617242
4621726
4622904
4623849
4630181
4632287
4636919
4639280
4642939
4643501
4644487
4644535
4647878
4648467
4649950
4652073
4655759
4658975
4663822
4666736
4673808
4675177
4675239
4693692
4695678
4696935
4702391
4702975
4704858
4714817
4717681
4718842
4727186
4737600
4737935
4743047
4747329
4749514
4750354
4752334
4752351
4758222
4760661
4764321
4768624
4775937
4777602
4778678
4780368
4781200
4790191
4796558
4799857
4800983
4801605
4811555
4817925
4821919
4828033
4831633
4832311
4836756
4842888
4844234
4844883
4855204
4857075
4859014
4862418
4864791
4877952
4882734
4885704
4886017
4886206
4890014
4895375
4895757
4899077
4904532
4908368
4916748
4917475
4930218
4934850
4935250
4938307
4945309
4949463
4956712
4957205
4969052
4972384
4978291
4982358
4982787
4989087
4994303
4995294
4996603
5001811
5004277
5024130
5025060
5028958
5030048
5035527
5036388
5038562
5042058
5043185
5051503
5058193
5059880
5066811
5068151
5068535
5069413
5070473
5078034
5079435
5085474
5086066
5087344
5095345
5097394
5101996
5103438
5105835
5121212
5127321
5133717
5136047
5136692
5147238
5150216
5153249
5164935
5166522
5170923
5180544
5185358
5204833
5205858
5208707
5211708
5213022
5213130
5227029
5233195
5234361
5235245
5239925
5242227
5245374
5248449
5251741
5252968
5253883
5257703
5258140
5259874
5261721
5266165
5267662
5270140
5271637
5273165
5278163
5286681
5295746
5300015
5303546
5307600
5309252
5311138
5315006
5315450
5317802
5320473
5320644
5326869
5328807
5331924
5332096
5332777
5334146
5341037
5343253
5343383
5346881
5347285
5350447
5351231
5354168
5355984
5357365
5360729
5361336
5363889
5371321
5384392
5391873
5392480
5393720
5394186
5396530
5398003
5399656
5400953
5402243
5405635
5406978
5420859
5422381
5423305
5423642
5425977
5435299
5438154
5448520
5451292
5451638
5455484
5456219
5458069
5458993
5468833
5475828
5477605
5477759
5482343
5489101
5492757
5493305
5495119
5501490
5501632
5502058
5504407
5508446
5510991
5511738
5512070
5515060
5521111
5521792
5524101
5530083
5533158
5538879
5540955
5545349
5552716
5553376
5554102
5576370
5586320
5589679
5590414
5593535
5595043
5600454
5602822
5604059
5611257
5616601
5619315
5619887
5620027
5622534
5624031
5632109
5633613
5637314
5649041
5649395
5649486
5657133
5658645
5661317
5666598
5676626
5678302
5680577
5681766
5683380
5690733
5691904
5710027
5710812
5714101
5714804
5717228
5722961
5723006
5724322
5728124
5732007
5732233
5743526
5743968
5744744
5746958
5751196
5751946
5756952
5757397
5758134
5761875
5765247
5770214
5773262
5786951
5788231
5791843
5793096
5793886
5813067
5815860
5817423
5820146
5828910
5830155
5831799
5832728
5843593
5849535
5849939
5853975
5855277
5855543
5857800
5859117
5867186
5873699
5882225
5885167
5906068
5907548
5908993
5915776
5918889
5919816
5922379
5923327
5926181
5928023
5933607
5937934
5943452
5945716
5947015
5956815
5959207
5960455
5982617
5983986
5989052
5990587
5991904
6000385
6000538
6006782
6027961
6031127
6034835
6035382
6040415
6041196
6044505
6059033
6062702
6062997
6070917
6072595
6076067
6077583
6077633
6079750
6089594
6091560
6092143
6096870
6097304
6097624
6098331
6102067
6110329
6115756
6119607
6120479
6121660
6123456
6127752
6127985
6128756
6129000
6135957
6149653
6150601
6153664
6155386
6155626
6160302
6164283
6168290
6169801
6170297
6172038
6173404
6178394
6180760
6184906
6187776
6188220
6192680
6194595
6198713
6206223
6206395
6211539
6212504
6212996
6216298
6217087
6219829
6220241
6220862
6230259
6231620
6235275
6236811
6242654
6247300
6247556
6250864
6253593
6254214
6261680
6262902
6264032
6264464
6265716
6270843
6278819
6282943
6290002
6292803
6294829
6299079
6302267
6303054
6303491
6309118
6309302
6311476
6317746
6318315
6324677
6330660
6333372
6336108
6337294
6341799
6344306
6346074
6350390
6353595
6365794
6371293
6372285
6375561
6377318
6378777
6391783
6401196
6402144
6408664
6411401
6416605
6421240
6425206
6437487
6439605
6450112
6464095
6468028
6479377
6480968
6481567
6483026
6487734
6488604
6493309
6495127
6495628
6501004
6511324
6517508
6519284
6519526
6534611
6536585
6539243
6543433
6543938
6548827
6554299
6555657
6558915
6560154
6568657
6574294
6589688
6596017
6604398
6606341
6607111
6618470
6620183
6622398
6623858
6624971
6626907
6627705
6630077
6631557
6631569
6631855
6633547
6652301
6652770
6653722
6669393
6676737
6677703
6687312
6688949
6690522
6692831
6697340
6706068
6706837
6717249
6719562
6721747
6725140
6725318
6728291
6728892
6731567
6735923
6737030
6745937
6748431
6755735
6757161
6757642
6758159
6759414
6760434
6761301
6767257
6778773
6788125
6794745
6795168
6799977
6802519
6804112
6807930
6808193
6813240
6817749
6826863
6842698
6847823
6860366
6861229
6872268
6873008
6880704
6889741
6896364
6898290
6912704
6916352
6921723
6923909
6930770
6931513
6934696
6937331
6938846
6945619
6946552
6954110
6954356
6957184
6960245
6965852
6968589
6984785
6992117
6992843
6994905
7002695
7009246
7016501
7018632
7020238
7024633
7029914
7029951
7033752
7035646
7037577
7039723
7044628
7045660
7057389
7060452
7065938
7073871
7074755
7078602
7080977
7081929
7082138
7086962
7087498
7089652
7091728
7091938
7094594
7104412
7104935
7111116
7114737
7126412
7131105
7138628
7139852
7153418
7153839
7154117
7156902
7157278
7157922
7162960
7170855
7173393
7173694
7190561
7192143
7193738
7201295
7209522
7216930
7219997
7221744
7222146
7228935
7236492
7240355
7241397
7244392
7251264
7256861
7256875
7260306
7262195
7262479
7265910
7266301
7274810
7283282
7283443
7285695
7289472
7290292
7295948
7299005
7299022
7301717
7301886
7310547
7319080
7322813
7328122
7332943
7335904
7335984
7340450
7341023
7341863
7347685
7363747
7372807
7373193
7374307
7383201
7391102
7394457
7397012
7406090
7406750
7408496
7410791
7415177
7416398
7426083
7432771
7433016
7433605
7434428
7435896
7439520
7439839
7441310
7445605
7457170
7458703
7459054
7467902
7469259
7470479
7473015
7474081
7477994
7479995
7480259
7481961
7486693
7487943
7488839
7492675
7495097
7498582
7500225
7502037
7509191
7510923
7511645
7511885
7515218
7517900
7518788
7530028
7530416
7536545
7538458
7538556
7545137
7548719
7554628
7562598
7565731
7567317
7578775
7590693
7592302
7594250
7596246
7599502
7608996
7614717
7616181
7618805
7624827
7628654
7630437
7635571
7636035
7640602
7646438
7646874
7649781
7661110
7666132
7670303
7672853
7674039
7674939
7696974
7699844
7704078
7705604
7712802
7713529
7719821
7722609
7722872
7730563
7730949
7733812
7746557
7755421
7767522
7771543
7775884
7776534
7778328
7782429
7783925
7787047
7789743
7791347
7791649
7796493
7801014
7801573
7806324
7809663
7812239
7812338
7815663
7816800
7823273
7828409
7835660
7835762
7837897
7838559
7843623
7850399
7851234
7852573
7853949
7858011
7860761
7862350
7862781
7863675
7870731
7871295
7881714
7885818
7886791
7886878
7891991
7902900
7904046
7921257
7923219
7923835
7929024
7934270
7935804
7937193
7942000
7948067
7949847
7962189
7968002
7969223
7972739
7974288
7974712
7981453
7982237
7984715
7986262
7989419
7993898
7998994
8010408
8016094
8016512
8020970
8030210
8038604
8048352
8050363
8061641
8067503
8067776
8070866
8071018
8071499
8078645
8079893
8080247
8081262
8081636
8086898
8088987
8092746
8093590
8095356
8095393
8100638
8101354
8103778
8105241
8106296
8108999
8113691
8124839
8128773
8131938
8140595
8141247
8144847
8150017
8152096
8152286
8154699
8156118
8162660
8162928
8164765
8167224
8167484
8176746
8179144
8184429
8201563
8204561
8207535
8208892
8211399
8211568
8214258
8216970
8217077
8217754
8228475
8231710
8233482
8234644
8247974
8256998
8257445
8257779
8258961
8260643
8263735
8268139
8275589
8276298
8278208
8287754
8292881
8294214
8295315
8296794
8301694
8306529
8310342
8310872
8315056
8317274
8319296
8325904
8327781
8328323
8329754
8330502
8330644
8331857
8334245
8340056
8345622
8345853
8352118
8355572
8360199
8365117
8367804
8374428
8384245
8386507
8387618
8391399
8391689
8395920
8400579
8402144
8407875
8411835
8416957
8417126
8421952
8422715
8423889
8423914
8424803
8425436
8429875
8436552
8444020
8448845
8450547
8455820
8456055
8460013
8462940
8470099
8474406
8474881
8477929
8483686
8484230
8487487
8501527
8503963
8504282
8506883
8510462
8514179
8516902
8517096
8517185
8519072
8526857
8527998
8532663
8535503
8542036
8546278
8554667
8567736
8571304
8573616
8577854
8583259
8585764
8587915
8590587
8591824
8594133
8600669
8600793
8608818
8612464
8615480
8620348
8621245
8621862
8622604
8622954
8629807
8638158
8645397
8647317
8649451
8650330
8650391
8657862
8659434
8664450
8667042
8667124
8675843
8675847
8680185
8686069
8696055
8710960
8716269
8716753
8717975
8724193
8729303
8744040
8752281
8756439
8759755
8767165
8767237
8767413
8770924
8775672
8777271
8777317
8778119
8778403
8778672
8781060
8782610
8785299
8790056
8793123
8793956
8795874
8797767
8804675
8809431
8812558
8812858
8814016
8824771
8828055
8828433
8829750
8831325
8832287
8856177
8857915
8863956
8864870
8870978
8878197
8878570
8890659
8891313
8892701
8902697
8921340
8923349
8924477
8936367
8938780
8942024
8942270
8949348
8954941
8957419
8959210
8960169
8962044
8962096
8966652
8968189
8968302
8973386
8993034
8998998
9005128
9009948
9012194
9015674
9019383
9020957
9022286
9027494
9045042
9047196
9047720
9047853
9048187
9053314
9055186
9057579
9061634
9080840
9085291
9086446
9089610
9094700
9096533
9101341
9101466
9102299
9107027
9115882
9120965
9123604
9129050
9137150
9148254
9149001
9149849
9152009
9156087
9164663
9172447
9174059
9175168
9183800
9187019
9190540
9193868
9199057
9207348
9213044
9215784
9216571
9219360
9229556
9238362
9248118
9256715
9265356
9265775
9266192
9275016
9287542
9292668
9305829
9307603
9312020
9313933
9314860
9314983
9320071
9332537
9346061
9355157
9356272
9365240
9367231
9373869
9380790
9382235
9391088
9392259
9402175
9402783
9405316
9408008
9408594
9410224
9415184
9418188
9422691
9423658
9434600
9437587
9438641
9438822
9441043
9446972
9464858
9465907
9468457
9474004
9474055
9475732
9478402
9483940
9495465
9500813
9502379
9504823
9505714
9518930
9519372
9520555
9522550
9526301
9530822
9533655
9537847
9543071
9544802
9548239
9550622
9556750
9559512
9561776
9566054
9567499
9570986
9575733
9576321
9578035
9581547
9587467
9588720
9590259
9592753
9593299
9597085
9603121
9608503
9615325
9616609
9620520
9629344
9630310
9633402
9633793
9643402
9648281
9661482
9661799
9663917
9670247
9678454
9679671
9681985
9683845
9686951
9694661
9695119
9696256
9701509
9702254
9704514
9712336
9712766
9715085
9717584
9720435
9728966
9740350
9741657
9749182
9751570
9752045
9763282
9763441
9764389
9772478
9774758
9775202
9775764
9777544
9788730
9806184
9806494
9811135
9814403
9814882
9816172
9816656
9817754
9821517
9821945
9827490
9838108
9839434
9843950
9847182
9853288
9856292
9867062
9878428
9879067
9881953
9887734
9891714
9894370
9895814
9902606
9903681
9910995
9916787
9920323
9921025
9929370
9940606
9942532
9951145
9952245
9955187
9974240
9978953
9979918
9982235
9983167
9983360
9985437
9988959
9994011
9995991
9998096
9998775
9998954
