1717
3973
6235
11267
13776
16342
17096
18026
18654
19490
28011
28734
29530
36959
38022
39982
44662
51039
54775
55055
56231
69587
71395
73816
75682
78784
79011
81330
84225
85411
87440
87482
89303
93159
96837
97697
98092
98896
99077
100941
105930
106053
107084
108430
113257
114829
121516
124987
125824
133024
134987
135430
138897
143971
145637
148397
148504
152388
154005
157864
167940
173008
176858
179234
181163
183286
184072
186258
191353
192079
192437
193050
198127
200302
201400
208388
208927
213103
214030
220221
220254
224578
225472
228614
232132
237737
240812
246619
256399
261801
264765
268053
273882
274508
275897
282618
284302
287335
289278
292079
293335
300101
305817
312140
316190
317979
325245
329561
341247
350590
351854
352686
355131
360465
361938
365480
367155
372891
373906
373955
374625
386178
387401
402251
403866
408071
408465
416910
424094
426544
429534
432921
437884
439561
440258
442362
444472
450299
455334
455604
459124
460522
463934
471208
475657
480625
484470
487398
492788
493957
496959
512782
514325
516674
522858
525870
527271
529441
531595
549837
550982
551620
560739
570232
570265
572032
584005
591789
593437
598736
601710
605803
608601
611381
611712
611985
613547
619785
621051
631739
634172
639851
644877
649006
654018
659915
660995
663251
668249
678005
681856
689752
698873
700295
700354
701849
703688
704173
707549
712876
717266
724728
725061
726061
727232
734916
735703
740182
742565
743231
743733
748132
749488
749976
750951
754888
754931
760601
760961
765810
766229
771988
772225
772737
773037
773163
775099
776524
778394
781241
782004
783206
787295
795548
798645
799964
800198
800811
810471
810850
814468
819507
828606
828652
837743
840053
842085
842298
850538
852318
853195
857869
858067
866824
873064
874296
878118
878505
881665
883643
884724
895652
898732
900696
905573
909136
910952
919851
920232
923962
931653
936121
937833
942940
949380
952725
953441
961518
965713
968716
972387
975606
976816
981663
983687
985381
989615
993104
993381
993864
999236
1002696
1005637
1011276
1014766
1030120
1032552
1032765
1034964
1038227
1045218
1047140
1062234
1067095
1068435
1069611
1070871
1072751
1078504
1079385
1081551
1081627
1081903
1082191
1094786
1098135
1107983
1108054
1108719
1118627
1130415
1133184
1133743
1136356
1136425
1146484
1156801
1157474
1161916
1162243
1165578
1167767
1176706
1178025
1178609
1181212
1181710
1188753
1191250
1195783
1199163
1202308
1209016
1209425
1210323
1215110
1217331
1223262
1229357
1232591
1234217
1235495
1237433
1243474
1252670
1254994
1257269
1259250
1259930
1260485
1266352
1268078
1276187
1278094
1280272
1283932
1289471
1293226
1301233
1303699
1311569
1329403
1329460
1345117
1347603
1351755
1352395
1355110
1355299
1357139
1364047
1365514
1375777
1376574
1380388
1380963
1382032
1383268
1384707
1387388
1388577
1404378
1409063
1414128
1419622
1421100
1421636
1422599
1423365
1430632
1431387
1435278
1441994
1444677
1446572
1450456
1455403
1458066
1459583
1479639
1480830
1482652
1487932
1488361
1494104
1500157
1505781
1507424
1522135
1524341
1525303
1530026
1530269
1532683
1535400
1538119
1538421
1540793
1541357
1543582
1550389
1556580
1566518
1566632
1570359
1577003
1585297
1586458
1586886
1589540
1590098
1597167
1606133
1606698
1609017
1616922
1624675
1626675
1626827
1628150
1635375
1637145
1639976
1647265
1663250
1664524
1665581
1671265
1673098
1674217
1676873
1679044
1680878
1684699
1689303
1690567
1690820
1693646
1694692
1697006
1697470
1699046
1699189
1700897
1704456
1716723
1716781
1717202
1717641
1723659
1727005
1737608
1739813
1739838
1739856
1743575
1747893
1748064
1750403
1754988
1761763
1763292
1763616
1765127
1765258
1778561
1780514
1786528
1788011
1791392
1796973
1801449
1808594
1811262
1818782
1822346
1838299
1839140
1840509
1844240
1846053
1846271
1860173
1871572
1875442
1876424
1879807
1881594
1887980
1888250
1889489
1893131
1903092
1908436
1916673
1918008
1920456
1932112
1941798
1955010
1961194
1976683
1986559
1990823
2004623
2009078
2009919
2012183
2012322
2013126
2013631
2013699
2018816
2021557
2026930
2036076
2042809
2043177
2050344
2055801
2056084
2059458
2061292
2074694
2084585
2095800
2103609
2108360
2109602
2114507
2122189
2125577
2142311
2142830
2143169
2143808
2145094
2148982
2155577
2157315
2159357
2164897
2168216
2171867
2173075
2174545
2175205
2175658
2175849
2177310
2189387
2194251
2219134
2231477
2232757
2235583
2236046
2241940
2245941
2246150
2252830
2253505
2263300
2270250
2272798
2286480
2290475
2291209
2292307
2296445
2297709
2306685
2307394
2310707
2314086
2317299
2332778
2338311
2344778
2346354
2352232
2356616
2361003
2365055
2365386
2371952
2383102
2388626
2390366
2394259
2411233
2415090
2418163
2420696
2423388
2426194
2426642
2428863
2430007
2430510
2431224
2432237
2433376
2435046
2458228
2466354
2472031
2472947
2473175
2477119
2479467
2479998
2485648
2495148
2498899
2501807
2502577
2511202
2511291
2515742
2517118
2520105
2520781
2529755
2534064
2545820
2548139
2548471
2556611
2561238
2561686
2568075
2574977
2593655
2595204
2595313
2608521
2612302
2613519
2613569
2615370
2617616
2623561
2629527
2629986
2639836
2645006
2648248
2655570
2655774
2657349
2659257
2663460
2669208
2670503
2670923
2673090
2673191
2676226
2678414
2678444
2678565
2681057
2684444
2684886
2685728
2695698
2700311
2703225
2703313
2710738
2718817
2718890
2719368
2722153
2733409
2734872
2739460
2745486
2750336
2750341
2763950
2764151
2768464
2788650
2792438
2811094
2815000
2824648
2824739
2830442
2832912
2833588
2840193
2855748
2863021
2863204
2867301
2871217
2871408
2873204
2873310
2877076
2879597
2883174
2900149
2903733
2905025
2905600
2914247
2916194
2919359
2921402
2922487
2923124
2925987
2926099
2926724
2929879
2930772
2947419
2959310
2960811
2964577
2965516
2968655
2968787
2972970
2974605
2978200
2979499
2985254
2988802
3000844
3002280
3004286
3004732
3004937
3011113
3012067
3018421
3019589
3020965
3029239
3029280
3031631
3032068
3035746
3037204
3037945
3043262
3044045
3053659
3053944
3058646
3063985
3066786
3073583
3083664
3085728
3088119
3090729
3092356
3095921
3097570
3100308
3100615
3101730
3102414
3102963
3113938
3114679
3115344
3115921
3116652
3118724
3123761
3125312
3128303
3129281
3132679
3145052
3152855
3154299
3156085
3158699
3162704
3168720
3170538
3171597
3173037
3174121
3182680
3185676
3186638
3187753
3188840
3188935
3191914
3194717
3203769
3204174
3210245
3220556
3221644
3222942
3234582
3247165
3247268
3247835
3248480
3252051
3268987
3275387
3281260
3287800
3290005
3292295
3294485
3302846
3311119
3313842
3333085
3335993
3337453
3338981
3341233
3342083
3346515
3347254
3348946
3353703
3358025
3360978
3364007
3367160
3369198
3370907
3372749
3376897
3378832
3379369
3379458
3386848
3388078
3388167
3404482
3404757
3406293
3411138
3414374
3415624
3425831
3431420
3432586
3435867
3439338
3442151
3445228
3456555
3457262
3464968
3469201
3471037
3499586
3500472
3502327
3504803
3505852
3509718
3513746
3516924
3522058
3524085
3527803
3530991
3532751
3534864
3535437
3536538
3544794
3549155
3550713
3554836
3572978
3578733
3581597
3582760
3583034
3583504
3588018
3589536
3589743
3590168
3591308
3593950
3601489
3602440
3619664
3621598
3623377
3626750
3631407
3632880
3634453
3639434
3643097
3651873
3658604
3660172
3660779
3674484
3674500
3675421
3675564
3678071
3678153
3685398
3688944
3690992
3691167
3702497
3704248
3705849
3708374
3710188
3710332
3711351
3714784
3728730
3734093
3734365
3739555
3747121
3749231
3753437
3763153
3765815
3767938
3779927
3780303
3789348
3792214
3793213
3795607
3800933
3804737
3808191
3818405
3818590
3822045
3823750
3825680
3826900
3827976
3829427
3842329
3842353
3844312
3844663
3845501
3856408
3856936
3863543
3865322
3867618
3874226
3874623
3874820
3875722
3882582
3882620
3882875
3885593
3888610
3892652
3893176
3893332
3893670
3896845
3909324
3910314
3913457
3914405
3914632
3919664
3921606
3923729
3923870
3925106
3930278
3934225
3934421
3936208
3943012
3946614
3955360
3964354
3964737
3965449
3972534
3973337
3974369
3978789
3978926
3987413
4004052
4011720
4012716
4018222
4019462
4029855
4042519
4045488
4047906
4049472
4058204
4073503
4076467
4080349
4081502
4082267
4084393
4084652
4104512
4108345
4108638
4111910
4113564
4113635
4114573
4119160
4124771
4132561
4135081
4143151
4146356
4146674
4150401
4151494
4152505
4153003
4156252
4165017
4166146
4169360
4173253
4177443
4186258
4188955
4189631
4194060
4197188
4200790
4202045
4208863
4210087
4213549
4218343
4219070
4223205
4223351
4224115
4229353
4236351
4247721
4248146
4248328
4257431
4262348
4266433
4268551
4269581
4271750
4273842
4274564
4277794
4281288
4283596
4286882
4295850
4295899
4296386
4296689
4309215
4309394
4311116
4313157
4316145
4319777
4322544
4323691
4325037
4325772
4326216
4332293
4333969
4335586
4336263
4342032
4345178
4345347
4347773
4348624
4349597
4370260
4372577
4372799
4374565
4374673
4377434
4385183
4385249
4385892
4390765
4392265
4409107
4409252
4409920
4419941
4420630
4421211
4427313
4429801
4432530
4438665
4440076
4446049
4447629
4452975
4453218
4456185
4471766
4473471
4473636
4478966
4480071
4487406
4493958
4501729
4505110
4508885
4509979
4518184
4521097
4536090
4539116
4572476
4572871
4580375
4580909
4582756
4592335
4597878
4598500
4604145
4609216
4609407
4610058
4616938
4619187
4622051
4622903
4622950
4630599
4645561
4656033
4658455
4658981
4660567
4661805
4670855
4674162
4683911
4684638
4686840
4689018
4690061
4690348
4690452
4696046
4698765
4702081
4706317
4706652
4711830
4713111
4716338
4733887
4738376
4738489
4747462
4749561
4752618
4757348
4761475
4761607
4769863
4777701
4788834
4791501
4792211
4793787
4795785
4798800
4801945
4803612
4807431
4812619
4814689
4815933
4822854
4825275
4825642
4827432
4831981
4833360
4838150
4838235
4838806
4850836
4863246
4885171
4885528
4887959
4888715
4891422
4897969
4900064
4900719
4902638
4903601
4903723
4905151
4907166
4911114
4911621
4915521
4915600
4918206
4922990
4934560
4949234
4952746
4963668
4964063
4965779
4977221
4981736
4984392
4992092
4997093
4998889
4999930
5001972
5004545
5022709
5022750
5028573
5030153
5030804
5032550
5033556
5042035
5042236
5043366
5043439
5045732
5046308
5049532
5055575
5059287
5061543
5064418
5065394
5076541
5076696
5078340
5084319
5086618
5088878
5090453
5090632
5101308
5103623
5104483
5108474
5111502
5119663
5120910
5121098
5122020
5130408
5133651
5140564
5143165
5143421
5147119
5150224
5157142
5162904
5169830
5175765
5177385
5177757
5182543
5182764
5186477
5186492
5198530
5203145
5205000
5206806
5210435
5212087
5232702
5248911
5250564
5252411
5252501
5261798
5273739
5274672
5279126
5279186
5284624
5293439
5296794
5297622
5300751
5326126
5326966
5328451
5331205
5336096
5336749
5347165
5350026
5350622
5352962
5360610
5361265
5362299
5364714
5365375
5370541
5386014
5391395
5397093
5399764
5400989
5406361
5409622
5410206
5415132
5418626
5420212
5421835
5423628
5428746
5431983
5440728
5447147
5447517
5450732
5461783
5461812
5467559
5467708
5469315
5469329
5500026
5500384
5506971
5517628
5522043
5524560
5525664
5529019
5531045
5532893
5537021
5537492
5542741
5546544
5553419
5555122
5555147
5557116
5558139
5560029
5565615
5566373
5570437
5572872
5573722
5580170
5583474
5585421
5586878
5597964
5598336
5601345
5607044
5608578
5623393
5631442
5634473
5635620
5641336
5641435
5643541
5649302
5652636
5656648
5661289
5677572
5679811
5682492
5687632
5689315
5691274
5691751
5708674
5709073
5715842
5716467
5730177
5735584
5736535
5741602
5750365
5754133
5757296
5758935
5772208
5773276
5774156
5776052
5780392
5780398
5784303
5784479
5785505
5794736
5795622
5800342
5800792
5800867
5805526
5815779
5823179
5825326
5826100
5827933
5835868
5840277
5841143
5842750
5842809
5849478
5850005
5850902
5852612
5855552
5859904
5862119
5865406
5868115
5881699
5881815
5885591
5892332
5901774
5905046
5909045
5911459
5911939
5914158
5914254
5922396
5923224
5923884
5925538
5939570
5943803
5946662
5947018
5947312
5951630
5962129
5962651
5962911
5965200
5967532
5967866
5975055
5975708
5980899
5982562
5985966
5986962
5988528
5989738
5989981
5990125
5991783
5992876
5993721
5994597
6002323
6006982
6015177
6018827
6030297
6032202
6036460
6040832
6042773
6046647
6048024
6055420
6058593
6070343
6075720
6083833
6089362
6099520
6102900
6104936
6110362
6113511
6113605
6118311
6132334
6134760
6137586
6143531
6145477
6157578
6162092
6165967
6173975
6177591
6177861
6189103
6189444
6189460
6202231
6203794
6206754
6213069
6218306
6219270
6221269
6221962
6226096
6230855
6232442
6236175
6241788
6241949
6242272
6272364
6284690
6286250
6286765
6291650
6295221
6297817
6299081
6316810
6318338
6321308
6322811
6338299
6343418
6350958
6354911
6357535
6360396
6368227
6369932
6369949
6370097
6372165
6373492
6376359
6378773
6380389
6388054
6393863
6399262
6403220
6406668
6407124
6410597
6420585
6421563
6423490
6429052
6434796
6448093
6459240
6469229
6469354
6476590
6478838
6483020
6487888
6488355
6493076
6504892
6508079
6508175
6508643
6510532
6515082
6515539
6516540
6523855
6524529
6538101
6543020
6545554
6554219
6560032
6571769
6575809
6576661
6579415
6579549
6579653
6583623
6584719
6604447
6611163
6611322
6614240
6633756
6634796
6645242
6647257
6649554
6652829
6662421
6668321
6669956
6672784
6676529
6678393
6678443
6681557
6688389
6691566
6694889
6696943
6702636
6710489
6711947
6713016
6722007
6724961
6725511
6729358
6730474
6744343
6746959
6747111
6747494
6749492
6752782
6758100
6759001
6762101
6762435
6769502
6773573
6779244
6782285
6782848
6788961
6789230
6793879
6796769
6800940
6806933
6814546
6825540
6828466
6829517
6830738
6839514
6840157
6840178
6841298
6847166
6847461
6849389
6852075
6855619
6856048
6862334
6863476
6864324
6868071
6870540
6877227
6877320
6884698
6887643
6890571
6893210
6896043
6901380
6909466
6916177
6918654
6919007
6937420
6939111
6942931
6944879
6945595
6953468
6954931
6959358
6970539
6970705
6970844
6972183
6977335
6980119
6981733
6983518
6984137
6990789
6998970
7013378
7019021
7020257
7020442
7023531
7024655
7028108
7031826
7037618
7038021
7057253
7057487
7060382
7061023
7065627
7067608
7083368
7086491
7086962
7090068
7090631
7092546
7097373
7097745
7110109
7111623
7111901
7117066
7118118
7122185
7123452
7127602
7128181
7129078
7133852
7134637
7136978
7138734
7140418
7143106
7143609
7145593
7146815
7150802
7161222
7167162
7176350
7189263
7190553
7190938
7194982
7196240
7199094
7204852
7204930
7210384
7213261
7217594
7223005
7228332
7235988
7240032
7243325
7243370
7250515
7253976
7255786
7255987
7268081
7269113
7270117
7270898
7278895
7280208
7288119
7293284
7304233
7306055
7311063
7318177
7323504
7324831
7329521
7331238
7339156
7343728
7349199
7356235
7357626
7366769
7369671
7371733
7373476
7379728
7382209
7389261
7394659
7404025
7406449
7410315
7412028
7412584
7416676
7417802
7421433
7422031
7427252
7428174
7431124
7434106
7444020
7447258
7448320
7451734
7455786
7456456
7459640
7474740
7476546
7482895
7484669
7492559
7499511
7502174
7502290
7506045
7507719
7508394
7510321
7512659
7517387
7520938
7527052
7536361
7537577
7542763
7544766
7546919
7550607
7560517
7570082
7570374
7571010
7577956
7590969
7596259
7605044
7615453
7621311
7632929
7639780
7646819
7650370
7652366
7653830
7661661
7666923
7670708
7676251
7685682
7686901
7687421
7693918
7696993
7700949
7701521
7704183
7707873
7709928
7715225
7715673
7717036
7719961
7721096
7721600
7725282
7728669
7732438
7736171
7738715
7743513
7745001
7750609
7751994
7761552
7762432
7774226
7775071
7775483
7778466
7778511
7780226
7780489
7790353
7792397
7796063
7799689
7804412
7812166
7812843
7813242
7815075
7818995
7822634
7832463
7836075
7843682
7849325
7851314
7857772
7858429
7859438
7864050
7870048
7873789
7888587
7903190
7904125
7905877
7906828
7910827
7919571
7921929
7927823
7929686
7930411
7938204
7941518
7943675
7944534
7952667
7955539
7955820
7962136
7968786
7969675
7970807
7971998
7983569
7986640
7994228
7998716
7999134
8002583
8013288
8018873
8021748
8022080
8024147
8026500
8026948
8031763
8033377
8045115
8045821
8051505
8052625
8054241
8058641
8059577
8072285
8072882
8074111
8078896
8081454
8082823
8083312
8090013
8093690
8095140
8096332
8116802
8118200
8121263
8134383
8136932
8139050
8147742
8152009
8165013
8165032
8177529
8182206
8185976
8188950
8190330
8192616
8197591
8197941
8202039
8203978
8215541
8217182
8221723
8224690
8225235
8226187
8226574
8226659
8235042
8236893
8245287
8250681
8254820
8258044
8259630
8264273
8268385
8268535
8270020
8277126
8277361
8283773
8284108
8285906
8287388
8289609
8289804
8292590
8292894
8293697
8304515
8312179
8316363
8321966
8330702
8334160
8347246
8348650
8349476
8350238
8353520
8356574
8358368
8368134
8373771
8390013
8393543
8402108
8406018
8408566
8408625
8409564
8417324
8419308
8420048
8420460
8437488
8444761
8445986
8453062
8458884
8460753
8462718
8464143
8464689
8466184
8480915
8492680
8493016
8493558
8498361
8503344
8505191
8505203
8505904
8509776
8512020
8520606
8520833
8530660
8535001
8537292
8545284
8549470
8550862
8557264
8561852
8562209
8563179
8563709
8572677
8575603
8577102
8585893
8589880
8591342
8598070
8600169
8603844
8610049
8619880
8624067
8629328
8632007
8645014
8645130
8647844
8648749
8653577
8661477
8672664
8679963
8685287
8688880
8693665
8694596
8696222
8700546
8700994
8704218
8709676
8713907
8718047
8723772
8724678
8733145
8740358
8740974
8742934
8747192
8749645
8755548
8761770
8771308
8771408
8772443
8773809
8777828
8778598
8781071
8782733
8785540
8785583
8792396
8796825
8798082
8798643
8801962
8802611
8810548
8816544
8818050
8822289
8828326
8837461
8839199
8843279
8849564
8856190
8856402
8863639
8868552
8870217
8870411
8875466
8876656
8877007
8884003
8884373
8884940
8886325
8889718
8898469
8898962
8910225
8914854
8915771
8926882
8927708
8928726
8929863
8935684
8951982
8961971
8964179
8965702
8966278
8970789
8975069
8975937
8978783
8980761
8985226
8990915
8994456
8995041
9003200
9005158
9013379
9024317
9024502
9024931
9031914
9033888
9034047
9035173
9035701
9038958
9040772
9041646
9043374
9044103
9046714
9055123
9058252
9059222
9066433
9073131
9074339
9075949
9076634
9078283
9084509
9085471
9092184
9097568
9104649
9113674
9116622
9122049
9124824
9124838
9126073
9132117
9132808
9134437
9134925
9141216
9142794
9143276
9145350
9154781
9159298
9160669
9162258
9169123
9170766
9171720
9173398
9177319
9180610
9182826
9184791
9190787
9198316
9203081
9212783
9214924
9215240
9216084
9225761
9227761
9234853
9236418
9242725
9244073
9246164
9247550
9252193
9256613
9257501
9258576
9265674
9269858
9273999
9284599
9285283
9286686
9295233
9300352
9300797
9303714
9314698
9316243
9323554
9323731
9324377
9325448
9325742
9328088
9330462
9340539
9353658
9356578
9356682
9370350
9372003
9382441
9388769
9391159
9392434
9397126
9397267
9399171
9404719
9407341
9418571
9423121
9427045
9431660
9441058
9447473
9448580
9450261
9454387
9454554
9477855
9495215
9500424
9504812
9505515
9506423
9506803
9515932
9519938
9523304
9523662
9525861
9532647
9537361
9539410
9541249
9545258
9550020
9550037
9551267
9552296
9559300
9560328
9571442
9575752
9582130
9584911
9588951
9592462
9592950
9600178
9611373
9611544
9615142
9630535
9635684
9644032
9644907
9649462
9653066
9668874
9670755
9671836
9680984
9685005
9692666
9700229
9700868
9701141
9702436
9707378
9708968
9709103
9720351
9720584
9730124
9738905
9740391
9741571
9741605
9743501
9747977
9748026
9748504
9753016
9755490
9758021
9759395
9763237
9763954
9768886
9771836
9788756
9796697
9800243
9802065
9805940
9818449
9832567
9836672
9836902
9844382
9855873
9856479
9857266
9859073
9859952
9863596
9865662
9866340
9867570
9869773
9881225
9883588
9884623
9887644
9889771
9896027
9907408
9912193
9917828
9924126
9924567
9925120
9925885
9927064
9932637
9934523
9940349
9940624
9943848
9945616
9948845
9949602
9953908
9957389
9960725
9961478
9966125
9966919
9966981
9977167
9981858
9984486
9994985
