4416
4585
12244
12665
23444
25364
29191
29482
36776
37304
44906
47464
47927
53033
57997
67611
69483
72173
74264
75296
76530
77212
80740
80963
81135
84129
98465
98820
104125
109128
123489
128799
137141
137764
141954
152712
154340
158076
163375
164147
167006
169939
171068
174258
175560
175658
176250
176266
178596
178613
184287
186032
191348
191831
207004
209190
214588
217499
218588
234980
238167
242397
248615
251441
255691
256451
260698
262371
262486
272337
276956
278003
280981
288852
292488
292718
293912
295537
317634
324380
324575
325253
327576
332284
342453
344471
345763
346912
355884
360355
364437
373750
377536
380511
380706
381977
384113
384727
385548
390602
412162
416523
418441
424696
425153
425884
427554
430970
433835
436453
438150
442625
453661
457000
462931
463748
472856
484446
485831
493398
501753
507340
512719
512743
513494
517992
528585
530270
531641
533723
548031
572108
579277
580990
593896
594272
596695
601041
602238
604382
604899
605206
606508
606866
608947
610348
612217
615009
628421
630555
632167
638215
639025
639291
640678
642045
643415
645727
645800
646429
649526
651416
672707
674580
677087
679663
686326
686819
688960
698166
705576
707909
710255
710383
714447
717497
719263
720237
728951
734918
739785
741493
746220
747235
751468
756895
757900
758364
758490
759730
761584
764572
766503
776363
776659
782144
787719
792275
792810
802110
805533
812806
813369
814243
815965
816523
823357
824192
825905
826157
827567
828802
832173
833702
841973
844192
848100
850111
850228
851285
852384
857250
860659
864660
866591
869038
872519
878252
879194
885900
886224
901253
906749
914005
918674
927865
927954
932277
933278
938965
942667
942953
949382
953146
953383
955657
958129
964218
966332
968056
971132
971331
985117
985764
996186
1001123
1002217
1010937
1013784
1021746
1021922
1023452
1033388
1034362
1037661
1039320
1043707
1045823
1060658
1062407
1096087
1096780
1096872
1099600
1099982
1103587
1105603
1107316
1118365
1118413
1125479
1133669
1134525
1134838
1136746
1137211
1141548
1141916
1145055
1146049
1161268
1161769
1168086
1169014
1170852
1172403
1174274
1175779
1187392
1189450
1194930
1195652
1196360
1196596
1200667
1208204
1211157
1212398
1212929
1217840
1227428
1230195
1236169
1246678
1247169
1251011
1257092
1266206
1268798
1279006
1282116
1283929
1292330
1294589
1303880
1304996
1320657
1324325
1326668
1328376
1336140
1337298
1340579
1348530
1349831
1359992
1367206
1367772
1372853
1373254
1375856
1376871
1383187
1387950
1390545
1396462
1399744
1407349
1411358
1418807
1423057
1425887
1432575
1440153
1444110
1444255
1448801
1452930
1459116
1460737
1461286
1466372
1469826
1471319
1475479
1479046
1479688
1496017
1496183
1498251
1505268
1508271
1508435
1510129
1511116
1512680
1515902
1516822
1516836
1518439
1522329
1523780
1530044
1532228
1535474
1539282
1544214
1546353
1555086
1557294
1569391
1569739
1575912
1580914
1583282
1584817
1591891
1594826
1597131
1601691
1608947
1611073
1617749
1618923
1622162
1632996
1633706
1643036
1643240
1653066
1655237
1657474
1658323
1660557
1661062
1663798
1667462
1674321
1688145
1689391
1692327
1696782
1698372
1698990
1704688
1713250
1715223
1716200
1716259
1718156
1726109
1726641
1726829
1739284
1739882
1744220
1747632
1753262
1755266
1768174
1785030
1786911
1791389
1793859
1796013
1803589
1804630
1805554
1806179
1807964
1809334
1817075
1821562
1825755
1829225
1830104
1843484
1855434
1862113
1872185
1872465
1877408
1879283
1888447
1888518
1897244
1899404
1904200
1909336
1916496
1922089
1924453
1937059
1940613
1942181
1944110
1944117
1945219
1945839
1953656
1954724
1957111
1963308
1963562
1971872
1974521
1977063
1988160
2005130
2009632
2014165
2015340
2016571
2016945
2017998
2032005
2033414
2042792
2045089
2045162
2045827
2055943
2060294
2071609
2075161
2078767
2080646
2083744
2088552
2089435
2096658
2097274
2098215
2101830
2103748
2114558
2120561
2125550
2128170
2130068
2130305
2130461
2141267
2148883
2149559
2150092
2152901
2157408
2158496
2166663
2167327
2174947
2176330
2179841
2180769
2181648
2184608
2187369
2194288
2200878
2205859
2208585
2213979
2218418
2221521
2222210
2224909
2238203
2239887
2240260
2247234
2250892
2253251
2259572
2262053
2263212
2265451
2274144
2276216
2280672
2281405
2283994
2291055
2291756
2297354
2297415
2303747
2310594
2312728
2318070
2320976
2322913
2324319
2345166
2349470
2352972
2369745
2376516
2378568
2388164
2399088
2401310
2407608
2409925
2412767
2417102
2417587
2419518
2425927
2426552
2427867
2439219
2439245
2443534
2444303
2445450
2449834
2450454
2450532
2453726
2454237
2454585
2457139
2457796
2458073
2458527
2467861
2472473
2472547
2473713
2474647
2489522
2489654
2492242
2496807
2499985
2500685
2501747
2504793
2517019
2518441
2526486
2527835
2529207
2542008
2547676
2548656
2548992
2554675
2556918
2559239
2560723
2561598
2564745
2576832
2577645
2580449
2580802
2584042
2586105
2586198
2588695
2594634
2596738
2598452
2605620
2609423
2632343
2636739
2638870
2639541
2646098
2648316
2649127
2653284
2655281
2665767
2670016
2670053
2670638
2680357
2683098
2683203
2684036
2684037
2689608
2695162
2699370
2706296
2717284
2721000
2721376
2721576
2735797
2748256
2748813
2749987
2750138
2757621
2758946
2760173
2768573
2773016
2779359
2780608
2782509
2784380
2787144
2790959
2798951
2799656
2803911
2810983
2811200
2813298
2813823
2818387
2821524
2824568
2825583
2830408
2830927
2834110
2834460
2835534
2839265
2840495
2841694
2845235
2845331
2848889
2852853
2852971
2856552
2864814
2868219
2872793
2874755
2877674
2877786
2897867
2899261
2899703
2902157
2904686
2905540
2909455
2912806
2914083
2915845
2923817
2924478
2924775
2925277
2926469
2933469
2934968
2936781
2938136
2946290
2956620
2971754
2971933
2978790
2979264
2980633
2981599
2986066
2988699
2991362
2993778
2994271
2994493
2994829
2995835
2995911
2995952
3009849
3012715
3016479
3020164
3022423
3031425
3037882
3038515
3038760
3051144
3054520
3060924
3065067
3065841
3066984
3069299
3077925
3078433
3082410
3083667
3083867
3084177
3085792
3090294
3095218
3107138
3111557
3116988
3117510
3118859
3131777
3135775
3139999
3141326
3144678
3145238
3147392
3147663
3159860
3160629
3161638
3162050
3170407
3170564
3172302
3174364
3179688
3183215
3196461
3196521
3203443
3204675
3205997
3207656
3210401
3212941
3215701
3215857
3220772
3220807
3222193
3224545
3225202
3231256
3231999
3233247
3239238
3259403
3262498
3269541
3271463
3273055
3292331
3304835
3306456
3307106
3310838
3314721
3316075
3332551
3332934
3333296
3340765
3344354
3344956
3346819
3347434
3349324
3350325
3353269
3359579
3362884
3369821
3381558
3381631
3384480
3385538
3396108
3405054
3408585
3409885
3413804
3417450
3418265
3420795
3421020
3422853
3424932
3426232
3427953
3441174
3447808
3452179
3452810
3456933
3457078
3459347
3462481
3462646
3463281
3467318
3468222
3475067
3475732
3481050
3481543
3482278
3492276
3499423
3501900
3504459
3508614
3520311
3521091
3523190
3529678
3532276
3534530
3535320
3538756
3549973
3550374
3553119
3556198
3562442
3568457
3572819
3576999
3578275
3579339
3582822
3593163
3594299
3607820
3612725
3621590
3622885
3629202
3629298
3637696
3638015
3638449
3645121
3646926
3647364
3667003
3677937
3689292
3691837
3692399
3702092
3702771
3704086
3716582
3717057
3728652
3728727
3728855
3733175
3735689
3736393
3737286
3738900
3746726
3748580
3750997
3754677
3755215
3764232
3765141
3773595
3774769
3776224
3776918
3785114
3785442
3791536
3791941
3801289
3806427
3812674
3817397
3824291
3824977
3832835
3833087
3834137
3839914
3840320
3842977
3845534
3846697
3847622
3851799
3852542
3853128
3856207
3857523
3858610
3862319
3877371
3877919
3881059
3885758
3888765
3893085
3893649
3895465
3896741
3898097
3901721
3906567
3907006
3912436
3916140
3924529
3931512
3931672
3936314
3940335
3945215
3952624
3953415
3959836
3961283
3967667
3969101
3977144
3977463
3985241
3990574
3991414
3991548
3995295
3997145
3999496
4000471
4000570
4005414
4018062
4023384
4031171
4037272
4038790
4048807
4055043
4056912
4060775
4061508
4065458
4065777
4067308
4068912
4076395
4078355
4080373
4084835
4091043
4091142
4091628
4095345
4098027
4101229
4104931
4112533
4114040
4122794
4136223
4141222
4151200
4151551
4151588
4168073
4183335
4184605
4189440
4193224
4195400
4200750
4208968
4210725
4214647
4221497
4222737
4224509
4226357
4230310
4230410
4230711
4231012
4232327
4237900
4245639
4251684
4256672
4259739
4265392
4267353
4272005
4283993
4286441
4287014
4294938
4307025
4311707
4312077
4317933
4322573
4323959
4324197
4325842
4338557
4341899
4346738
4349147
4349420
4351588
4352209
4358324
4364576
4379084
4381539
4381789
4394747
4397464
4398209
4402775
4407071
4411040
4417625
4426199
4443349
4443620
4443687
4446769
4446950
4464507
4465050
4467146
4469426
4480959
4482904
4497830
4500680
4501336
4530671
4535580
4538700
4546596
4547109
4547659
4548051
4548367
4548772
4558142
4559239
4559359
4566068
4567480
4576074
4579718
4606536
4628667
4635515
4636245
4642998
4646716
4655108
4656809
4663213
4664080
4673105
4676307
4677831
4680506
4685133
4692355
4692361
4699190
4701301
4708743
4715245
4723864
4731128
4732091
4733392
4735082
4736952
4742611
4744345
4745229
4748832
4751376
4751663
4752307
4752469
4758892
4759994
4763691
4764140
4770657
4771691
4772927
4797964
4799983
4807336
4810811
4814649
4818407
4821554
4830520
4831673
4836698
4837728
4844715
4846968
4851472
4853008
4854458
4855622
4859497
4861952
4872082
4872623
4874092
4885089
4886513
4890923
4895834
4896048
4898342
4900459
4907194
4907903
4912391
4918593
4920652
4922606
4923968
4925217
4927720
4928120
4929698
4935414
4941869
4942763
4943695
4947362
4950217
4954719
4955628
4960118
4961705
4968021
4970675
4970865
4971641
4975492
4981596
4994858
4995580
5001005
5007742
5012267
5015229
5016963
5023186
5026615
5027494
5027922
5033500
5034047
5041923
5042971
5051226
5060051
5060216
5061836
5063329
5068043
5069628
5072340
5075282
5076732
5079105
5080586
5085393
5092955
5093472
5094624
5097017
5103736
5116990
5121570
5122697
5124982
5127388
5130349
5131602
5137831
5138871
5159755
5166517
5172611
5176949
5182075
5191727
5192268
5199084
5205899
5207604
5214777
5222435
5224886
5231807
5232526
5232613
5243309
5244366
5247063
5248680
5256615
5259107
5267260
5267957
5292358
5301219
5301987
5309375
5310313
5311001
5311245
5320997
5323554
5330709
5333420
5344641
5346481
5355483
5355517
5359117
5359207
5360400
5361784
5368274
5370242
5372804
5373695
5375952
5376296
5384275
5385381
5386319
5394174
5399345
5400394
5405571
5406777
5411548
5411873
5412350
5416147
5423624
5426009
5438585
5447104
5450030
5450490
5452649
5456573
5456755
5460500
5464432
5465743
5469963
5475143
5479953
5484839
5485076
5494466
5495624
5497242
5505335
5507687
5509963
5521168
5522146
5526224
5530427
5533042
5533482
5534149
5537179
5538735
5541887
5542780
5551550
5551647
5551783
5552472
5553979
5568568
5569916
5573132
5578489
5580533
5583974
5598736
5609341
5618041
5619762
5621493
5621749
5628907
5630680
5631474
5634419
5639076
5643812
5644117
5651206
5655380
5657239
5662520
5663633
5667180
5668288
5668613
5673202
5686880
5687245
5689344
5701554
5708809
5714579
5715203
5715360
5718927
5720512
5724743
5731862
5737842
5740647
5752576
5752814
5753734
5757102
5758001
5762094
5764260
5772163
5781576
5783712
5787549
5787659
5793988
5799195
5799890
5803389
5807522
5815396
5822299
5828520
5847402
5849082
5851218
5857314
5860321
5860928
5861633
5864795
5866807
5866864
5876229
5879258
5882311
5882965
5885920
5889806
5893264
5901852
5905443
5906966
5908010
5913903
5919205
5919236
5923853
5924317
5926775
5927806
5932836
5935897
5939254
5939354
5942577
5943030
5943175
5945514
5948958
5956806
5959316
5963123
5969107
5982788
5994075
5994418
5995985
5998122
6000367
6006268
6008783
6016411
6019005
6025672
6028528
6029640
6029971
6030826
6043260
6043610
6046271
6048666
6062120
6062912
6065091
6069375
6075313
6077182
6091935
6102802
6105933
6114641
6115145
6115167
6117911
6137891
6150186
6151730
6156542
6157535
6162965
6164520
6166053
6167137
6167176
6172878
6188466
6194847
6195976
6196582
6198653
6201265
6201643
6210357
6210921
6214510
6218226
6220662
6222090
6231251
6247082
6247628
6248731
6263699
6268743
6271622
6277229
6277503
6280487
6282074
6283629
6289634
6295247
6296627
6307522
6309114
6309201
6310389
6312972
6314386
6316153
6320579
6323104
6331709
6333951
6338390
6343988
6344597
6347480
6351482
6351520
6353544
6357935
6363008
6365369
6368627
6375093
6384178
6387237
6389508
6396785
6397399
6413885
6419913
6422544
6442993
6444339
6446622
6446696
6448300
6457535
6459056
6461496
6465280
6468092
6469419
6486007
6503891
6506343
6510109
6516653
6519351
6524189
6530495
6535955
6539801
6544382
6546529
6555764
6555934
6561731
6571070
6575487
6583041
6586353
6587016
6591155
6591718
6595811
6595835
6597365
6602267
6602430
6603277
6605018
6605637
6617563
6618967
6619045
6621355
6623574
6629819
6630624
6633294
6639569
6640807
6641755
6642448
6644134
6652000
6656675
6665726
6668544
6671306
6684743
6693247
6694094
6697861
6698660
6706069
6714726
6719261
6720132
6721551
6721870
6724717
6726867
6738515
6741326
6748571
6750832
6753646
6756714
6767000
6772304
6783095
6785623
6794977
6798541
6798640
6801487
6810404
6812734
6812939
6816646
6826894
6831156
6833178
6834680
6838695
6840900
6843667
6850567
6852965
6856879
6857227
6859944
6861576
6865056
6868378
6870187
6870483
6874428
6877037
6881491
6885940
6887091
6896755
6899421
6903237
6904864
6905132
6914243
6922024
6931711
6935002
6937794
6938282
6940675
6945559
6947479
6948855
6969000
6979600
6979967
6985630
6992301
6999472
7000512
7001298
7011271
7011548
7012859
7016354
7018209
7024159
7025125
7029193
7029379
7035713
7036907
7040425
7042786
7043328
7046072
7056442
7058476
7059746
7064766
7065868
7066102
7066217
7066441
7070406
7076930
7077875
7081857
7086552
7086624
7091699
7092689
7093095
7095954
7099701
7114796
7115476
7120471
7123289
7124329
7128653
7136935
7150773
7156869
7166081
7166111
7168128
7168174
7170592
7171455
7171716
7174762
7175006
7177744
7181817
7186462
7196280
7196533
7198245
7198559
7200569
7201948
7206420
7208301
7215112
7218809
7219868
7225270
7243369
7250012
7251330
7255048
7262096
7263086
7265326
7272006
7273777
7275012
7275081
7279797
7280125
7280697
7281052
7281611
7283141
7286316
7289960
7302214
7302722
7310955
7314580
7326895
7329585
7331795
7344392
7349223
7349280
7351778
7353568
7367883
7369589
7369868
7370830
7374285
7375003
7378334
7385597
7387219
7392430
7393474
7396351
7397543
7400021
7406892
7408082
7412811
7415904
7420283
7422012
7424173
7425563
7428720
7433523
7435953
7441189
7442232
7450323
7451731
7465234
7466183
7477324
7478708
7480933
7482930
7486750
7488311
7488690
7490511
7492493
7499738
7503481
7514573
7516356
7527939
7534749
7536343
7538992
7539690
7547247
7560757
7561236
7563557
7564654
7570573
7570836
7571178
7573066
7574525
7578009
7582271
7583791
7584147
7584863
7590811
7595307
7595695
7595816
7596714
7604624
7609482
7610551
7615809
7620699
7621481
7623397
7631023
7631341
7655806
7662125
7662455
7662807
7663154
7668262
7671684
7673589
7675685
7676726
7681323
7685442
7686374
7688733
7690372
7697786
7700308
7705265
7707291
7709920
7711487
7716239
7722841
7723035
7723454
7729180
7730603
7734194
7736363
7738039
7740429
7760161
7763190
7769336
7777061
7782818
7785045
7787398
7800356
7801970
7810155
7816118
7816791
7817237
7819399
7828209
7833856
7835129
7835258
7838352
7841681
7842913
7847635
7868569
7869561
7876878
7878368
7881919
7883938
7888452
7889452
7897490
7905134
7908392
7910008
7911872
7925780
7928560
7928785
7928850
7929829
7930728
7930735
7931512
7933076
7937443
7939102
7939199
7943036
7949980
7952352
7953723
7954166
7977873
7978744
7979327
7983433
7984564
7984747
7988741
7991085
7995453
8003529
8005865
8008357
8010155
8011143
8012662
8012856
8014852
8016267
8021376
8022338
8024936
8027278
8035708
8041764
8049900
8051980
8053148
8058631
8060692
8062924
8066538
8067190
8073372
8080374
8080434
8081581
8083825
8089614
8089694
8091171
8091972
8092780
8096651
8097966
8098008
8105549
8110874
8117619
8134163
8141054
8142476
8144119
8146979
8149763
8150151
8155311
8156065
8158877
8159346
8161042
8162729
8162862
8164690
8169069
8170983
8173631
8173753
8177658
8178246
8183270
8198817
8206633
8207392
8213142
8217522
8218342
8219424
8219537
8223072
8224746
8229425
8230955
8231562
8233540
8233950
8245300
8245576
8249157
8250167
8260069
8261337
8264799
8266698
8270034
8270354
8272373
8283351
8288121
8291149
8291971
8292931
8293384
8296326
8302918
8309181
8315560
8318995
8319855
8322401
8324291
8326137
8330674
8331629
8331891
8332164
8334025
8343443
8348082
8352912
8355184
8358483
8360683
8361966
8372829
8379594
8380897
8380993
8382806
8384028
8393460
8394118
8400307
8406045
8406687
8409930
8410603
8413704
8413964
8416254
8420667
8421794
8422145
8425701
8432173
8435043
8443223
8444239
8448521
8449011
8449336
8453856
8455195
8459835
8464247
8465137
8471502
8475899
8477049
8479666
8491921
8495621
8499725
8500944
8501212
8506570
8509243
8510620
8529638
8530000
8531270
8531624
8533278
8538416
8545515
8549929
8555724
8558217
8560140
8566836
8570313
8575923
8578741
8580345
8580702
8600553
8603623
8607869
8609877
8621590
8631044
8633274
8635535
8636823
8646057
8652662
8655502
8660397
8671785
8673513
8678852
8679709
8683732
8687055
8691464
8700187
8702245
8709933
8717153
8721809
8731481
8734019
8746980
8749118
8749548
8751995
8758322
8775719
8778365
8783824
8784790
8788085
8789469
8791633
8792473
8794446
8804311
8810668
8813525
8814719
8821121
8826308
8826991
8829430
8830936
8831519
8839007
8842921
8851126
8855680
8866427
8867199
8870168
8871044
8876463
8877957
8879137
8879770
8882651
8886469
8892666
8897472
8898513
8899861
8901431
8908991
8915176
8916026
8922613
8923774
8929819
8945011
8946333
8947028
8953798
8955993
8957677
8958644
8965052
8975154
8975520
8978011
8979590
8988590
8995529
8996296
8999678
9000222
9009663
9020108
9022259
9039179
9039821
9041479
9042232
9043357
9043898
9046353
9046367
9048861
9054031
9055462
9058423
9058609
9064389
9070654
9077649
9081868
9088626
9094008
9094017
9095031
9102044
9104545
9107115
9115779
9120404
9123527
9126404
9127339
9128206
9131861
9132901
9136258
9140820
9142799
9144928
9146017
9147151
9150565
9154682
9158866
9161365
9171143
9175241
9176700
9179331
9184044
9187244
9189005
9193092
9198643
9204126
9225753
9226439
9233563
9234609
9238208
9238379
9244384
9247661
9248882
9250511
9251505
9252467
9260804
9263477
9267563
9268790
9269369
9286782
9287472
9291411
9303224
9304774
9313320
9314933
9319201
9323401
9324460
9325736
9327394
9327954
9338398
9348807
9352890
9364136
9368283
9371254
9374658
9378735
9378888
9379721
9382409
9388098
9388767
9390420
9406385
9415900
9418885
9424466
9430809
9431920
9438467
9445395
9451332
9454749
9458018
9461602
9462759
9463009
9463294
9466354
9466445
9469320
9478992
9480651
9494452
9498993
9499261
9500846
9504161
9504469
9506815
9507975
9513417
9523371
9526607
9530374
9538066
9545717
9547496
9547635
9552492
9557701
9558421
9564648
9569289
9579661
9582109
9587243
9590723
9604921
9611652
9613171
9613481
9622844
9626696
9632799
9634290
9634592
9636159
9637462
9637665
9640248
9642995
9643126
9646763
9659003
9659377
9659809
9665343
9666847
9668947
9669245
9671076
9671369
9679186
9679311
9694661
9700099
9701839
9709910
9717102
9729979
9734183
9741151
9749954
9752009
9753825
9753865
9753939
9757305
9761492
9761925
9781992
9783676
9785104
9791667
9793436
9795228
9800938
9805124
9808030
9809072
9814516
9818963
9821436
9827323
9828343
9835874
9837046
9838333
9840979
9848013
9854018
9857862
9859862
9862197
9866783
9871156
9872185
9881730
9885279
9885586
9890125
9890978
9897498
9900996
9901232
9905285
9905316
9907829
9909283
9910226
9913435
9917191
9917241
9919505
9938075
9944123
9944131
9944275
9949116
9950350
9952482
9953904
9965446
9974868
9982271
9990742
9994162
9997616
9999953
