15026
15825
17040
26020
38448
43628
44571
47657
58318
61535
65412
70658
85009
91582
99587
103817
103892
105772
120940
127723
128752
133253
135571
135788
140215
140425
146629
161133
166239
166807
175896
189718
190960
198014
201201
204501
206968
214594
218458
224818
225193
227347
228286
228806
238436
239463
245019
245682
252162
260496
260700
260745
264537
274128
277145
279200
288543
290254
295628
299610
314357
319504
319568
322534
339788
339951
341452
343609
344361
344644
356739
358103
359438
361050
363286
366002
382663
384413
385701
391482
391591
393392
393545
393900
402568
415086
421191
422590
426042
429344
429460
442375
443949
444211
451956
452748
453717
454107
484734
496443
497090
499329
499535
499946
502812
506957
510489
513090
514772
515772
518654
521132
522033
527543
537539
538314
538457
540961
555814
557811
567127
569100
573347
577358
591393
596914
599223
603652
608170
609713
622716
624896
625247
625304
638164
639427
640933
643421
655559
667929
676060
679915
682733
688730
691244
695592
697677
698739
702468
717147
722218
725550
725767
727188
730151
730800
734458
740606
758766
759837
762953
763136
783323
788073
827615
830949
833428
833934
835721
852268
854596
868194
870727
875907
878831
879410
880276
893283
898854
911034
918476
935829
946479
963092
968150
968686
983061
983407
986614
988680
990941
992745
1010537
1010864
1019549
1020038
1021938
1022423
1022639
1023037
1025545
1026151
1026329
1045154
1054805
1060712
1072166
1073127
1077256
1107834
1112169
1114758
1138771
1141254
1144533
1145588
1164398
1169930
1170518
1172183
1178716
1179211
1189646
1193796
1197788
1199502
1211781
1214320
1221318
1222133
1229070
1243397
1244607
1252600
1254969
1260077
1271284
1274630
1283488
1285780
1292888
1293012
1305585
1305594
1306499
1314492
1314926
1315653
1316361
1317644
1321773
1322871
1323037
1338452
1341370
1346184
1349499
1350775
1366162
1371547
1374444
1380686
1386152
1388937
1391578
1394857
1400314
1400804
1400838
1403102
1404006
1404640
1416816
1418955
1432837
1439747
1441743
1454726
1458893
1489207
1500588
1501755
1510687
1519297
1526502
1529064
1532728
1540033
1540221
1543041
1543873
1558204
1558619
1563104
1571415
1572254
1575288
1592211
1596536
1602527
1610523
1619941
1634100
1635490
1636035
1644084
1658312
1659048
1659370
1659701
1666966
1687556
1688424
1697071
1699685
1703229
1707566
1710483
1725380
1731567
1732845
1736697
1755659
1761781
1763135
1763475
1768467
1769399
1774307
1778301
1780371
1786324
1787652
1791542
1797198
1804243
1804683
1805920
1814102
1815981
1822669
1823858
1827858
1830586
1839320
1854567
1867781
1871402
1881299
1890629
1896282
1898810
1901042
1903888
1904060
1917052
1917540
1920778
1927414
1927912
1928712
1932301
1937956
1942917
1952894
1955532
1961806
1963955
1965286
1972303
1976284
1980137
1989859
2015803
2016459
2031011
2034317
2037816
2042336
2047155
2051076
2061008
2061885
2089850
2092774
2093994
2094601
2097616
2101842
2102664
2107501
2110370
2118338
2118550
2121015
2130722
2137320
2138975
2140760
2152384
2155435
2158214
2160412
2168830
2173258
2173329
2193977
2196802
2201348
2202680
2206066
2206689
2211710
2221629
2227447
2230380
2238813
2257453
2269158
2269618
2271318
2274300
2274599
2275301
2282820
2295278
2296554
2297151
2311055
2330992
2333315
2354205
2357436
2358755
2372822
2376456
2377462
2381511
2383745
2389912
2392091
2401456
2417899
2436323
2438139
2444433
2456484
2461063
2481630
2503838
2504047
2505878
2509832
2511905
2512398
2512869
2515607
2516860
2518675
2521588
2524235
2525771
2539353
2539551
2541006
2543093
2549124
2561652
2565514
2568684
2569949
2576483
2578213
2578767
2581118
2583851
2589636
2589727
2594711
2609274
2621348
2625580
2628033
2650040
2655034
2658164
2664821
2671133
2683111
2683699
2684028
2686641
2686980
2693559
2712125
2718985
2723569
2726215
2730965
2733210
2733270
2736502
2741024
2750992
2755150
2756233
2759924
2760062
2768612
2770546
2779672
2784125
2784229
2790561
2795911
2800269
2814815
2821869
2822995
2824911
2829864
2832084
2832208
2837819
2837901
2841071
2848242
2855061
2861624
2881912
2882962
2886448
2892786
2906057
2914195
2915712
2930418
2934748
2936922
2940291
2941413
2946812
2951229
2956590
2963076
2973874
2974980
2978022
2979242
2996924
3001010
3003141
3011639
3022248
3023124
3025007
3033017
3035031
3049063
3050870
3052680
3053875
3056629
3064356
3065320
3066708
3081942
3085779
3087632
3091298
3102658
3104865
3105190
3108399
3110398
3123369
3123572
3131915
3139762
3148772
3150695
3154090
3157452
3159039
3171889
3171894
3179615
3180432
3185704
3188319
3193880
3200801
3203655
3209594
3219731
3224695
3226250
3233542
3238997
3243785
3252568
3254115
3257363
3259499
3275944
3292966
3294125
3307595
3312867
3320939
3322019
3346107
3346292
3347969
3348208
3354256
3357567
3368036
3373256
3373915
3386813
3391584
3424528
3434151
3444718
3453009
3453719
3469874
3477805
3483385
3491355
3494634
3498156
3510884
3517429
3519022
3520280
3521605
3521747
3527248
3543883
3544075
3544230
3547000
3561404
3580185
3589080
3591135
3592953
3612121
3613188
3617759
3623019
3624293
3630387
3630799
3632356
3643107
3643352
3649429
3668853
3670102
3674551
3680060
3692768
3693238
3693471
3707929
3708688
3716510
3725113
3726969
3728185
3737785
3739610
3763021
3765555
3767580
3775086
3777109
3781605
3782574
3787428
3787679
3789068
3805193
3806426
3813878
3823719
3845565
3851325
3855199
3858578
3870138
3877047
3898096
3909950
3915690
3928537
3933968
3943045
3944165
3945330
3946274
3951140
3953140
3959643
3961604
3967445
3972078
3981248
3987457
3998275
4000059
4018659
4029142
4032126
4048239
4053135
4056235
4077100
4094471
4095188
4095840
4102069
4107454
4110258
4111817
4112933
4113030
4115212
4115801
4123152
4125104
4126758
4134934
4144662
4148829
4156532
4157445
4158172
4158619
4164882
4167706
4171568
4174857
4185513
4205493
4223898
4229874
4234234
4238033
4243017
4247146
4248826
4253595
4255948
4256310
4269275
4270559
4271344
4275649
4278274
4279934
4288455
4307313
4313237
4324493
4333331
4340914
4344111
4349191
4355452
4359665
4369761
4379109
4380684
4380703
4381433
4386398
4397096
4400185
4407004
4415309
4416999
4417114
4419071
4425728
4425955
4437881
4437970
4440840
4449855
4450047
4452854
4454945
4469698
4469750
4478766
4487968
4495909
4503451
4509825
4520462
4521800
4522918
4549183
4556781
4557174
4565174
4573488
4579674
4580672
4581903
4585094
4586021
4587926
4592304
4593085
4593612
4601827
4614550
4618386
4620613
4628918
4652398
4668793
4671615
4678278
4696254
4698995
4701051
4719695
4743595
4747734
4757360
4757440
4762439
4765591
4772499
4773473
4778156
4787997
4788952
4794047
4796554
4800589
4803900
4809715
4815010
4815857
4825737
4825777
4826751
4827838
4828714
4838099
4853054
4855093
4858724
4877540
4890761
4894328
4910519
4916487
4920041
4920408
4921134
4926177
4927125
4928660
4935608
4936946
4958352
4970842
4972009
4983336
4988267
4996900
5001667
5004020
5007431
5016800
5019075
5019531
5021577
5023405
5038333
5041568
5043163
5044492
5045567
5051716
5070285
5083229
5117975
5121743
5127779
5134163
5148708
5154553
5156328
5158397
5159954
5170556
5170894
5174331
5178948
5194235
5196213
5209937
5233017
5237028
5248994
5249538
5257740
5268009
5273622
5276973
5286668
5289686
5291060
5297697
5302954
5309295
5309842
5311357
5338142
5338905
5339205
5347133
5349933
5361522
5373951
5374318
5401918
5413315
5414330
5434125
5441067
5448328
5450331
5452336
5457475
5462097
5469774
5491793
5500412
5502106
5506677
5507510
5509204
5513795
5514389
5515420
5521517
5543642
5547600
5569801
5587848
5588388
5591735
5602323
5605969
5610631
5615178
5623125
5634368
5643599
5660756
5662270
5668556
5668885
5678227
5678583
5680650
5682411
5686082
5688702
5690374
5704865
5707806
5721154
5724680
5726238
5726625
5733351
5736809
5756339
5757892
5763105
5772148
5772514
5777351
5781867
5784247
5785280
5786325
5793831
5795702
5796824
5800890
5804437
5811764
5817667
5821197
5836434
5838591
5843013
5869010
5878369
5878619
5879238
5881425
5881589
5882609
5889541
5890749
5893230
5895918
5899502
5907130
5910239
5916296
5920033
5931708
5940021
5950574
5954915
5955383
5967135
5972784
5976627
5986905
5990533
5998509
6010405
6023658
6040429
6042074
6044171
6071666
6072305
6077793
6078720
6080225
6081752
6083676
6084261
6089499
6100812
6104408
6115486
6116561
6121358
6130336
6132383
6132600
6136341
6145194
6149531
6161702
6166018
6167952
6173542
6182699
6186218
6191239
6191601
6202858
6225493
6241715
6251104
6255995
6262037
6274679
6276375
6290746
6292360
6294722
6297479
6302019
6310950
6325786
6327342
6332050
6335122
6347274
6357775
6367701
6368866
6388793
6395614
6396727
6413444
6417142
6425577
6430965
6447640
6450589
6468470
6473296
6483666
6484119
6496766
6497298
6501808
6505231
6507630
6510636
6521700
6525612
6529008
6552969
6554569
6558168
6563915
6564109
6568052
6581412
6583023
6592821
6606944
6608723
6609908
6611541
6619393
6664597
6665271
6665738
6668462
6681333
6683383
6688791
6702365
6706948
6714834
6733980
6744492
6754745
6756852
6763949
6765677
6766557
6767041
6768746
6777015
6785561
6789978
6793446
6797249
6806059
6807787
6812402
6818771
6822132
6822666
6823756
6832456
6834637
6836031
6845016
6849709
6851823
6854330
6860463
6874232
6884387
6897193
6897537
6897545
6902465
6902608
6911084
6919005
6919035
6924564
6929270
6932926
6938000
6938654
6942286
6947411
6950625
6955427
6957553
6973296
6973832
6975807
6993466
6995819
6995968
6999127
7002894
7015602
7028335
7053042
7069311
7070641
7075215
7076764
7079383
7082489
7086015
7092091
7098004
7103357
7114331
7128860
7129748
7140297
7140610
7145071
7146106
7167926
7171182
7173760
7185503
7189136
7192363
7193542
7194827
7195280
7199763
7200567
7209952
7210245
7211856
7217551
7221363
7225798
7226957
7235184
7238139
7245489
7248952
7266563
7267677
7268773
7273295
7277994
7290345
7291605
7306807
7310620
7314570
7325271
7349617
7362344
7363187
7369260
7374124
7394081
7407456
7418740
7428479
7446211
7448002
7453353
7457193
7463696
7466450
7470075
7471471
7475206
7476751
7482237
7489098
7497504
7532724
7534075
7536981
7548670
7573678
7593210
7594743
7598648
7608030
7618369
7625891
7627661
7627961
7652349
7662120
7670727
7671812
7681240
7685670
7691555
7694445
7696081
7696669
7696810
7700093
7702662
7710107
7711105
7714609
7718704
7728679
7731792
7740253
7740551
7742631
7745684
7750975
7756470
7758273
7761270
7763690
7768484
7778507
7792203
7806104
7806114
7819547
7824377
7828568
7833028
7833133
7836104
7849851
7854291
7862174
7885593
7889051
7889604
7890824
7895688
7941499
7943610
7945113
7949342
7950704
7952893
7963056
7983620
7983767
7990356
7998609
8007692
8007796
8008563
8009561
8017751
8020605
8047200
8052403
8053259
8058393
8058496
8061310
8071705
8089052
8097490
8112225
8114475
8114547
8116557
8117049
8117541
8118153
8126427
8131461
8132672
8140029
8140732
8156327
8164053
8169511
8172869
8181579
8184111
8193090
8201555
8242257
8245361
8253773
8255998
8258410
8262384
8269128
8278226
8294291
8295219
8313869
8316471
8316497
8321588
8337129
8347950
8352526
8359363
8363085
8373538
8374010
8375328
8389788
8394513
8396969
8415818
8419621
8422168
8437326
8437844
8440341
8443178
8452535
8454032
8460879
8463865
8467394
8475906
8479929
8486868
8490026
8491955
8493265
8500989
8516489
8517792
8519195
8539416
8547371
8548557
8549005
8549942
8554052
8560721
8567592
8570573
8578186
8581766
8597962
8607298
8613715
8619257
8628485
8639754
8650822
8654489
8656540
8668185
8677095
8686454
8702553
8709706
8710821
8712427
8730308
8735669
8736373
8739352
8747411
8751589
8760632
8767068
8768064
8779220
8781990
8790439
8792827
8805452
8834977
8847819
8848612
8849513
8857653
8864957
8869372
8874342
8890928
8896014
8900163
8915208
8915232
8923699
8933531
8940480
8965597
8968872
8980331
8985285
8988796
8996339
9001152
9019118
9021479
9024801
9027990
9041268
9044066
9046172
9051179
9059001
9069544
9076657
9086725
9087206
9087355
9087382
9090817
9092876
9102299
9114338
9114522
9120907
9123262
9124366
9125732
9130326
9134748
9138899
9139023
9145275
9152406
9161511
9166203
9169395
9170957
9185212
9190824
9191038
9193828
9195397
9198817
9199222
9199634
9200023
9201127
9205495
9211035
9214139
9215879
9216626
9218893
9234982
9238261
9239607
9244531
9248695
9254584
9255623
9264047
9264066
9265715
9266321
9268394
9278230
9280520
9284492
9287289
9302308
9305221
9322823
9340181
9341356
9341796
9342135
9344815
9346175
9349738
9352054
9352565
9352654
9363752
9368979
9375535
9379171
9387131
9401318
9402638
9404399
9408997
9413262
9415363
9416468
9420301
9425827
9432088
9443020
9445100
9449065
9452957
9466620
9477963
9480413
9484529
9487045
9496899
9505124
9509374
9514503
9535099
9540852
9544223
9545800
9561379
9571468
9576681
9580570
9587863
9597684
9597791
9599987
9605291
9631890
9648064
9651488
9660786
9668417
9682692
9687664
9689203
9689754
9697214
9698797
9703476
9716037
9739212
9740295
9746002
9761866
9777076
9781732
9786543
9792566
9795225
9796297
9796514
9809883
9827121
9827297
9843389
9846543
9877655
9880579
9882111
9883372
9895709
9899875
9900053
9904643
9905044
9905726
9907502
9908585
9916049
9917668
9920175
9931714
9940275
9940953
9948524
9951014
9952781
9953045
9962379
9962784
9974221
9976397
9977742
9980678
9987659
9989846
9990256
