9632
20222
32460
33589
33796
36237
39576
49891
56924
70707
78518
81972
86485
96813
100677
103575
107683
113274
118659
119791
120955
126884
127533
143144
146059
148244
151640
164975
167727
168315
180498
195296
197529
198153
202235
206458
215671
218056
220787
220821
226616
240985
251303
253233
255429
256403
266018
277727
286384
287749
311930
317771
318857
319657
324976
325332
326493
332004
333039
334094
340063
346707
349225
351483
356553
363694
374636
379770
380226
392199
392594
399543
402050
411592
412258
414674
416144
422383
422491
425365
429944
444523
446327
446865
453727
460521
461619
462581
474529
484644
488238
492687
495434
502871
514339
521177
526161
526768
528067
554716
560039
561231
566505
569856
573392
593118
603447
609800
612348
623957
626685
626935
627936
630111
633074
636614
638929
646595
667587
667805
676547
683951
690370
709913
714333
714650
720262
726076
727789
743997
752061
753147
755496
756115
764808
765186
769740
780859
793771
806790
812539
817697
818644
856275
860188
860496
862367
862578
867237
869892
870305
871628
876094
877642
881238
890919
891278
896179
897817
900970
907687
916177
920763
935326
937055
939790
941298
961045
961228
972174
973994
978517
988675
996853
998498
1002689
1003022
1004008
1005935
1008923
1019056
1043332
1056108
1059385
1076019
1078300
1082762
1087634
1089219
1090983
1092189
1098511
1099442
1101494
1102832
1111979
1117528
1120978
1126885
1138718
1165703
1171521
1178086
1178416
1188444
1192390
1196569
1202604
1206497
1213310
1221196
1238949
1238979
1243702
1245634
1247337
1248580
1248893
1251053
1254414
1256345
1256617
1259070
1284318
1295691
1300190
1305839
1306440
1314845
1327383
1327705
1328736
1332542
1334306
1336399
1340518
1345680
1353992
1356405
1356926
1361359
1369216
1371435
1387545
1388005
1411329
1419697
1421770
1432216
1433673
1446931
1453429
1465964
1469498
1480424
1484358
1487148
1488339
1488437
1497233
1502622
1505972
1511992
1526375
1528884
1542708
1549858
1562872
1563723
1564668
1565023
1566000
1572327
1577501
1582829
1583389
1588206
1596288
1600476
1601810
1602360
1602598
1614671
1615743
1619492
1624124
1624517
1641607
1645823
1652333
1656263
1661048
1662146
1687195
1695612
1697399
1699376
1708099
1736394
1745439
1751456
1754047
1758158
1765323
1770221
1781542
1783569
1785516
1794478
1814294
1817419
1820006
1828722
1832017
1832765
1836394
1840006
1843065
1852555
1867397
1888472
1890840
1901033
1901069
1901758
1903455
1905386
1907356
1910364
1914521
1914778
1918798
1925230
1934561
1939798
1956164
1957400
1964885
1971390
1980574
1984950
2007490
2010208
2024279
2025723
2035563
2040760
2047732
2058195
2062671
2070729
2082748
2085021
2094257
2094333
2095403
2099147
2110134
2112607
2117301
2122844
2131689
2142058
2149382
2159969
2172282
2173141
2190663
2192195
2216917
2226559
2280841
2285729
2289075
2291165
2291545
2294632
2310817
2322225
2323997
2328415
2330221
2331289
2332057
2341940
2347595
2349070
2350207
2352181
2354756
2356643
2359067
2363550
2370451
2374188
2385893
2388049
2391130
2395317
2397234
2406436
2407227
2415057
2417852
2423841
2433123
2447161
2453262
2455295
2465791
2471336
2475704
2484678
2487690
2491311
2496419
2498241
2505425
2508684
2521879
2523030
2525836
2530810
2533422
2552093
2570380
2574186
2579840
2581550
2581891
2587856
2592767
2592945
2599775
2606420
2619152
2637530
2641657
2646010
2646987
2651555
2667783
2669560
2673245
2673327
2674262
2677694
2680055
2681028
2681542
2682353
2697914
2700154
2700664
2709827
2710299
2722066
2738165
2739545
2752869
2758718
2767664
2768202
2769681
2772326
2773629
2793195
2793894
2800001
2804047
2808030
2812547
2824546
2827363
2829025
2830350
2833095
2841435
2864299
2864927
2867213
2872246
2873952
2894817
2900008
2910893
2922249
2922360
2930568
2939556
2940715
2949723
2957146
2957983
2965530
2968788
2972583
2976564
2981173
2986132
2998536
3001897
3006075
3012164
3013012
3014170
3019765
3027816
3031820
3039309
3043301
3044392
3051326
3057035
3074346
3078518
3084576
3097321
3098297
3099461
3105834
3111185
3115836
3147258
3152224
3153247
3162153
3169451
3173554
3173776
3176405
3180232
3183145
3203469
3208618
3213306
3218617
3230312
3246328
3247432
3255923
3261950
3271023
3275017
3279377
3283756
3286882
3295488
3303112
3306373
3308767
3311156
3319696
3324727
3335160
3345230
3362489
3365221
3368718
3368925
3370453
3382808
3384496
3385611
3386366
3417989
3418244
3420854
3421108
3425312
3434511
3437987
3440861
3450849
3451360
3466300
3475469
3481736
3481976
3482567
3483838
3509216
3517087
3525034
3539029
3543853
3545082
3550896
3572891
3574303
3575624
3589582
3593804
3600992
3601888
3608769
3609284
3609321
3611279
3617089
3624677
3632814
3636479
3644566
3651708
3656862
3657167
3661683
3666717
3670905
3677852
3679294
3683599
3684095
3689782
3690649
3698946
3718652
3727946
3730460
3733831
3736853
3743587
3743745
3756309
3759465
3766186
3769074
3773135
3776276
3791009
3794591
3798699
3799089
3801347
3814023
3819436
3845141
3848965
3851031
3852221
3853963
3862070
3864662
3867393
3868798
3877510
3882267
3887973
3897164
3898484
3908770
3912005
3918281
3923211
3932493
3951291
3961361
3973050
3973855
3975245
3977935
3982077
3992221
3993187
3994887
3996608
4001975
4014351
4021193
4026387
4029445
4035741
4036064
4042283
4052643
4063184
4066192
4079345
4083910
4089934
4090522
4096060
4114625
4126373
4133870
4140773
4143344
4147892
4148468
4154631
4157681
4166199
4166316
4175905
4178167
4180931
4185249
4196487
4196656
4199715
4205691
4218515
4244515
4260272
4271127
4272008
4273841
4284020
4288615
4289885
4308932
4317337
4329995
4331007
4343225
4343666
4374794
4384468
4387671
4410767
4411713
4415041
4425919
4426524
4440625
4447318
4457585
4465467
4465589
4469878
4470500
4470737
4474192
4475488
4476785
4480029
4482744
4486874
4488481
4497115
4510040
4520303
4521578
4522055
4526018
4531580
4544522
4550095
4557219
4563794
4567823
4578158
4586402
4588974
4591954
4594630
4597203
4598910
4600967
4604701
4605226
4609082
4623412
4625509
4625515
4626309
4626790
4628769
4629698
4636127
4643687
4645775
4647070
4649139
4656471
4657830
4660865
4662913
4666374
4692085
4695409
4705773
4716263
4728282
4735066
4737031
4758478
4759800
4762519
4765957
4770902
4774549
4778736
4784522
4787790
4793881
4804484
4809766
4814820
4830003
4834276
4838250
4844092
4865780
4881868
4888444
4892515
4892634
4896766
4903024
4916995
4921442
4921816
4936377
4956315
4970875
4970915
4972825
4977121
4977580
4981591
4982255
4994643
5003685
5008054
5031499
5032947
5036492
5041742
5042782
5057550
5080379
5081844
5085812
5099659
5110709
5111026
5125309
5125903
5130016
5130281
5133792
5141493
5146683
5155392
5158381
5161334
5172750
5195980
5196770
5197964
5198207
5205455
5216241
5218712
5220025
5244756
5251831
5253615
5260367
5263320
5276393
5277220
5280451
5288770
5312015
5316625
5319348
5321004
5332578
5335913
5343020
5347978
5358183
5360722
5362161
5364633
5376815
5379230
5379326
5379595
5401305
5401346
5401523
5411162
5429255
5431422
5437934
5439692
5440960
5456432
5463730
5471276
5477613
5486476
5495110
5496908
5513665
5519408
5534296
5544912
5549924
5555018
5557430
5559266
5563582
5575803
5577236
5596252
5609005
5612179
5617517
5625321
5625878
5636134
5637273
5638145
5650417
5661624
5668232
5675345
5680258
5682457
5685041
5690175
5692103
5702300
5720200
5740689
5748223
5748720
5753558
5761727
5764292
5770321
5778680
5782580
5784932
5785988
5804349
5806922
5811315
5811354
5811430
5811608
5818196
5820591
5820858
5822494
5835861
5839684
5847330
5856814
5864738
5878912
5886715
5886771
5892857
5898647
5923934
5924659
5927489
5928979
5929533
5933615
5933727
5945374
5952931
5955120
5962066
5963519
5980323
5982231
5991558
5996913
5998948
6000383
6006406
6008440
6024116
6024676
6026052
6037444
6042113
6049490
6063350
6064328
6067529
6069454
6073464
6073837
6078075
6089459
6116278
6127761
6129295
6134717
6135344
6141652
6153465
6155394
6158085
6158500
6165679
6167914
6168702
6169477
6174409
6174503
6176729
6181926
6183045
6187486
6192470
6195857
6202689
6203405
6205915
6215813
6223152
6223382
6228715
6229629
6230256
6257116
6259881
6270550
6281985
6295081
6298551
6302982
6303740
6305185
6307641
6316381
6328088
6332367
6332421
6345021
6349741
6351496
6358199
6359518
6360011
6360967
6364125
6366721
6371206
6376203
6383175
6393124
6399229
6401506
6401667
6404875
6406670
6411015
6419381
6422484
6431013
6448830
6448941
6450400
6459916
6472631
6475089
6476031
6476559
6485422
6489565
6491585
6504842
6515417
6522901
6523733
6524881
6528832
6531575
6534985
6540482
6544730
6557035
6558247
6558426
6562906
6563416
6566333
6582392
6586590
6587180
6588393
6592347
6596138
6607727
6624894
6641737
6643340
6644607
6649097
6658472
6659820
6660160
6663468
6665763
6668726
6668954
6672115
6684067
6687877
6696153
6696853
6706036
6706668
6708007
6716026
6724181
6725100
6730914
6750283
6752541
6753992
6759131
6761324
6762081
6771120
6774396
6780215
6786330
6790223
6796159
6799425
6817717
6822089
6826702
6850438
6856385
6858154
6885661
6895145
6903074
6903388
6910846
6927393
6935568
6937152
6945173
6948053
6970551
6975710
6976134
6976896
6984880
6989592
6992608
6993306
7004613
7007698
7008739
7021042
7021808
7043542
7052302
7057622
7061873
7069174
7069743
7072526
7089869
7094239
7095189
7096871
7109361
7112971
7118121
7120533
7128589
7129477
7130076
7136103
7143455
7155968
7156125
7175072
7182348
7184237
7185056
7187127
7188264
7190248
7190448
7200163
7202596
7209246
7218286
7223379
7227560
7234662
7238793
7248671
7255857
7265779
7267768
7274463
7280805
7281099
7281800
7286874
7290109
7292097
7297362
7330418
7331200
7331320
7332869
7341829
7342344
7344833
7349336
7353520
7360838
7367752
7375218
7378279
7378650
7379208
7380026
7383431
7385088
7393356
7394984
7407801
7408501
7408596
7410399
7412441
7418829
7420162
7427867
7444039
7445556
7456310
7466776
7469809
7470337
7473756
7486182
7490146
7495020
7498952
7499431
7501346
7508709
7513905
7519424
7520653
7520845
7528740
7538468
7539241
7545741
7549929
7551956
7557283
7560878
7565388
7573026
7587169
7588440
7591977
7599390
7603244
7603564
7635139
7638094
7639692
7645368
7655071
7661886
7664904
7679077
7680727
7681450
7686081
7686837
7716564
7720789
7722090
7722431
7729279
7731622
7738733
7770701
7771598
7781911
7786013
7787093
7788402
7788521
7814509
7815671
7818949
7821708
7822204
7823619
7829648
7841144
7842514
7844332
7847620
7868715
7871408
7874954
7879408
7882735
7888417
7891240
7895452
7905325
7910389
7912402
7922883
7924086
7925291
7927964
7928785
7945060
7957878
7958573
7965661
7979216
7986367
7987077
8004361
8029048
8037643
8039370
8064811
8065226
8071178
8073428
8077067
8084073
8090298
8105992
8109331
8117536
8121358
8122037
8123654
8127020
8130805
8146641
8152013
8164638
8178672
8187727
8189306
8200664
8209664
8211973
8217122
8222205
8225125
8232367
8239480
8260737
8268079
8270655
8273416
8276849
8284458
8299895
8304879
8305988
8306560
8312966
8313189
8319614
8341828
8343317
8344609
8345240
8347867
8361795
8362785
8372067
8376282
8376477
8377675
8382553
8382570
8399558
8400712
8404974
8408488
8414214
8420683
8420707
8420921
8431965
8436868
8440632
8458726
8475395
8481928
8488158
8491879
8499355
8511078
8513821
8521951
8539330
8546850
8547800
8549243
8549872
8552884
8560667
8561161
8562789
8564654
8567127
8573333
8578619
8580658
8582286
8584662
8593923
8595752
8602789
8604974
8612785
8613610
8614373
8620308
8620572
8621842
8622386
8624354
8633720
8642996
8645761
8646212
8648291
8649929
8653516
8654053
8654103
8657366
8666173
8675311
8675744
8681050
8684439
8690772
8695692
8700183
8701385
8703396
8717373
8720246
8729172
8742645
8753750
8756508
8759208
8762762
8764014
8768041
8771616
8775222
8782739
8788529
8790327
8797204
8797351
8806359
8814665
8819664
8825796
8826738
8831137
8833792
8833935
8846169
8846868
8850668
8852051
8870394
8872498
8873388
8877433
8879498
8884565
8884821
8892362
8907035
8910630
8923821
8929007
8933351
8935154
8938191
8941165
8949481
8958741
8976489
8982967
8986157
8988766
8990167
8995289
8996922
8997519
9003196
9016707
9018313
9021251
9029153
9031020
9044111
9053485
9059424
9059501
9062778
9063281
9076991
9079871
9112903
9113134
9116019
9118878
9124559
9129784
9136499
9146783
9165190
9165901
9167229
9203938
9208955
9212225
9215429
9218059
9225047
9230592
9236727
9260499
9260569
9264866
9267802
9268077
9270296
9285613
9311053
9319585
9324483
9338083
9338112
9347997
9354573
9371489
9372194
9377343
9378676
9380783
9383733
9384304
9402749
9406594
9408845
9409036
9413294
9420165
9432003
9439019
9454540
9455749
9455780
9458667
9471443
9479976
9482217
9499410
9501199
9512045
9526424
9528658
9539537
9541402
9551716
9553922
9566418
9568741
9577081
9579621
9580706
9587537
9589075
9590460
9591006
9593077
9599044
9608522
9609204
9610907
9621267
9642938
9643144
9644214
9647663
9652194
9668266
9673116
9673498
9686317
9702386
9703625
9713191
9715649
9716876
9717590
9717916
9727760
9744459
9751609
9755913
9756591
9775056
9778176
9779839
9783346
9791637
9792589
9795389
9797100
9797831
9800937
9806900
9824355
9825027
9825373
9825443
9827672
9834606
9852046
9861594
9880277
9880338
9881818
9892343
9912600
9918035
9920451
9921316
9921545
9935669
9936141
9944574
9962755
9969855
9973894
9976259
9986580
9990527
