793
2270
5141
16015
22394
24207
26361
34197
43570
46444
49757
52357
56192
57644
65027
82397
82940
85068
85402
87829
97701
108652
123550
125140
132659
133280
134132
156952
161936
165157
165787
170692
178068
183716
191202
200504
206203
224710
227890
228875
242207
246302
249081
257012
270776
272114
272436
281543
284968
287850
292902
293592
294194
303768
304703
305119
307725
316581
325088
336094
337278
350777
352569
356462
364278
367717
376029
379486
385900
397866
407621
407719
414343
419527
429790
438400
448843
456436
461126
462538
467244
468824
471544
475193
482700
492196
510713
524751
526113
527208
534148
538492
548380
549278
553974
555871
569613
571361
573311
593648
601001
602454
603658
613255
615699
620523
658095
682320
686175
713427
715332
715949
751494
762493
772220
774154
778991
793122
798267
800355
802671
807665
814529
817367
819378
823502
837607
841220
847557
859715
870746
875782
877023
888434
889284
893915
894035
898202
911600
915826
925047
932097
933609
933679
934358
938341
939246
939248
942970
950046
954884
958713
969191
981472
992036
993731
995371
996476
1006811
1009761
1015298
1024780
1031161
1033677
1043888
1046741
1046828
1059196
1071080
1096405
1101156
1116773
1119332
1123013
1151229
1151848
1152234
1153127
1153740
1159085
1162121
1165900
1166883
1170842
1172878
1186067
1187842
1189782
1203647
1206301
1207166
1208719
1213131
1218160
1221957
1233301
1238864
1241569
1242479
1244112
1250462
1258934
1262014
1269858
1269870
1271567
1278745
1279664
1281560
1297082
1304965
1310626
1310705
1313429
1317966
1322128
1343297
1348527
1356005
1369484
1386367
1388660
1394424
1395383
1415530
1415555
1415767
1418702
1418731
1429704
1430473
1435985
1437875
1444138
1452922
1456699
1467936
1471534
1475265
1485800
1489848
1499040
1514698
1515375
1530006
1530515
1532930
1541581
1545612
1552489
1553205
1553468
1562481
1563800
1565775
1571795
1577886
1583276
1591419
1595925
1597004
1597694
1601952
1604440
1605202
1619885
1621926
1622029
1626285
1630221
1647035
1676520
1681919
1687603
1689458
1694077
1699833
1700837
1708052
1710078
1717729
1747935
1755438
1757443
1760992
1786833
1787601
1788302
1788519
1795711
1796631
1797730
1815929
1817936
1819998
1820328
1822021
1824348
1834611
1836559
1838243
1842699
1847955
1848267
1848365
1868665
1873157
1882333
1887446
1887800
1894162
1894222
1897110
1925856
1928950
1942542
1945614
1959111
1964049
1965106
1981914
1986184
1990377
2000128
2005079
2027711
2053540
2056589
2059403
2061432
2069115
2073342
2080684
2091709
2092193
2096749
2099234
2103992
2105889
2113403
2115743
2128830
2129981
2135327
2140781
2141262
2146170
2152887
2154176
2154522
2160678
2166556
2167176
2173900
2180129
2183757
2192004
2210570
2234223
2238003
2242393
2252357
2257660
2261515
2266990
2271494
2272991
2273912
2277078
2282413
2294164
2296015
2298846
2303604
2315492
2316283
2335317
2337136
2375490
2389696
2391768
2412262
2413894
2415229
2417513
2423949
2425324
2426930
2429902
2435369
2440336
2442937
2443319
2446792
2455073
2455435
2457969
2462241
2462912
2471206
2473792
2478830
2482143
2492522
2494966
2499979
2500971
2506437
2511725
2512437
2515913
2521159
2530250
2536502
2542063
2545135
2545838
2548015
2552238
2561100
2564852
2570772
2573550
2583829
2591970
2592699
2596325
2599829
2601142
2602765
2623359
2630610
2642674
2656598
2656821
2659065
2663407
2667426
2667734
2678848
2683830
2685668
2685935
2695565
2698805
2721782
2727316
2730835
2740014
2741597
2743376
2755419
2761214
2778007
2781303
2786476
2794996
2809361
2819621
2820978
2822437
2823254
2826777
2831072
2846651
2848098
2853308
2853942
2872582
2872645
2877210
2881249
2893437
2898273
2901740
2919672
2926232
2935337
2936753
2947941
2948063
2965525
2966482
2967046
2973330
2974918
2975098
2977615
2977779
2980231
2991040
2995783
2999280
2999389
2999570
3001826
3004682
3005252
3011937
3019725
3021080
3021287
3033738
3034004
3034641
3036427
3042892
3059877
3061615
3066090
3068686
3068888
3070053
3071233
3074745
3075976
3079318
3085294
3091188
3095232
3099750
3101823
3103098
3113223
3115874
3126708
3128548
3134449
3139733
3144321
3158642
3163455
3165211
3174086
3183536
3202069
3202227
3206573
3208342
3214049
3224461
3225579
3228427
3238933
3239052
3239395
3239612
3241170
3253140
3253964
3254165
3259812
3270578
3271564
3276351
3281509
3284955
3295071
3316035
3316942
3319007
3322974
3329066
3337909
3345648
3364546
3377039
3390332
3391235
3397961
3412701
3422864
3432784
3448426
3451383
3454692
3467109
3468448
3468790
3474248
3488096
3500346
3507322
3512959
3513775
3522648
3525410
3530749
3551087
3552282
3553064
3556652
3561998
3567056
3572565
3574997
3580324
3583786
3593408
3600421
3602462
3604810
3606621
3610267
3627335
3629599
3638929
3642442
3643529
3659661
3672335
3685789
3686018
3686814
3696529
3697139
3711114
3718676
3729099
3741374
3765900
3774593
3775873
3778229
3795368
3824231
3828059
3830470
3838707
3842547
3844060
3848526
3851086
3854312
3863507
3863905
3864097
3864522
3867005
3870070
3870365
3876192
3879815
3891933
3895627
3897405
3901593
3908681
3911915
3917725
3925901
3929376
3929733
3931245
3935943
3936149
3937229
3939015
3948176
3957544
3960606
3965333
3972875
3978027
3985042
3988633
3990419
3996477
3999732
4000333
4011393
4014140
4014747
4019302
4031889
4037932
4039887
4040591
4051952
4052912
4057251
4091885
4100436
4102782
4107368
4115388
4117918
4119551
4119715
4120810
4132504
4159860
4167225
4174866
4176993
4182236
4195357
4200625
4202288
4215730
4228497
4237355
4237363
4239425
4243841
4266103
4274637
4277064
4278660
4281097
4281498
4281904
4282632
4285663
4286330
4289743
4298659
4306459
4307442
4308330
4317071
4318022
4322974
4323579
4324854
4331339
4331485
4338507
4361659
4389590
4393245
4403045
4407363
4410597
4413241
4416551
4426337
4430215
4435217
4436832
4438915
4451442
4459332
4463469
4466823
4481352
4491209
4492778
4498455
4501581
4502172
4506267
4520171
4523760
4543927
4551057
4551175
4554475
4554855
4557695
4559976
4560568
4567400
4569603
4572090
4578891
4585089
4587911
4592392
4592737
4592818
4598450
4619391
4620131
4627517
4640234
4644660
4645185
4650153
4656076
4660499
4666542
4671891
4675930
4676120
4678019
4678949
4719037
4735305
4742230
4753678
4774427
4782071
4786820
4793303
4794523
4796662
4799801
4811990
4815004
4831301
4837737
4843577
4849189
4849657
4850155
4860057
4862373
4863077
4869491
4880582
4881065
4883329
4888754
4896780
4896992
4899575
4910043
4912795
4921007
4933910
4939630
4939985
4944128
4944527
4947523
4950306
4951018
4977107
4985404
4988648
4991351
5005984
5010752
5017269
5022735
5028453
5036159
5036204
5039674
5044531
5046572
5052232
5055323
5058937
5060033
5069909
5077609
5101427
5109892
5117968
5126951
5130341
5134768
5135820
5136856
5138424
5146071
5147555
5153186
5154359
5160797
5170165
5176293
5183412
5201404
5237432
5241424
5262908
5264037
5266785
5269358
5270496
5271804
5273712
5274802
5276103
5278032
5281394
5289990
5298593
5304206
5305161
5313176
5327301
5328337
5343687
5344256
5346866
5351855
5363457
5373430
5374465
5376525
5378510
5388672
5396779
5400701
5405413
5408173
5414830
5428504
5428795
5433195
5458182
5459072
5464525
5470930
5471827
5477880
5490081
5491138
5494928
5513928
5514927
5519155
5519661
5520483
5520773
5529873
5534078
5537342
5538250
5545907
5561896
5563565
5569562
5587692
5590045
5616151
5617215
5631057
5632016
5647476
5650908
5652175
5656643
5658296
5660844
5670642
5677328
5678346
5699491
5705162
5713023
5724015
5730713
5740068
5742920
5743792
5755163
5755667
5757886
5759462
5760759
5768350
5774043
5774201
5774406
5775746
5780630
5788824
5791647
5794004
5796454
5797187
5799041
5806014
5814305
5819861
5820029
5826043
5833362
5845187
5853698
5859552
5860275
5860994
5861118
5863533
5871191
5872609
5877256
5879433
5882508
5884013
5895820
5898182
5898942
5926417
5927386
5934058
5938249
5938938
5950074
5955958
5960492
5960894
5962975
5964678
5965158
5968768
5972377
5984104
5987414
5989862
6007065
6008532
6039744
6042730
6045306
6046894
6055640
6070407
6082132
6086729
6089615
6096761
6100017
6103159
6108762
6109011
6113727
6115245
6119871
6124341
6138878
6140517
6143061
6152335
6156112
6156182
6170710
6174320
6195644
6196038
6200319
6203478
6207566
6218251
6227693
6230303
6230633
6230831
6244517
6251969
6254045
6256389
6260629
6273525
6277269
6279001
6293433
6298899
6306046
6306414
6308498
6319725
6331844
6336275
6344186
6348412
6352978
6357387
6359107
6361839
6362159
6365658
6372261
6378269
6381001
6384742
6386626
6393637
6401688
6404580
6406078
6415100
6450179
6474839
6479288
6484849
6485259
6487086
6488693
6495312
6497944
6498724
6508421
6510628
6515788
6522993
6524308
6531499
6537626
6548367
6549259
6554820
6566338
6568005
6571991
6573191
6584199
6584997
6589370
6590268
6592202
6592925
6593240
6602964
6607098
6615177
6625175
6625867
6637098
6638730
6640418
6644097
6650545
6659198
6672382
6673542
6675216
6677514
6683778
6689816
6691077
6694173
6727671
6739712
6743415
6753327
6762958
6764944
6768696
6784851
6786581
6786862
6800206
6803043
6803463
6805554
6838067
6841343
6842193
6844314
6848316
6854265
6859064
6863265
6870698
6872339
6874719
6876919
6878207
6884625
6886824
6892487
6917820
6923783
6925496
6935223
6937426
6942419
6945866
6950339
6959611
6972858
6997276
7000151
7008947
7009907
7015618
7015828
7019051
7030994
7040464
7042433
7053587
7059214
7060530
7060595
7062063
7069818
7092693
7096168
7098289
7106203
7113814
7116666
7136709
7140441
7146995
7149575
7155783
7171119
7175417
7186506
7189384
7191296
7194702
7197393
7205892
7218543
7223763
7230008
7236702
7241315
7244755
7249394
7254768
7254856
7259193
7259274
7271483
7274818
7274822
7274913
7277228
7278825
7284606
7285502
7302256
7302361
7302740
7312766
7315339
7315740
7333348
7343008
7343052
7347491
7366411
7370142
7379809
7393569
7406962
7420192
7425956
7429804
7430581
7433722
7450792
7452579
7455427
7457026
7461987
7463753
7472858
7478917
7484088
7485656
7489263
7490405
7516285
7525673
7531860
7538756
7542356
7547299
7548867
7568952
7572607
7572797
7586576
7588806
7590022
7596836
7600341
7605696
7610880
7618465
7618767
7637246
7642881
7645253
7661095
7661646
7664361
7668831
7681182
7698969
7707986
7714874
7727716
7736450
7736504
7741731
7742621
7743806
7747196
7754255
7759188
7759688
7768648
7774208
7775382
7795899
7797838
7804145
7814067
7815365
7831823
7840750
7843761
7849530
7856627
7860194
7860818
7861825
7864892
7871522
7876104
7880191
7895053
7910950
7913025
7917680
7918176
7922495
7927957
7928332
7929939
7930659
7936202
7939999
7941021
7946537
7946710
7947658
7954500
7960140
7964340
7965209
7969557
7974698
7984029
7984424
7984583
7989813
7991295
7991782
7991939
8007229
8008124
8045007
8057328
8063120
8069913
8074676
8076346
8100273
8101795
8106456
8107047
8120061
8121948
8122430
8123756
8125716
8144995
8149994
8152670
8154858
8163898
8164410
8167100
8182270
8185931
8203832
8204504
8211386
8211406
8216855
8253814
8260073
8273673
8286524
8303000
8308397
8309260
8315875
8317775
8318456
8323306
8325820
8329206
8335741
8343399
8344434
8368372
8375256
8376284
8381198
8395222
8402643
8413542
8423350
8437308
8453061
8453365
8458345
8461170
8466210
8467270
8468274
8478946
8479711
8480649
8484260
8487413
8497196
8497573
8498869
8499208
8501981
8512593
8516985
8517002
8518573
8519838
8520242
8528119
8528699
8539518
8542154
8553515
8569993
8581390
8586837
8588465
8589938
8592396
8603201
8605234
8610938
8614160
8618923
8620600
8633747
8641201
8643910
8664303
8668287
8673431
8673432
8676606
8678371
8681917
8694674
8704226
8704307
8718055
8730256
8734451
8743440
8746222
8752311
8754589
8760924
8768373
8773813
8784827
8797964
8808146
8813193
8819448
8820428
8821860
8835854
8841582
8842290
8848290
8859409
8862989
8863919
8863954
8864245
8865078
8867452
8872879
8873821
8880853
8895229
8897703
8901070
8902863
8920480
8927994
8945013
8958703
8970503
8970685
8990773
8993718
8998924
9000947
9002166
9034509
9041613
9046250
9049118
9049641
9053370
9055938
9057669
9073131
9076707
9082105
9085450
9088018
9103192
9117484
9117877
9126435
9135827
9136944
9151318
9156798
9159469
9168902
9178197
9188144
9188694
9193430
9199627
9201619
9206420
9220619
9230424
9242034
9246360
9256854
9260957
9261282
9264518
9266539
9269425
9270861
9275067
9280342
9286605
9294557
9303795
9303997
9304214
9309889
9316995
9317053
9317284
9318006
9318916
9329539
9338941
9365385
9367068
9380498
9384500
9386785
9389126
9390024
9412958
9415606
9415745
9421365
9432804
9435525
9441592
9447023
9466152
9469986
9474667
9481435
9482213
9490780
9491981
9494254
9495110
9502301
9503584
9513168
9515545
9520533
9522245
9523333
9525451
9525742
9525965
9528372
9528867
9531773
9533072
9541361
9541685
9545123
9548262
9560680
9561001
9566287
9590169
9598642
9603523
9611662
9612165
9620095
9620437
9622511
9625014
9639035
9644644
9647018
9647675
9667466
9669055
9669870
9672514
9691366
9695533
9702199
9703151
9707082
9718539
9721034
9726716
9727306
9733198
9736681
9743296
9744846
9749915
9750594
9751064
9756713
9760510
9770431
9779546
9786983
9788818
9789301
9797495
9806668
9810015
9811555
9821635
9842866
9844965
9853709
9855279
9862662
9870803
9875552
9886662
9889640
9897319
9926890
9939425
9943855
9954774
9966471
9966826
9981178
9985082
9988671
9990601
9991800
9997472
