6035
7619
8505
16971
24492
25717
28644
32699
33096
33715
34678
38930
39536
42562
47382
47532
50982
54121
60191
71382
86265
92541
96945
99935
100436
100533
100945
103351
107601
112620
115184
115531
118335
120402
121158
122261
123182
128363
129539
140758
143087
149871
151297
151639
157653
158574
163859
169507
173487
177029
180061
180589
183104
202056
214338
218316
220001
223720
225653
227314
229374
232631
235873
236957
238576
243319
245853
246394
247073
248731
252025
252488
260214
261094
261354
268665
270317
272263
274737
276859
277535
279595
298542
299822
305331
308381
311283
311322
313412
319507
321350
325225
330345
331389
334902
337667
340423
342987
346212
347101
347460
350695
350714
353078
358545
364704
372195
377005
380126
387645
391643
396043
396410
398396
405613
414906
419413
426286
426291
426588
427567
431924
441671
444940
454859
455289
457198
457536
458808
461182
464163
466520
467200
467554
468592
469705
473482
478202
480984
486033
487505
490260
491829
492658
494651
500900
501519
509320
511933
512010
513758
513762
520759
520824
521775
524551
527868
528000
529071
531907
534198
536049
536225
536523
536981
542322
543280
544044
545032
546394
557203
557858
561552
572432
575061
576233
580018
580226
582805
584650
587768
592137
592887
600637
607535
610742
611985
613138
615144
616924
624886
627454
630909
633054
634346
634851
635118
639334
641752
644227
650141
657584
663253
664849
670872
682453
682485
682594
686289
689068
691048
692297
694471
702034
707683
708392
708865
709952
718135
729329
737626
740060
746215
748739
749411
752702
752737
764159
765983
767727
768169
771989
778704
778753
783807
786113
808599
817160
822841
823203
839402
843327
844532
850143
857864
859939
861936
864546
865323
869699
873830
877293
880947
882052
885229
885321
887820
888497
892235
897333
901109
911241
913121
915046
920396
922688
934658
937405
937976
940923
944323
951174
954529
957353
974308
975423
975810
983942
988142
993410
993766
995651
995692
1000275
1001789
1005240
1007004
1010588
1022042
1027822
1036031
1036409
1039844
1043836
1046346
1046486
1048150
1049688
1049694
1052372
1060079
1060630
1069791
1073369
1081503
1085145
1086982
1087496
1090362
1094934
1098805
1099725
1117305
1120649
1124534
1124935
1125885
1128142
1129427
1133326
1133873
1140149
1140498
1141239
1141411
1141951
1142742
1149100
1155362
1157066
1163696
1165573
1166770
1168763
1168883
1183036
1183046
1185663
1193453
1195739
1200051
1200976
1204981
1206223
1213952
1224207
1224465
1224510
1224757
1227579
1234689
1242177
1247602
1250132
1264844
1266403
1270265
1270817
1273792
1274805
1283376
1292144
1296434
1305942
1309529
1311254
1317006
1317976
1338933
1343774
1346684
1354413
1363291
1373462
1383410
1383677
1386940
1404938
1407289
1407853
1409049
1417048
1417174
1418940
1422870
1426539
1439823
1440741
1441223
1443130
1443215
1443387
1452572
1454706
1462180
1464811
1467003
1467059
1475112
1481511
1481718
1482433
1485537
1486113
1487623
1490364
1501393
1511440
1514407
1515251
1515752
1516993
1525427
1531639
1532062
1534250
1536574
1537640
1538795
1548237
1548323
1556708
1558922
1564134
1570601
1572827
1572995
1578191
1579860
1586192
1588529
1593513
1597342
1597745
1599707
1601068
1604487
1604772
1610286
1611630
1615489
1623030
1624523
1632463
1639566
1644341
1644966
1659106
1662966
1669005
1670885
1675265
1679605
1680116
1682458
1684273
1689163
1689988
1701156
1702805
1707476
1717113
1717184
1718215
1720515
1723959
1728115
1733592
1734821
1735496
1746147
1748068
1750842
1752935
1756276
1758521
1768967
1770723
1772247
1781434
1782457
1786595
1789346
1792252
1793739
1794532
1795704
1801689
1806533
1810895
1813368
1814084
1814281
1817933
1819954
1825939
1831310
1838407
1850406
1853554
1859509
1859815
1860360
1861609
1871145
1874441
1877550
1879286
1880055
1880643
1882039
1892829
1903241
1905294
1907725
1919551
1921950
1929235
1932676
1932758
1933685
1937409
1939248
1939502
1940945
1943180
1944624
1945085
1960611
1962505
1973143
1974034
1989648
1994806
1997805
1999400
2003594
2009766
2015907
2021085
2021265
2023179
2029603
2031011
2032238
2033624
2042070
2047753
2054964
2058490
2079630
2107441
2107795
2111509
2116626
2127121
2127152
2130883
2132171
2132967
2136497
2137091
2141621
2142949
2146439
2151005
2155157
2156325
2161362
2164931
2171230
2173614
2194178
2215109
2215443
2216069
2217486
2217573
2219071
2220357
2227226
2229117
2237830
2238160
2243250
2245263
2248048
2254173
2254248
2254990
2255453
2261022
2271774
2302751
2308175
2313800
2316114
2323626
2326021
2329557
2332858
2333807
2335970
2336081
2336874
2337509
2343232
2343554
2347150
2348722
2360163
2369773
2384355
2386892
2390078
2391025
2393332
2395160
2403968
2408634
2412901
2413597
2420925
2426846
2433801
2434154
2435146
2442714
2443960
2447685
2455665
2457319
2477898
2487466
2489600
2491116
2492392
2498344
2503565
2506359
2508475
2512579
2517229
2524929
2525132
2527280
2530443
2531365
2543436
2548808
2552422
2553261
2558237
2558548
2562410
2564530
2571840
2572703
2582969
2585200
2592256
2596101
2606552
2607070
2616372
2620460
2620572
2624113
2630309
2632554
2632644
2636481
2646260
2646514
2649208
2654922
2657663
2668882
2669017
2671891
2679159
2681477
2689657
2698903
2701298
2715167
2715934
2718973
2720516
2720758
2722395
2732501
2735407
2737800
2740620
2742625
2752107
2752159
2753084
2754285
2756052
2757306
2757696
2762385
2765434
2776819
2778443
2779986
2780022
2781397
2783092
2786922
2786984
2787984
2790334
2794903
2795237
2800910
2803099
2806492
2808167
2811678
2811731
2813805
2824584
2829901
2833499
2839575
2844461
2862864
2868137
2870018
2871469
2875322
2881117
2886720
2889144
2889598
2896715
2898033
2898702
2900097
2910931
2919511
2926706
2933811
2936917
2937560
2939543
2957618
2962768
2966611
2972405
2975117
2980190
2982316
2985972
2986553
2994799
3002577
3008910
3018202
3019388
3020105
3021083
3029770
3036708
3045184
3047660
3048299
3052240
3054529
3054705
3057970
3070599
3070698
3073198
3076994
3084832
3086191
3095588
3096784
3105305
3106267
3106406
3119144
3122057
3123816
3124838
3125963
3126266
3126326
3127672
3127954
3129715
3132549
3133060
3136780
3138903
3152005
3158094
3161274
3167522
3172831
3173189
3187818
3188677
3190456
3190625
3191117
3191925
3196043
3197492
3205347
3216712
3220143
3220570
3221104
3229477
3230212
3232365
3236696
3237871
3241035
3243316
3254276
3254792
3262693
3263223
3264951
3273581
3274034
3275486
3276105
3280383
3280726
3282615
3282976
3286547
3293661
3299425
3306925
3309934
3311055
3312352
3317325
3319261
3323702
3332586
3338769
3347687
3350543
3355439
3359973
3361855
3362114
3362727
3369204
3369485
3372620
3380780
3389801
3394738
3399046
3405838
3406477
3406913
3412271
3417487
3442504
3443973
3444443
3446190
3454534
3466589
3467706
3469170
3477918
3479441
3483957
3490666
3498690
3499221
3512090
3515582
3516093
3518403
3536101
3536278
3536732
3539382
3541403
3547613
3549864
3551389
3557959
3558386
3591338
3595117
3600358
3610230
3610462
3612273
3616878
3620463
3628555
3629671
3637289
3640145
3643733
3647652
3652852
3658000
3662127
3674595
3678194
3678667
3680484
3684002
3689476
3690597
3693181
3693278
3696695
3698567
3698768
3699046
3703363
3710451
3721251
3722102
3722534
3726369
3729219
3732023
3732494
3738465
3739481
3741209
3746370
3746985
3750397
3752750
3755881
3762226
3766996
3768343
3768762
3773271
3777211
3788972
3791721
3793655
3797853
3799937
3801290
3803944
3808865
3809245
3809735
3810215
3812322
3813945
3816748
3827363
3829851
3834545
3836057
3839117
3843309
3845656
3849733
3858022
3858044
3863262
3876316
3878823
3884548
3885316
3893364
3900305
3900770
3904120
3907258
3907996
3908704
3924011
3924817
3930684
3932498
3942583
3949207
3950017
3951129
3956873
3964987
3965830
3966301
3967085
3969034
3974747
3983181
3988005
3989684
3991628
3994531
4004448
4011087
4012075
4012483
4015313
4026164
4027107
4028970
4032271
4037547
4038129
4042366
4048383
4052335
4057345
4059018
4060122
4070416
4074457
4078187
4086428
4092261
4093387
4097306
4108237
4116561
4119004
4119842
4120983
4128840
4131020
4132109
4132896
4136293
4149347
4152662
4160121
4170397
4172877
4176684
4178681
4179739
4180114
4184697
4185885
4191433
4192698
4196912
4202345
4207525
4214957
4218597
4219499
4223126
4223706
4229499
4232119
4234126
4234719
4242961
4243404
4245699
4261929
4262555
4263343
4263482
4277634
4282132
4290311
4298776
4300888
4305227
4307555
4309261
4310161
4311047
4315253
4317087
4317287
4317897
4318116
4319688
4322763
4325364
4325401
4353409
4355057
4355977
4364075
4366683
4367566
4368501
4368712
4380404
4383580
4384102
4386668
4397779
4399683
4407443
4411860
4413569
4417685
4426308
4431111
4432956
4435589
4437339
4442899
4445852
4450617
4450908
4452358
4452537
4452571
4463102
4467046
4472433
4484379
4485645
4488967
4489105
4490798
4491733
4496177
4496257
4497020
4498849
4501316
4505601
4506153
4508042
4508828
4520507
4524088
4524201
4539613
4547633
4550558
4552076
4559072
4570235
4576426
4578206
4579499
4582510
4584700
4585140
4592568
4593592
4604062
4609079
4622204
4627613
4629891
4630924
4641752
4642052
4644358
4645060
4648851
4659919
4659934
4661685
4662402
4662881
4663179
4663633
4670313
4670368
4672540
4676111
4685834
4687902
4691192
4694039
4695498
4696085
4697216
4697530
4700073
4700527
4705999
4707504
4709469
4714589
4716348
4723587
4734199
4738191
4743804
4746061
4751522
4751889
4757200
4759072
4769213
4769471
4775879
4777357
4777575
4782697
4791520
4796013
4796275
4803688
4806851
4807412
4810389
4810424
4812185
4814699
4814733
4822654
4838315
4840170
4841015
4842262
4842681
4847165
4848583
4849744
4854318
4859869
4871393
4881894
4882208
4884207
4887762
4892520
4901578
4908740
4914690
4919730
4920078
4920324
4927660
4938491
4940325
4941354
4945876
4949705
4950650
4951429
4955980
4962888
4964601
4966668
4968449
4980353
4981641
4982610
4995232
4998510
4999551
5000235
5021317
5023786
5025035
5025918
5032981
5034349
5034541
5043771
5044022
5045086
5059203
5065249
5066758
5066815
5068108
5072463
5076391
5078475
5079596
5081945
5082508
5086183
5088647
5098509
5099246
5114600
5115301
5116139
5122858
5123200
5126594
5127016
5127029
5131418
5145111
5147378
5149690
5156314
5163144
5164678
5168381
5175284
5181137
5183902
5192954
5198324
5200574
5204435
5208507
5212979
5213202
5216133
5224568
5226083
5231755
5235608
5236875
5237854
5239264
5240744
5241394
5244822
5244935
5245393
5246047
5253835
5255619
5258707
5264615
5271851
5273727
5282628
5283347
5288344
5291865
5292489
5293944
5294643
5294898
5306578
5308953
5310204
5311475
5312041
5321580
5325996
5327261
5329824
5330407
5334370
5352827
5356547
5363094
5364156
5366369
5368591
5370952
5377682
5378137
5378528
5380087
5388450
5392723
5394620
5398138
5398640
5400450
5400711
5410728
5411026
5415381
5417330
5424051
5427526
5429673
5431716
5435798
5436237
5437544
5437944
5443135
5444542
5444614
5450808
5451606
5452590
5454988
5467372
5471603
5475853
5477256
5478411
5480382
5482612
5487753
5498493
5499456
5500886
5509096
5511934
5518558
5522740
5522839
5525012
5525965
5528917
5529226
5529549
5529857
5536344
5547099
5549087
5554631
5555186
5558980
5560403
5560738
5561051
5561382
5563675
5568525
5571097
5574379
5576984
5577411
5581608
5589183
5594104
5594139
5598489
5605162
5610289
5612493
5614883
5615609
5623460
5624130
5640116
5640886
5643546
5644803
5646062
5650875
5650915
5652010
5655177
5660340
5676166
5677516
5677578
5680681
5683999
5685304
5689334
5693146
5693676
5695332
5702989
5709697
5712637
5718261
5726990
5727099
5732806
5737777
5737788
5748879
5749140
5759067
5760653
5764658
5765095
5769811
5777793
5778561
5779390
5780195
5784783
5789795
5791246
5797484
5803698
5803746
5804139
5804143
5804165
5805981
5807811
5809942
5813663
5816051
5818847
5821448
5824766
5826777
5830500
5832887
5834870
5842031
5844505
5851178
5857451
5860627
5861444
5873181
5881089
5886383
5892761
5896891
5901276
5917128
5917272
5931706
5934538
5938362
5949449
5951872
5952128
5957485
5957617
5958192
5958584
5959332
5965073
5969926
5972033
5972332
5975315
5976105
5976265
5977596
5984652
5985348
5988772
6002613
6015199
6020577
6021412
6023679
6026174
6030019
6031427
6032738
6038899
6049033
6053682
6069164
6071450
6073916
6075114
6078655
6078669
6082027
6084528
6088759
6103911
6104551
6105312
6109629
6114312
6115402
6116364
6118633
6128457
6129927
6135380
6143056
6147897
6156282
6160857
6160974
6171360
6182538
6183345
6197418
6208486
6222121
6231033
6232839
6242660
6244640
6247809
6250221
6252064
6252616
6255507
6257718
6258008
6260599
6267128
6268607
6271280
6273468
6275891
6278990
6279351
6287225
6293530
6298053
6299043
6308366
6308400
6308499
6309314
6313391
6322483
6332136
6333618
6334247
6338655
6342020
6345521
6347152
6350122
6353100
6357322
6361677
6370781
6371602
6380679
6382780
6405245
6406937
6409158
6413141
6415782
6418815
6419224
6426327
6432988
6434055
6438050
6442015
6451802
6473280
6474746
6476041
6479558
6488793
6489482
6509677
6509866
6513820
6514392
6515566
6516571
6518250
6523384
6526702
6529392
6530536
6530934
6545350
6553777
6556136
6556535
6556765
6565241
6568989
6573180
6573470
6582152
6582729
6588224
6590525
6606554
6608289
6610580
6617185
6634523
6634841
6636265
6637903
6642823
6644600
6646218
6656408
6657506
6662565
6664027
6677893
6679261
6679775
6680225
6684615
6685250
6685758
6693799
6701996
6702083
6705288
6709851
6710394
6710866
6713745
6720583
6724108
6728625
6733905
6758250
6769511
6770149
6770256
6771001
6780155
6781540
6788401
6796257
6806973
6809659
6811815
6829020
6830020
6833632
6835724
6837481
6842703
6853563
6854037
6860186
6862126
6863173
6869978
6872729
6874354
6877974
6878248
6880159
6889336
6894271
6897573
6899953
6902481
6909536
6911648
6913555
6917888
6922174
6941945
6944628
6947935
6955413
6973480
6974920
6975880
6982859
6983962
6997375
7000487
7000865
7004709
7018181
7022342
7022497
7023302
7027351
7034914
7038238
7046992
7057532
7059371
7064365
7068234
7068946
7071089
7077489
7086907
7087929
7089764
7090009
7090014
7090440
7096620
7097818
7099915
7102826
7103804
7109648
7110067
7113021
7113492
7120317
7120556
7122160
7122429
7125747
7127188
7132933
7135544
7137389
7139667
7141039
7145121
7146880
7151957
7152723
7155605
7160755
7162095
7163587
7173776
7175275
7180247
7187714
7187868
7191158
7192871
7195160
7207046
7212288
7218805
7220938
7228519
7228777
7234839
7244070
7247864
7255469
7255789
7265288
7268014
7269609
7271473
7275197
7299666
7304853
7306203
7311912
7312715
7321968
7323156
7323201
7323849
7328361
7328585
7330559
7333937
7335125
7336057
7340275
7344783
7345494
7348501
7348749
7350424
7351095
7351536
7354784
7355066
7355266
7373460
7387699
7397543
7397786
7401639
7402010
7403445
7404353
7408641
7411129
7415801
7421138
7424071
7427547
7431210
7432120
7437156
7443304
7443568
7447247
7449343
7457656
7459903
7465622
7465947
7467617
7469918
7479550
7479597
7479653
7481500
7484792
7485577
7490761
7497452
7501916
7502499
7516062
7517570
7531427
7534409
7542456
7543735
7546120
7547459
7548065
7553924
7554884
7555670
7559109
7559455
7562208
7566583
7567734
7570213
7570354
7581627
7583456
7589605
7591171
7593974
7602243
7605466
7631715
7639987
7642860
7646588
7647632
7650038
7662620
7667315
7675128
7682901
7694889
7695942
7697177
7698774
7699133
7703347
7706602
7711812
7716400
7721520
7731486
7734832
7742514
7742968
7750708
7758130
7758220
7760630
7771713
7772499
7785667
7791716
7800115
7803231
7806516
7808360
7808466
7811865
7813814
7820065
7823075
7829116
7830326
7832058
7836871
7840200
7843711
7849634
7851165
7851745
7852156
7854381
7859699
7866950
7868642
7873848
7875714
7878060
7891668
7903584
7906742
7908386
7911440
7916131
7920806
7920923
7922172
7922408
7923506
7925695
7929549
7932028
7946989
7957561
7957897
7957908
7960978
7966727
7967523
7971141
7972064
7983098
7984547
7992348
7993001
7995487
7995677
8004688
8009140
8009748
8010485
8015009
8018466
8018613
8031215
8033853
8038188
8040063
8041155
8042254
8045698
8048329
8049087
8050809
8051595
8053658
8067927
8068289
8069138
8076960
8087739
8096239
8102197
8107911
8118107
8118139
8125454
8131833
8133241
8134884
8134976
8136664
8144730
8147896
8155440
8162891
8164887
8186247
8187151
8190004
8198317
8212093
8215398
8222293
8223819
8230141
8230930
8234780
8243263
8247007
8249279
8251249
8254372
8259633
8267169
8269032
8269419
8270416
8271616
8272191
8273752
8274656
8282034
8284088
8284989
8288062
8288483
8293963
8302256
8306157
8306801
8311637
8312681
8315278
8317031
8321484
8321948
8322580
8323001
8326865
8327474
8330302
8330710
8331594
8333419
8345592
8348804
8348985
8351194
8356278
8356966
8358557
8359737
8360853
8362920
8366332
8370829
8372086
8374653
8377900
8382130
8383233
8384466
8387373
8389980
8391368
8391857
8402736
8407332
8408675
8420168
8421374
8423059
8428979
8429168
8435881
8457317
8464599
8471741
8486533
8488836
8491494
8497519
8504432
8507540
8508835
8510159
8512375
8515062
8515533
8517808
8527562
8531968
8533490
8534750
8534946
8540116
8549836
8551395
8551722
8553528
8558503
8564208
8566427
8571074
8572250
8573803
8574850
8577656
8586955
8597078
8597877
8604476
8604598
8605961
8606916
8617034
8627846
8634633
8637798
8640587
8650595
8652683
8655006
8655820
8656003
8658296
8660723
8663901
8669128
8669262
8672485
8673799
8677698
8677877
8683340
8693696
8694582
8696401
8702752
8703701
8706593
8707160
8707330
8707421
8709001
8710354
8721485
8729067
8735825
8735841
8736205
8736219
8738519
8760699
8767127
8773068
8773519
8774347
8775940
8778352
8785531
8786454
8795740
8806409
8818686
8821839
8832028
8832437
8837572
8839266
8849448
8850756
8853388
8856240
8872631
8876933
8881485
8882367
8887672
8888728
8896308
8904552
8906035
8912536
8912634
8921429
8928422
8931545
8932186
8936888
8938081
8938356
8940111
8940696
8943393
8945489
8960824
8989635
9002040
9004183
9006173
9014656
9015117
9016074
9018268
9026293
9028342
9031558
9035717
9041419
9042747
9044994
9045415
9048860
9055645
9056674
9065008
9065999
9077131
9079636
9085646
9087254
9090744
9091899
9094155
9094348
9104319
9105137
9105431
9110574
9113179
9113374
9115229
9116029
9119779
9125971
9132357
9132699
9136186
9137453
9152539
9159666
9160777
9162150
9174011
9175178
9177141
9183555
9193835
9194525
9199476
9204776
9213284
9222111
9228619
9231863
9237452
9239197
9242848
9251187
9252825
9253488
9254077
9254190
9255478
9259884
9260918
9263825
9278917
9282590
9288244
9294330
9300992
9302468
9305186
9306101
9311462
9315338
9316903
9317159
9320629
9323583
9328722
9334192
9334433
9334708
9343681
9344192
9347311
9348309
9352409
9357979
9361006
9365124
9370033
9370482
9378530
9383658
9398378
9398776
9399869
9400548
9403373
9403616
9406988
9411578
9422290
9430285
9431481
9438409
9440893
9441025
9443112
9454696
9457332
9462883
9463755
9466163
9471371
9471485
9478370
9482926
9485957
9486056
9487859
9492702
9497939
9505263
9506059
9515642
9527387
9540615
9541189
9549266
9568013
9574803
9576367
9577803
9578791
9579707
9583008
9588720
9603116
9615956
9617143
9620105
9620181
9631658
9637982
9638178
9638355
9639613
9645859
9646318
9647407
9647839
9659717
9671341
9673188
9674931
9680632
9682619
9692408
9696092
9696380
9698620
9701804
9702418
9702501
9710344
9714604
9715655
9731131
9731493
9732495
9735659
9738534
9746284
9750073
9753751
9754076
9756117
9761014
9763499
9775111
9776214
9777519
9780617
9782199
9782325
9792682
9793507
9793603
9795538
9796622
9798375
9803961
9811261
9820825
9823332
9823720
9824804
9825692
9828582
9837091
9837830
9841071
9847325
9856142
9859433
9864536
9872061
9880253
9882357
9883868
9888810
9892802
9894730
9896636
9899627
9909058
9911301
9921041
9921378
9928337
9928832
9929378
9930565
9936259
9936721
9941448
9943053
9946467
9948456
9950842
9954599
9959074
9959374
9959832
9964289
9968804
9968991
9969382
9973465
9974894
9976435
9987219
9990850
9994610
9995135
9996322
9997660
9998769
9999657
