3614
8476
16465
16879
21555
21581
27268
31738
31987
36211
49856
52943
66485
68665
73442
74165
78535
85583
87248
88192
90238
92292
94490
95040
103087
103880
112949
117080
124689
136029
137312
137666
138611
138753
141388
143058
143527
147804
148114
149969
151955
154780
156765
156958
166095
173567
173595
179069
182188
183850
192883
200590
201043
204118
207502
210088
212624
214039
220862
227885
238608
239265
239284
242329
243768
252928
259039
259189
265404
270853
275502
293776
304885
307173
311155
311804
316569
320775
329035
330289
340146
342378
345062
355464
358426
360083
360291
361744
362828
363620
367690
367915
368888
370697
374048
374195
375656
382823
383408
386828
389901
393052
394256
395238
397294
398719
398855
399265
408996
411056
418136
420774
431347
433121
460540
460839
461332
464111
493044
494106
495080
502917
504579
514508
517995
524948
530981
531894
533299
533692
533913
537181
538125
539326
540595
546027
546778
559822
560177
576818
577669
580355
588773
589107
591465
597915
598192
604997
611473
615647
627868
630147
638434
640215
641589
642154
650058
656117
665706
679105
689086
697919
698936
699360
699857
707808
711096
713665
718011
727112
732283
734366
736610
740487
744790
773392
775245
780572
780727
781451
784700
792680
799542
800732
807459
815675
818293
833113
838428
839851
843382
847582
848621
851835
854092
860307
860889
862461
865659
870015
871939
872995
878356
879314
881762
882623
887342
898059
902054
908854
909345
911188
911992
917294
930822
937111
940412
944069
946145
949761
951498
951941
955489
956708
957747
965150
966277
971425
975589
977832
979848
979882
983333
985546
985869
986423
987532
992680
998471
1001499
1005059
1009522
1009646
1016046
1018657
1018889
1027052
1031531
1032165
1033038
1034837
1036281
1049501
1055675
1063567
1067190
1071082
1077572
1079097
1080730
1090847
1103062
1109924
1113696
1117224
1121157
1122784
1123621
1124548
1125636
1127599
1128499
1131611
1135660
1136562
1137491
1138802
1144711
1148670
1157560
1163255
1167136
1168046
1169636
1171226
1181759
1182076
1188877
1198772
1204759
1204988
1205255
1216300
1219189
1222033
1222239
1227460
1228245
1231817
1234900
1236741
1239536
1250245
1263315
1263513
1265063
1268183
1271238
1278597
1281703
1282475
1287024
1290716
1291944
1297178
1310580
1322729
1325213
1330317
1331698
1332540
1334726
1335047
1335669
1336889
1338204
1346412
1347017
1348740
1349082
1352827
1359755
1365347
1368576
1372851
1377830
1378433
1400786
1403640
1405753
1413836
1415283
1416570
1417071
1420041
1422170
1425767
1430626
1432460
1441547
1443027
1445199
1445778
1446610
1448815
1449072
1454324
1465272
1469461
1470468
1470992
1472495
1474121
1475814
1480319
1481844
1485481
1489646
1490128
1493644
1502325
1502450
1508485
1515287
1520787
1523802
1539919
1544964
1545019
1547881
1548739
1551206
1551350
1554703
1559812
1564300
1570338
1572530
1577110
1582840
1583572
1583846
1591635
1595619
1598036
1599209
1611235
1611881
1613612
1616647
1619624
1623603
1630124
1636457
1636768
1643642
1644933
1646491
1647638
1652180
1665219
1671727
1672255
1673605
1682849
1684230
1698223
1701885
1708045
1709871
1712983
1717588
1717779
1721591
1727254
1730708
1741979
1746295
1749205
1751549
1752321
1767067
1768750
1793794
1793832
1796237
1801882
1803749
1805782
1805992
1807491
1808328
1811743
1812011
1813319
1818365
1829456
1836340
1842114
1843636
1844723
1844727
1846809
1851825
1857652
1865071
1868384
1876924
1877762
1878777
1880506
1889668
1893225
1897796
1900927
1901837
1905603
1908164
1912606
1915560
1919748
1927623
1927833
1927860
1933951
1939768
1940508
1946682
1951688
1957608
1965205
1968734
1972424
1973742
1977247
1983079
1988809
1991378
1999693
2004101
2004718
2006738
2012265
2021587
2021656
2026604
2031660
2040691
2044889
2047735
2049852
2052015
2053266
2056824
2057610
2061939
2063359
2067038
2069180
2074540
2076534
2077756
2088508
2122726
2123060
2127133
2135382
2142632
2145261
2145320
2159610
2173558
2173585
2179987
2186704
2194597
2199246
2199524
2201489
2210958
2211792
2218809
2232111
2234963
2251507
2255533
2260869
2265498
2267557
2272391
2277054
2281037
2283267
2283854
2292284
2292558
2293256
2293497
2294163
2312247
2329171
2334077
2336938
2337683
2338205
2345150
2348525
2348996
2350529
2355110
2355938
2355941
2364307
2373755
2375486
2376943
2385260
2385590
2386101
2392973
2394026
2395172
2396035
2400985
2405143
2407849
2408993
2409447
2413213
2417256
2423101
2425815
2437145
2442340
2448704
2449163
2453234
2454575
2460554
2461675
2464437
2464924
2465034
2476163
2501206
2502795
2514112
2517655
2517823
2523005
2529086
2534201
2535642
2540396
2544136
2546753
2548324
2551384
2553701
2554235
2557637
2559721
2559862
2562677
2562881
2563898
2569597
2571104
2571307
2579838
2581198
2585446
2588282
2591986
2593371
2594739
2606863
2608234
2614618
2617161
2620860
2622413
2622799
2630284
2636066
2648567
2660920
2661257
2662791
2664661
2665017
2673865
2677622
2677642
2679271
2680426
2683664
2688616
2694475
2694571
2696431
2698572
2701759
2710754
2711565
2714535
2717032
2722256
2723369
2727829
2728942
2731259
2736025
2738011
2741783
2743287
2770687
2770795
2781944
2785035
2785433
2798134
2800101
2803189
2803282
2811805
2817713
2820204
2822166
2825745
2830827
2831360
2833249
2835076
2846409
2847358
2847514
2855342
2868481
2869234
2874550
2880003
2884737
2885096
2886109
2886781
2888807
2898288
2900571
2900907
2906450
2914842
2917822
2923055
2924847
2932522
2933646
2933882
2935284
2935659
2937363
2948652
2951174
2951333
2952925
2955391
2957996
2961492
2962744
2975554
2984879
2988104
2988470
2991794
2996592
3003682
3006685
3009496
3013524
3017407
3021919
3025210
3032502
3036575
3036933
3038799
3040655
3042269
3045929
3050949
3054935
3061218
3065998
3073181
3075148
3076735
3076898
3079240
3090995
3096803
3097334
3098694
3098785
3098938
3099185
3099733
3100851
3106167
3107928
3108489
3120252
3122020
3122485
3124017
3127113
3127165
3131262
3134610
3155168
3157749
3157803
3159303
3165509
3169465
3169653
3182225
3185559
3186203
3186604
3193573
3198285
3198993
3213822
3217445
3217696
3223947
3227508
3227883
3232966
3237077
3238436
3239583
3242277
3245531
3255241
3274537
3275367
3275859
3278976
3285103
3286387
3288026
3291310
3296245
3300423
3301232
3308979
3309168
3310252
3314534
3317947
3319003
3325194
3331394
3332081
3340133
3343673
3347201
3350304
3352429
3355205
3355537
3357598
3360767
3361321
3367261
3368550
3374756
3374872
3375250
3379481
3381188
3384369
3385300
3391068
3400913
3403260
3408380
3408402
3413935
3414404
3414524
3416326
3416482
3418688
3422006
3435106
3438282
3439381
3444065
3446320
3447746
3448364
3449066
3450402
3453719
3457388
3457948
3458691
3462633
3468954
3469266
3471172
3477810
3483325
3499841
3505727
3515346
3516314
3518853
3523497
3524397
3526692
3527478
3532306
3534449
3541082
3541869
3545705
3547183
3549131
3552421
3557323
3558940
3560280
3563746
3567570
3568315
3569972
3573959
3574330
3578809
3578854
3589266
3599867
3612538
3614046
3621038
3626647
3630542
3643375
3647057
3647817
3657805
3661124
3662077
3662091
3665146
3665580
3680271
3681332
3683650
3689823
3701311
3703590
3705266
3710829
3715969
3720324
3738070
3752234
3757529
3760324
3763573
3766770
3771228
3781074
3782943
3789873
3795205
3801609
3807444
3807835
3808432
3808474
3808982
3810056
3813162
3813311
3821156
3821482
3824163
3825398
3827682
3828535
3835924
3836527
3841291
3841760
3849696
3851731
3861143
3862398
3863305
3864973
3865918
3867788
3869827
3870992
3871345
3878682
3881900
3885185
3888300
3891824
3893601
3896391
3896516
3904720
3912692
3929207
3930740
3933640
3934301
3934525
3939347
3950933
3951444
3953230
3955008
3959737
3963576
3969872
3975351
3979659
3981197
3986079
3986626
3987385
3990266
3995448
3997288
4002648
4003252
4010109
4013054
4018512
4020899
4022910
4034181
4034979
4036712
4036834
4040017
4047413
4048160
4056204
4065407
4065812
4066067
4075454
4076143
4078809
4079601
4087366
4090520
4102979
4105796
4107980
4112879
4120678
4121833
4121848
4121857
4122996
4125886
4128924
4133295
4139502
4139815
4142760
4146529
4146987
4162457
4166334
4169621
4175953
4177600
4180377
4192572
4193794
4193891
4200563
4202796
4206542
4207339
4217512
4222238
4224529
4229606
4229918
4230004
4237390
4241932
4247478
4248105
4254502
4255324
4256181
4262682
4264753
4267208
4267600
4270414
4272647
4275037
4275886
4278107
4279394
4280199
4280286
4281657
4282168
4285718
4286036
4286174
4286927
4287688
4297232
4301249
4302399
4310612
4310672
4313458
4323225
4343325
4365074
4366654
4366958
4367085
4368852
4369586
4370099
4371916
4372144
4373501
4374945
4383696
4391311
4399146
4406751
4409874
4414279
4418587
4422375
4424213
4427330
4427673
4430900
4448799
4448918
4465305
4467214
4469491
4470341
4476166
4479459
4487130
4490651
4494878
4495823
4497562
4499575
4502446
4508515
4513258
4513543
4515194
4515569
4520596
4524175
4525977
4531053
4533151
4536488
4541327
4550644
4555014
4558682
4568359
4569109
4572480
4575554
4576739
4577030
4577268
4579935
4580639
4580644
4586249
4590103
4595104
4595416
4596742
4599880
4600574
4604399
4604762
4606557
4610693
4611587
4616852
4618624
4619447
4620222
4628078
4630782
4631137
4631204
4635255
4640640
4641146
4645448
4648940
4652420
4654039
4655531
4657689
4661993
4664171
4665713
4668210
4671547
4673253
4675978
4679118
4682975
4683041
4690272
4692223
4693402
4694117
4695456
4699813
4703374
4703450
4706126
4706725
4716619
4718119
4721995
4725956
4727566
4733426
4734513
4739312
4740981
4744710
4748051
4748132
4749580
4752411
4787624
4789926
4798955
4807583
4810458
4813425
4815446
4815677
4818143
4821135
4821810
4825210
4827673
4841706
4845483
4853911
4854304
4854681
4855618
4857440
4859419
4865610
4885315
4885962
4892863
4898731
4898743
4898823
4899619
4916719
4919966
4925120
4928012
4930896
4933408
4934322
4941029
4941747
4945601
4956196
4957120
4960252
4961785
4962232
4966225
4968565
4976853
4978020
4982058
4984903
4985401
4991503
4994281
4997515
4999516
5003771
5004768
5005235
5014575
5016719
5020115
5020574
5024518
5024899
5025416
5037432
5045558
5048067
5049148
5049342
5054775
5059600
5061882
5069699
5073361
5073744
5077114
5089505
5095595
5097138
5097883
5099589
5103426
5104436
5113157
5118589
5118631
5123570
5124013
5125211
5127035
5129463
5130764
5140627
5149396
5155277
5158210
5160248
5169620
5174769
5177580
5183075
5188142
5191444
5199240
5200380
5205263
5212621
5214789
5215347
5226140
5229815
5229889
5233628
5235086
5236560
5242065
5244142
5251783
5255069
5257608
5263025
5264868
5270753
5272231
5273909
5286062
5289010
5303953
5306775
5307784
5312556
5314561
5321082
5322135
5322504
5324056
5325675
5329898
5330566
5330604
5346276
5352616
5356939
5366072
5367349
5369476
5371573
5372844
5378547
5380273
5384408
5389638
5391765
5391823
5394851
5399555
5407341
5415174
5417965
5422251
5428791
5429739
5430309
5430946
5433564
5442827
5451144
5453094
5454340
5458473
5462884
5473529
5473949
5477348
5486713
5488126
5492333
5492606
5498494
5499189
5499572
5517849
5522261
5526591
5534717
5539875
5551240
5565236
5568847
5576568
5578062
5585230
5591379
5595130
5597924
5600674
5602000
5605687
5606668
5613598
5622463
5625815
5632725
5634313
5636558
5638165
5651892
5652457
5656372
5657314
5658237
5658565
5662083
5666517
5676900
5680562
5680944
5683180
5684887
5685561
5685737
5687498
5688306
5689856
5690625
5693412
5695514
5696459
5705842
5709379
5717960
5719206
5734422
5735172
5746401
5747764
5752689
5759652
5760549
5763017
5764476
5768152
5769379
5769939
5774043
5774658
5776917
5781060
5784154
5786112
5789421
5792987
5799289
5801567
5808371
5810205
5810392
5811567
5813213
5814871
5817178
5820130
5820483
5822982
5823766
5824058
5830146
5831289
5839126
5839401
5844753
5848149
5849032
5851405
5852051
5863118
5870465
5870923
5871068
5871611
5875257
5879129
5879160
5880534
5881444
5882913
5887163
5887543
5887875
5892187
5893202
5905456
5909135
5915074
5917563
5926424
5927190
5931036
5933587
5934166
5943961
5944762
5945627
5946471
5957515
5966081
5967790
5979404
5981418
5983366
5984199
5985660
5990671
5998824
6004703
6010679
6011771
6015116
6019058
6023762
6034419
6038322
6040102
6040723
6044643
6048393
6049094
6051122
6054994
6055692
6058588
6062315
6069500
6073220
6076983
6091306
6094221
6095433
6102988
6107738
6110060
6114532
6117394
6117930
6131499
6136028
6136434
6138704
6142244
6143055
6157313
6158527
6164548
6164668
6178142
6180591
6182986
6183573
6188075
6190292
6196688
6197410
6206166
6211476
6212426
6212712
6223276
6223599
6225154
6228666
6231775
6248326
6253047
6255298
6257969
6261581
6262469
6263924
6265214
6267283
6272313
6272804
6273168
6273265
6276273
6290642
6291757
6294916
6296013
6299549
6300495
6301716
6303016
6303039
6304683
6309497
6320208
6324245
6345969
6352111
6353262
6354507
6359217
6367898
6371354
6375378
6378362
6379187
6386615
6394080
6416276
6421636
6421947
6425620
6426660
6440226
6453623
6455732
6456051
6457091
6463512
6464114
6465908
6466066
6467724
6473056
6477916
6480398
6483159
6484989
6485117
6485268
6488126
6488382
6495132
6495738
6497355
6506550
6508770
6513742
6514578
6522650
6523743
6527222
6527664
6528535
6536498
6538182
6546126
6547036
6551098
6552314
6552957
6557346
6558336
6565040
6565504
6568543
6569351
6569708
6578417
6579910
6585639
6587637
6590150
6596741
6597764
6601094
6602396
6604519
6605753
6610269
6625502
6627860
6634931
6644385
6647655
6654148
6654997
6659142
6661092
6664331
6665408
6669235
6670622
6671227
6672053
6672810
6673838
6677699
6681400
6683412
6688518
6699831
6708497
6709454
6710335
6712691
6713354
6716031
6720575
6722308
6722863
6723876
6724632
6725621
6730467
6742358
6744425
6749748
6760010
6761155
6762136
6764350
6766671
6777413
6778564
6780608
6788367
6791782
6792021
6793861
6800674
6800752
6805383
6807064
6807601
6807883
6812634
6814178
6817556
6820167
6830247
6834111
6836419
6849263
6849382
6854761
6857030
6862425
6863446
6867662
6870934
6879938
6882806
6883733
6884646
6884678
6893816
6894071
6895029
6898037
6898469
6900646
6900792
6902575
6904324
6912266
6912611
6916747
6917110
6930678
6934285
6945142
6945445
6951161
6951605
6954402
6960231
6968054
6968889
6970509
6974040
6983697
7014504
7016674
7018388
7022497
7026823
7027126
7027858
7031292
7036103
7037082
7037890
7040616
7044957
7054741
7060878
7076653
7077826
7082547
7084435
7085661
7099087
7103868
7106353
7115337
7117535
7121432
7122811
7123642
7124345
7141135
7144437
7158086
7160341
7163305
7165457
7170763
7176796
7182958
7187006
7192882
7201392
7201455
7201709
7211188
7212796
7214206
7214799
7223488
7229262
7234198
7236079
7238638
7252410
7252538
7259508
7271001
7272242
7276548
7281074
7282182
7286217
7289073
7292664
7293448
7306977
7312578
7319804
7321096
7342000
7344698
7351855
7359177
7361044
7365708
7375378
7378727
7381067
7397836
7401582
7401925
7401938
7405613
7405993
7406834
7410743
7417097
7420620
7422737
7423963
7424208
7428298
7430027
7445117
7447703
7455073
7458742
7460711
7461990
7464769
7467013
7468172
7475698
7484664
7487184
7488587
7492542
7497208
7499439
7509319
7514732
7515833
7516690
7525204
7530974
7534415
7548276
7548935
7549732
7549967
7559262
7567951
7575327
7576522
7577555
7578986
7584978
7601958
7602874
7609217
7610220
7611736
7616237
7621150
7623547
7624356
7624967
7627896
7627935
7636265
7645803
7646608
7646762
7647674
7649961
7655070
7655680
7656097
7657672
7662866
7667203
7673353
7675787
7676658
7682864
7692378
7694971
7695822
7711827
7712138
7713784
7714198
7718400
7725323
7733598
7740796
7741136
7743903
7744264
7751169
7754132
7758516
7760331
7763510
7769469
7775165
7776999
7778361
7779407
7786270
7793977
7794549
7803726
7807877
7812863
7819368
7820406
7822193
7824101
7833066
7833847
7840558
7845972
7850360
7866355
7867607
7868481
7869935
7879052
7890976
7892402
7895441
7897361
7898208
7902996
7914128
7919124
7919365
7925322
7931892
7932475
7933066
7935871
7953978
7954135
7954659
7962650
7965425
7965829
7967476
7968295
7979735
7981200
7982162
7986703
7996844
7997357
8003917
8009319
8012577
8013723
8014555
8021386
8030146
8035136
8044653
8061006
8070481
8073116
8075802
8075941
8076910
8077849
8078066
8089271
8092618
8092849
8093358
8095716
8095732
8096296
8101183
8103588
8110258
8110308
8112446
8112991
8116415
8117904
8123354
8124075
8126567
8129124
8133791
8134512
8140634
8141294
8141530
8145900
8150663
8161620
8162860
8171048
8171770
8172316
8175644
8178803
8183013
8189070
8193160
8193502
8199827
8200360
8207454
8207736
8207853
8211785
8212670
8213783
8215536
8225718
8226712
8230872
8235773
8238618
8241466
8253453
8254175
8264725
8266773
8271013
8271351
8274415
8274538
8275413
8280327
8287051
8293616
8298431
8304963
8310319
8317149
8319137
8321399
8321562
8327846
8331628
8334659
8336547
8336743
8341627
8345180
8346658
8347017
8353131
8366092
8370654
8380407
8381574
8383523
8395006
8397259
8399849
8400855
8401449
8403766
8411279
8418401
8425162
8436979
8440547
8440891
8443034
8444024
8451996
8453224
8455584
8459767
8461302
8464071
8470506
8475017
8476810
8488259
8488952
8492376
8498580
8501568
8502295
8503522
8507611
8513273
8521973
8527398
8527693
8528826
8541782
8552070
8554173
8557919
8560566
8561007
8570491
8576718
8577907
8579262
8585234
8586657
8590753
8593250
8596075
8598123
8603302
8604624
8606719
8616867
8619043
8622102
8627911
8630083
8632120
8640364
8645321
8651209
8657189
8662189
8664830
8681239
8682238
8683160
8685038
8688445
8688952
8689964
8707003
8721782
8721908
8724913
8725488
8727259
8730112
8735542
8736723
8742997
8749536
8752276
8753104
8753421
8771638
8775247
8775934
8776548
8778982
8779513
8783467
8786336
8793872
8794662
8797711
8797940
8805236
8806453
8807476
8808846
8809032
8812473
8820183
8822996
8833022
8839147
8844039
8847716
8853521
8853822
8860530
8860785
8868136
8869218
8870806
8873157
8874169
8881011
8902545
8915128
8918041
8922535
8930102
8930992
8936165
8939148
8943468
8944828
8971591
8972407
8978962
8983097
8992282
8996581
8997296
9000579
9006795
9013703
9015012
9016768
9017780
9020033
9021526
9021983
9036493
9039015
9039687
9043329
9045725
9051384
9059410
9061754
9062247
9067029
9070770
9079973
9080463
9082831
9083638
9091539
9110865
9113262
9119188
9124617
9128848
9130836
9131213
9132320
9148460
9153667
9155134
9155597
9159789
9162776
9166014
9172592
9176988
9178312
9180929
9191833
9195939
9198860
9203277
9203813
9215474
9215648
9241277
9246222
9250938
9252774
9257431
9262263
9264991
9265204
9265795
9267150
9271622
9271825
9272524
9278965
9281347
9287085
9288714
9291350
9291629
9298889
9302055
9302265
9305116
9323718
9325069
9325122
9325141
9326426
9327435
9329594
9330464
9333471
9335072
9335840
9338943
9351738
9353270
9359489
9360325
9361966
9370008
9370127
9371973
9372910
9380362
9383427
9402307
9407037
9409318
9410795
9416083
9418159
9420504
9420707
9421154
9425129
9426449
9433320
9433678
9434673
9443716
9446528
9447518
9450854
9456627
9457771
9458144
9468419
9474898
9483650
9484626
9486770
9498985
9500885
9502212
9502839
9510219
9513835
9514449
9515540
9516645
9518034
9521691
9530526
9531240
9544986
9546575
9546976
9551382
9552002
9553784
9554275
9560281
9560523
9566168
9568707
9589505
9594357
9595308
9595939
9598442
9602300
9603179
9608784
9612240
9632913
9634767
9635769
9640924
9641882
9646555
9650883
9655046
9658184
9660509
9660901
9666860
9667914
9669394
9670089
9678667
9679056
9680354
9687947
9697837
9699499
9704359
9706929
9717744
9732136
9734459
9737634
9739928
9748720
9749017
9754211
9756150
9759233
9759697
9760054
9760196
9761777
9762887
9764358
9766833
9767295
9775050
9775805
9780357
9780651
9789132
9793233
9799397
9799648
9806361
9807736
9813413
9818218
9820249
9822308
9823177
9826233
9830722
9838031
9850401
9851794
9855327
9860194
9861064
9864163
9865438
9868849
9874511
9875200
9875756
9882484
9883011
9887711
9892196
9894810
9895509
9903542
9906869
9906987
9909253
9910550
9910631
9921308
9926163
9929668
9946083
9948046
9984183
9998997
