3269
3923
11551
12561
19581
20031
24743
28658
34541
36715
37598
42809
45906
52110
77311
83191
83970
84947
91146
95557
100363
110180
113368
114110
115524
123050
126128
130859
132453
140071
144726
151843
163320
165739
166587
172183
184923
185681
218721
218820
232786
235702
240521
243302
270574
271700
275858
277483
278091
285803
298617
303102
305287
306596
312596
322123
328125
330984
331814
336975
356199
364527
364640
366629
374173
375894
377297
377871
378617
382611
382983
385964
387415
390932
393347
396049
402039
403441
411469
413314
418761
429436
430602
433469
446744
450647
450901
458854
462605
466124
473347
482545
491151
496466
508859
511516
524803
536527
549081
561032
565643
565912
568994
576211
585973
587062
593704
601030
601894
618931
623825
624145
627013
633933
640032
642783
643042
646699
656918
664548
668071
676350
677215
678971
682524
682985
688341
689420
709550
710123
710487
717085
724839
733671
735124
737188
737273
742872
749080
772360
774210
776375
783438
793304
794913
799085
801347
818646
827267
829306
841770
843384
867458
885615
891582
899443
900171
903242
908713
915786
917813
919506
923827
934650
942709
958234
960233
968580
971499
972340
976837
982516
983768
986344
988843
989734
1001012
1022548
1025037
1027147
1032786
1040911
1057013
1057974
1058925
1066889
1069128
1071599
1078194
1079645
1080491
1081362
1082611
1087889
1093257
1105331
1115261
1125979
1137038
1138600
1141119
1148537
1148941
1150050
1156776
1162190
1162354
1169556
1173910
1186132
1187961
1191510
1200766
1203139
1204258
1205485
1225050
1234664
1252372
1256205
1257647
1268631
1268927
1273931
1275001
1277696
1280734
1284082
1295233
1296123
1299584
1306943
1308816
1315526
1316057
1324294
1328389
1328787
1331162
1331875
1338022
1339903
1340958
1347291
1347418
1347890
1354675
1356111
1356318
1361982
1373209
1374601
1377943
1384212
1392730
1394669
1402051
1413074
1413353
1433758
1440427
1440640
1447349
1449446
1464190
1469836
1480842
1484897
1490293
1491182
1494882
1514795
1516155
1521149
1549367
1552211
1559010
1567477
1568526
1569933
1573567
1587018
1600923
1605030
1610183
1621754
1623059
1623898
1626730
1628741
1629441
1633850
1634202
1643528
1646324
1652999
1656403
1667745
1679184
1692541
1698954
1706601
1708394
1709867
1712951
1717922
1722544
1743390
1746553
1750787
1761026
1766914
1781296
1784988
1786981
1796670
1800347
1814045
1821480
1825925
1828753
1828977
1844662
1856228
1857383
1857810
1859393
1867289
1880788
1881739
1885918
1886933
1888543
1890300
1892084
1892960
1893794
1898793
1912377
1926511
1931531
1932095
1938858
1941448
1941855
1952984
1956172
1957556
1959466
1966450
1974775
1977962
1994449
1995222
1996542
1998982
2006322
2017825
2030118
2034458
2044673
2047185
2058429
2071869
2073841
2074325
2081155
2103483
2107546
2109251
2116548
2120277
2120526
2125148
2125220
2128693
2131555
2143190
2145522
2148331
2163049
2168711
2175697
2185193
2199635
2201708
2202958
2205123
2219875
2220986
2227323
2227387
2233238
2235476
2250723
2251983
2254112
2259745
2267015
2267513
2276315
2282158
2294508
2299233
2303751
2303949
2309260
2351426
2360903
2363301
2364454
2373321
2382798
2386655
2392086
2414634
2415819
2420919
2422795
2427634
2427894
2430054
2430763
2434439
2435373
2439617
2445772
2457325
2471962
2484061
2489336
2489769
2496879
2497224
2499488
2513709
2516771
2518483
2536372
2541399
2546349
2548880
2564955
2569120
2569352
2582423
2585598
2590513
2590650
2596263
2601041
2601729
2607575
2608061
2616483
2619625
2620440
2621098
2621512
2630285
2648494
2653376
2657191
2657926
2662647
2666902
2679136
2679302
2680832
2702137
2703182
2703485
2706973
2714550
2721863
2734350
2738510
2753115
2768756
2773089
2773556
2783053
2786706
2788677
2790839
2793874
2797172
2812964
2823754
2825032
2835781
2841995
2845424
2847520
2852497
2854073
2859976
2865358
2883762
2888150
2891828
2896780
2899445
2903406
2904214
2905235
2912812
2923277
2933579
2933770
2935764
2938391
2949739
2958502
2960225
2963690
2964067
2965278
2968965
2986454
2988459
2989629
2995265
2995670
2996034
3007158
3008922
3015931
3016711
3031781
3040680
3040899
3048007
3052775
3056016
3061438
3072351
3073649
3078312
3079105
3083560
3090085
3103517
3105838
3115734
3115764
3127629
3129732
3129905
3134189
3139331
3155878
3156648
3166387
3173675
3185995
3191170
3197975
3200537
3209595
3210699
3218302
3223736
3234614
3249057
3249729
3256390
3258381
3260574
3270108
3273402
3273775
3274457
3282044
3282260
3282575
3295339
3310540
3317458
3323539
3323988
3332444
3334423
3338686
3344093
3347822
3353383
3358887
3376264
3388126
3389873
3391416
3393764
3394832
3395373
3414860
3422792
3424204
3426250
3431870
3434499
3434802
3435045
3446673
3452465
3453060
3454250
3462227
3465890
3471634
3473742
3476716
3477698
3480189
3480659
3483001
3494766
3496916
3498368
3503643
3511366
3517768
3523696
3528110
3531224
3533380
3534454
3541766
3553187
3558629
3560228
3564236
3569848
3583339
3593626
3594846
3608406
3621157
3631733
3633328
3634640
3647872
3661827
3663546
3665402
3669784
3681982
3684851
3693939
3715156
3721181
3721406
3734434
3736455
3744855
3749711
3750414
3751980
3767247
3771426
3773773
3780606
3781536
3781999
3795408
3803482
3804003
3812712
3821353
3835094
3836695
3838296
3847274
3854620
3857435
3868226
3869166
3873258
3876600
3883550
3887195
3898173
3904583
3908868
3914859
3918275
3921635
3926115
3933520
3937787
3939450
3944021
3945168
3945569
3955496
3957620
3958143
3960713
3969113
3971244
3979661
3985851
3997562
3998891
4000845
4008861
4009151
4013752
4020663
4039421
4041020
4044940
4045464
4060463
4092636
4094390
4097815
4098971
4102683
4112638
4125374
4135222
4135625
4149048
4151931
4154737
4170156
4188821
4204452
4211758
4217909
4218528
4221155
4228883
4232752
4239004
4239196
4239439
4241296
4241378
4263356
4280646
4280959
4281353
4282569
4293180
4295772
4309940
4318813
4319550
4326189
4340702
4343982
4371978
4383791
4385290
4385739
4389444
4394483
4409509
4422835
4425583
4436099
4436123
4447430
4447472
4450170
4455218
4459927
4473034
4479305
4483363
4486539
4491694
4502253
4510435
4513580
4520990
4538963
4540218
4547476
4555892
4565277
4568412
4607815
4622216
4649627
4653914
4656196
4658615
4663103
4664106
4665008
4674562
4681233
4688481
4697679
4706901
4716104
4719140
4726318
4726368
4732141
4734628
4743530
4746328
4757116
4757662
4763874
4769496
4775205
4776478
4777698
4781815
4787887
4791371
4797772
4805000
4818702
4822332
4835197
4838798
4843108
4846057
4846901
4855838
4859086
4859566
4865849
4873301
4879721
4901827
4902902
4907737
4914019
4923052
4929337
4934253
4934491
4936133
4938205
4944994
4961264
4961549
4962252
4962611
4964399
4980111
4990422
5001783
5014184
5016524
5017951
5019823
5022364
5030938
5039402
5045184
5046946
5047744
5049385
5069849
5088866
5103494
5110125
5112155
5115813
5116241
5132897
5140597
5147694
5158098
5160634
5172363
5176879
5187616
5193172
5198449
5204841
5205699
5207537
5211568
5218016
5218944
5219063
5224203
5233049
5240085
5241571
5252628
5256583
5256878
5274746
5279199
5308224
5314121
5314241
5323059
5324620
5324897
5328068
5331256
5332114
5342677
5343412
5357420
5363770
5364498
5367197
5367410
5373094
5377989
5383067
5394039
5397340
5399932
5400730
5403686
5406580
5417912
5426662
5435520
5435635
5439129
5445100
5452282
5464733
5469987
5484823
5488832
5493867
5493895
5495600
5503181
5513523
5516774
5527517
5532068
5540233
5559998
5562375
5562515
5574380
5584616
5587674
5595876
5596660
5596689
5601412
5601479
5604632
5606000
5606015
5606617
5612203
5617500
5619505
5627111
5628823
5630737
5649687
5652106
5656225
5658047
5659933
5671674
5673628
5679295
5694653
5696295
5698702
5698710
5720053
5720487
5723342
5725428
5727612
5727975
5728220
5737528
5744903
5752729
5753244
5756161
5769513
5770211
5772494
5779966
5780615
5782746
5785057
5794206
5802631
5804527
5814441
5817644
5821084
5823820
5826244
5826815
5828320
5828966
5841788
5848031
5869341
5874599
5883209
5885253
5886958
5903388
5908760
5909599
5915319
5921487
5929170
5940934
5943816
5944637
5945475
5967194
5983791
5993891
5995678
5996362
5998118
6005286
6005297
6015125
6030107
6035551
6036119
6042986
6044302
6057544
6065211
6065904
6071262
6075288
6089997
6093919
6111661
6120105
6143542
6143825
6148594
6153387
6155682
6158779
6173066
6181396
6189145
6193656
6196506
6201733
6204351
6205125
6216093
6226544
6228419
6230818
6231469
6244433
6250841
6254825
6255366
6255611
6268713
6273478
6277316
6279755
6291552
6294497
6299690
6301215
6303233
6310039
6321486
6323034
6326175
6328655
6332383
6342898
6348110
6358840
6380582
6384969
6408547
6418243
6423632
6423853
6429562
6436319
6455200
6466537
6469873
6469955
6478957
6481655
6493387
6497001
6498855
6503548
6519377
6525715
6531292
6537366
6541136
6550013
6552404
6559662
6563690
6567042
6567262
6581943
6584879
6588293
6589254
6600463
6625597
6626324
6639944
6650946
6655228
6656426
6667250
6673730
6674153
6692256
6696640
6699300
6701211
6705739
6707735
6726399
6740243
6751733
6758520
6761846
6763347
6766633
6767204
6771920
6772741
6773609
6790031
6798667
6811022
6816084
6829810
6836100
6849120
6860424
6860536
6866863
6867258
6888859
6889227
6924043
6924800
6944334
6944422
6945152
6945249
6961969
6966241
6968462
6974055
7005325
7023276
7024906
7025668
7029845
7035131
7037346
7037780
7038174
7045017
7045687
7055675
7069509
7075987
7076404
7079919
7083761
7087712
7090033
7105817
7106891
7107226
7113534
7116836
7127855
7128008
7128787
7133784
7135406
7137084
7140145
7143911
7150281
7165937
7174137
7180178
7182582
7186006
7190031
7190232
7206100
7212439
7217221
7220595
7225167
7230264
7231103
7248063
7250479
7264052
7267853
7269563
7272686
7274804
7277140
7283988
7285007
7292119
7297538
7297978
7299772
7304616
7305217
7322226
7327289
7327386
7332393
7348638
7350422
7351262
7371402
7381071
7389349
7396899
7399920
7403709
7411957
7422023
7427620
7432580
7433526
7443265
7444795
7447102
7462451
7466043
7478106
7479698
7490841
7490981
7491249
7492972
7494691
7523666
7528940
7539092
7539715
7544822
7562330
7578858
7591533
7593792
7607984
7608120
7620185
7627950
7629021
7633802
7646814
7664503
7667750
7668125
7675402
7676178
7677129
7687995
7689219
7689411
7698111
7700221
7718542
7731139
7751091
7758444
7768993
7774724
7790421
7793544
7803039
7810220
7813820
7819367
7821938
7846837
7852948
7871363
7879571
7884484
7888385
7888866
7895488
7908054
7915233
7921177
7921997
7923638
7933497
7939055
7954793
7954988
7955011
7959474
7961839
7968786
7969333
7991655
7995465
7997563
8008009
8011629
8014943
8021974
8027305
8030578
8045880
8046774
8076903
8077318
8077516
8083778
8085214
8088451
8095058
8097051
8099959
8109319
8112867
8119062
8125063
8131485
8171681
8197483
8200957
8203354
8215107
8217612
8221458
8223466
8243437
8248186
8251591
8253783
8257390
8257929
8260796
8260936
8260969
8268620
8271592
8278092
8282181
8285011
8295244
8295815
8311583
8320796
8326035
8336338
8342762
8359350
8360288
8364717
8369971
8386172
8389291
8398106
8405116
8416814
8418815
8428224
8428336
8433758
8442636
8445867
8447507
8448394
8449179
8451037
8457061
8459295
8465957
8482960
8485140
8485475
8494831
8522784
8534813
8541119
8548150
8550255
8552194
8553451
8564314
8566192
8576183
8577697
8589460
8594969
8603852
8604534
8604871
8610043
8615440
8617535
8621565
8621792
8629086
8630717
8635291
8638957
8650241
8651700
8677371
8685250
8686343
8697985
8700416
8700423
8714341
8722375
8723078
8727824
8730183
8733682
8739977
8742912
8747416
8753247
8757273
8762547
8772150
8778028
8781913
8785200
8788786
8794703
8803782
8803828
8811254
8813899
8814301
8817057
8818611
8828224
8835006
8836566
8847000
8847070
8850269
8851864
8857831
8872023
8872420
8907372
8913835
8919566
8922259
8932538
8936257
8939655
8940412
8943986
8954130
8974837
8981457
8982129
8983989
8986452
8989092
8992959
8995105
9000106
9005608
9009776
9013331
9015285
9017882
9025234
9030890
9035436
9037486
9051640
9054138
9071037
9083665
9091740
9092475
9097599
9105323
9108293
9115484
9125175
9132397
9132807
9140840
9141798
9165043
9172462
9172958
9178517
9182304
9196461
9201549
9205718
9209608
9228614
9231321
9239305
9244301
9248580
9261468
9263352
9266976
9280140
9282966
9286449
9296868
9302182
9311917
9312070
9314086
9329700
9332976
9340263
9341745
9351476
9353021
9353799
9360693
9364576
9374775
9378410
9392709
9394710
9400257
9401911
9409905
9410113
9415611
9419067
9422673
9427879
9433214
9448101
9460112
9460267
9467216
9467749
9481248
9482773
9485099
9485122
9490185
9494059
9503572
9529639
9547162
9554741
9557757
9567170
9567741
9573243
9574357
9581421
9586415
9600591
9605453
9606534
9608392
9609452
9618883
9620666
9622301
9627957
9643608
9655303
9657436
9658709
9672584
9686725
9688798
9693902
9702472
9703376
9707498
9709360
9712563
9714567
9714795
9718358
9726941
9740510
9750571
9755162
9759056
9760165
9763812
9768035
9775018
9777106
9783112
9787931
9788082
9788783
9792024
9792590
9801174
9807549
9808957
9811075
9824194
9830462
9832963
9840971
9841481
9842470
9843025
9846043
9853885
9861305
9863333
9874954
9883181
9887271
9887460
9888817
9913146
9915859
9918206
9919154
9921905
9923546
9925292
9935640
9944815
9947475
9949258
9960956
9964488
9964696
9966818
9968488
9976109
9977689
9980553
9980717
9990342
9997374
9998930
