1688
3062
5171
6134
16111
27589
42989
56297
62957
66706
67988
71168
71361
72238
73459
78997
83544
87738
91646
94221
96554
103799
113558
119503
122131
131753
133223
134272
136563
138659
138729
142809
152798
153265
158490
158802
163433
163686
165396
167886
168198
170911
183627
185164
186934
188300
192007
196304
198757
199249
199527
200684
206799
213862
213904
214600
220976
224980
227844
230940
235568
239748
250535
252806
256003
260691
267580
271979
276570
279124
280733
295205
304841
304848
305561
308970
313292
316554
317544
320213
322168
324837
325642
325919
330662
334024
337952
341056
345731
350632
352087
359770
367895
371690
372326
374160
378024
380889
390995
393929
396409
399507
401865
403082
406393
415994
417844
419189
423239
426721
427432
428793
431631
437925
440688
441571
442776
446492
449900
452974
461436
462617
464624
465557
470192
478803
479344
482789
483613
488421
490771
490924
492894
493416
505931
515095
521881
522876
525138
526154
531301
545139
546323
547844
565582
567535
569796
572446
577152
579788
581450
582358
583680
585216
585417
587336
591940
592086
602116
605856
612989
619342
625507
627864
628463
629332
630575
639080
640210
642690
644847
645129
648390
651201
651380
651475
652629
658416
673798
676059
685257
695270
695686
698617
705282
706931
716636
718466
718512
719884
730381
745230
746099
746551
748812
749685
759968
761716
762584
766114
767718
768282
769294
769381
771734
777873
788319
788950
796686
804401
809922
823199
823752
828300
835602
837065
840852
843366
864675
864866
867738
868539
870806
872158
877539
880261
898098
902288
914760
922277
932354
932854
935089
941257
942703
951183
952377
952880
956973
957815
963885
964865
966227
966441
967802
969282
973454
977599
979614
985436
987956
988657
993341
996296
1002011
1002208
1003805
1003833
1006510
1006683
1007439
1008909
1026537
1027668
1028022
1032410
1039742
1041082
1044898
1055286
1059428
1061315
1064073
1067165
1067962
1071721
1079267
1082114
1084541
1085465
1088280
1088453
1095072
1096351
1108798
1110448
1112930
1119501
1120098
1120208
1122884
1123083
1124954
1132786
1134973
1136828
1137314
1142115
1143756
1144105
1147425
1147680
1148497
1148515
1169837
1173041
1177233
1177940
1180452
1184063
1184515
1188445
1188513
1192709
1204253
1207417
1207857
1216056
1218096
1220890
1224059
1224963
1228736
1234535
1236180
1236741
1238414
1240927
1247587
1249442
1251412
1255481
1257409
1258797
1259483
1262272
1275023
1276702
1278488
1280158
1281034
1298469
1300467
1303468
1306293
1306722
1317363
1319010
1319074
1321307
1327479
1341262
1344782
1346149
1347119
1348905
1349689
1358572
1360636
1361286
1364493
1392176
1392655
1399353
1411132
1423431
1428326
1439123
1442103
1443246
1444367
1455110
1455765
1456599
1456669
1464039
1469672
1470190
1473862
1481983
1483829
1485100
1489481
1491006
1497868
1504315
1516343
1521706
1523416
1528188
1528197
1531483
1531521
1532139
1533643
1534924
1536976
1537791
1538177
1542105
1543651
1548215
1553557
1559443
1562799
1575045
1578907
1581310
1582524
1590492
1594972
1595945
1610029
1616442
1616528
1620511
1627924
1628234
1637314
1641717
1645924
1657000
1659772
1662465
1665774
1667849
1668472
1671050
1682255
1689068
1690423
1704381
1704836
1705696
1710848
1715766
1718410
1719845
1725314
1725746
1732247
1740103
1740176
1749111
1755349
1756185
1760960
1763650
1765486
1768365
1773634
1779685
1780401
1787315
1787614
1788497
1789001
1791271
1795431
1801488
1807866
1813140
1814657
1823765
1824959
1825579
1835955
1841788
1843362
1844342
1850651
1866147
1871443
1876008
1877532
1878760
1882723
1885209
1888775
1891581
1893282
1895475
1901644
1904541
1907940
1912829
1917399
1917865
1921067
1923856
1923866
1926695
1928674
1931376
1933390
1933954
1941983
1942254
1943178
1946098
1951754
1956494
1961451
1961658
1964542
1965925
1967608
1969539
1970966
1977966
1978895
1982088
1984573
1998937
2002602
2003456
2004435
2007820
2016713
2017213
2023140
2033427
2040203
2045591
2046085
2050146
2060391
2068667
2076193
2076549
2084138
2085472
2089908
2104493
2113643
2115317
2115514
2115609
2131245
2140541
2140548
2144593
2150132
2155244
2166354
2167924
2175546
2176722
2185458
2193423
2198906
2200731
2202562
2205790
2205850
2213566
2216686
2226113
2239227
2244003
2248955
2249652
2253334
2256396
2264588
2265417
2266603
2272806
2275289
2298952
2304423
2307973
2309452
2312294
2312964
2313763
2315926
2319873
2323423
2328576
2345843
2348627
2351266
2357409
2361875
2365746
2368799
2369607
2370270
2373435
2374993
2376094
2405040
2406884
2411931
2414746
2421218
2426388
2432057
2436927
2446001
2446549
2448048
2459074
2467377
2471961
2473039
2474628
2478785
2479785
2483893
2484330
2485859
2487009
2491349
2491830
2492505
2493063
2502782
2503431
2511538
2517021
2518129
2520524
2522977
2526265
2529156
2533611
2540365
2543855
2545269
2550013
2551610
2557282
2558850
2559852
2567928
2569858
2570033
2571539
2572869
2578554
2591499
2593367
2595150
2599518
2606075
2612075
2618509
2626023
2626817
2627252
2629923
2633057
2646262
2653315
2654876
2655715
2661430
2661468
2662018
2666288
2667700
2672178
2672779
2678941
2684243
2687531
2692613
2693074
2693886
2704037
2709838
2712393
2712855
2715549
2723057
2725719
2725860
2726280
2729340
2733142
2735669
2744640
2746353
2747174
2751600
2753493
2759248
2779761
2790749
2792191
2795429
2802417
2806624
2813733
2815967
2820691
2822947
2825952
2829588
2831626
2835281
2836293
2840913
2844566
2852541
2858385
2879924
2880567
2885371
2891136
2893219
2898621
2913392
2914467
2916923
2917088
2920993
2928166
2931986
2937369
2937574
2944652
2951070
2953496
2959298
2960820
2967097
2978194
2979000
2979881
2981147
2985203
2989614
2989617
2992319
2993887
3000158
3000724
3002023
3002231
3015836
3022401
3036218
3039277
3041455
3044570
3045593
3046175
3048793
3049412
3052896
3062314
3064062
3064413
3077916
3080012
3081152
3087087
3088941
3090550
3094255
3098912
3106657
3111724
3127347
3136119
3138819
3140839
3141180
3148753
3151402
3152095
3157717
3167381
3171938
3172578
3175219
3181783
3185350
3196684
3200371
3230087
3232627
3232756
3235209
3238329
3248424
3248566
3249829
3255192
3261644
3263790
3266949
3269551
3278453
3278488
3286317
3290169
3292263
3293108
3295423
3295918
3296609
3311631
3322113
3327647
3332450
3347348
3347404
3348036
3352570
3358064
3360852
3363489
3363982
3370930
3375180
3377078
3384455
3389797
3389876
3390171
3391003
3393263
3393920
3400079
3417192
3419227
3420390
3421677
3425155
3426269
3429326
3431785
3436074
3440422
3458243
3462778
3470445
3473160
3474886
3478425
3487047
3493442
3494931
3499582
3502819
3509112
3515780
3516238
3523333
3528153
3532950
3540114
3540722
3542436
3546195
3549309
3550104
3558452
3562289
3571067
3572759
3573779
3576198
3577106
3579916
3582439
3586573
3588918
3590735
3592190
3603059
3605866
3612437
3614974
3627415
3641726
3643413
3644714
3647964
3654623
3658411
3663032
3677514
3679438
3680022
3681183
3692475
3696600
3697417
3698281
3705050
3707944
3708514
3713871
3713884
3718039
3725248
3742115
3742720
3747957
3750901
3752292
3752385
3766613
3778721
3780294
3783623
3784433
3787488
3793235
3793713
3794629
3794745
3795040
3795932
3800595
3802059
3808835
3814151
3840149
3840660
3844007
3845633
3846271
3849220
3849546
3851565
3855060
3863677
3866960
3875223
3875284
3876287
3876718
3881713
3883249
3890244
3891196
3891610
3896354
3897409
3904464
3906398
3911029
3912648
3912905
3914449
3915522
3916141
3919192
3921860
3926309
3927119
3931316
3940021
3941192
3942033
3946075
3946097
3946218
3946323
3949183
3955412
3958960
3959354
3959454
3960001
3963140
3964894
3965807
3974820
3976859
3990570
3994505
3996364
3996982
3997466
3999943
4002388
4005851
4005938
4006777
4010009
4017519
4019991
4020347
4043766
4068649
4070583
4075867
4077040
4082497
4088640
4092065
4100611
4103354
4105776
4109577
4113246
4115890
4134403
4136716
4140904
4146700
4166793
4203777
4206753
4206786
4208055
4208913
4216292
4223366
4224493
4226504
4228127
4228363
4230742
4233706
4235767
4237799
4239849
4242994
4252516
4262138
4267751
4270081
4271730
4272468
4279314
4279643
4282040
4282811
4300031
4301342
4303805
4309990
4310974
4316424
4316970
4318147
4318947
4328557
4330734
4333584
4334457
4335769
4343904
4346266
4347395
4349387
4353533
4355209
4360628
4363633
4365061
4373867
4374501
4378059
4388019
4392354
4393427
4396083
4398288
4400420
4406736
4411785
4417328
4421458
4423644
4430016
4430787
4432274
4444257
4447006
4450927
4458737
4460070
4464307
4465065
4465807
4472375
4475058
4476283
4477795
4478992
4481030
4482489
4487572
4495100
4501808
4508073
4513224
4514741
4515887
4516653
4540387
4540642
4541379
4546839
4548258
4554371
4556994
4562079
4563060
4566196
4571491
4571844
4587971
4595025
4600668
4600840
4604805
4605805
4614075
4618762
4619142
4641611
4644855
4646967
4654247
4664268
4667360
4673319
4673348
4677263
4682607
4682630
4691210
4693681
4696584
4698051
4703769
4705796
4712365
4721401
4725809
4731121
4734933
4735894
4736854
4738932
4740505
4743658
4751933
4752648
4754074
4754443
4767217
4779167
4782828
4785656
4786972
4790568
4802225
4803994
4807514
4814579
4814727
4817179
4817585
4821778
4823912
4828595
4832869
4833484
4836562
4842450
4843385
4844549
4845040
4850794
4857373
4860194
4871542
4872051
4881664
4882148
4892911
4897009
4899621
4901910
4907087
4909158
4913383
4923088
4928324
4934474
4937648
4955847
4962590
4968798
4969295
4972763
4973556
4975006
4977056
4977905
4978763
4989881
4990450
4990747
4993527
4997297
4998608
5009362
5012600
5012877
5015330
5015333
5026363
5031993
5035933
5043905
5051022
5052487
5055633
5055746
5060603
5061070
5080786
5088825
5091131
5093915
5093961
5094824
5095929
5099859
5104261
5120819
5128227
5131083
5135744
5143800
5145743
5145877
5152115
5152938
5158009
5161055
5174211
5175300
5183429
5191580
5192743
5202885
5204587
5205369
5207510
5211456
5218933
5220070
5226606
5226662
5231716
5234014
5234221
5235153
5242103
5242165
5248891
5256190
5257690
5262409
5263476
5264778
5270294
5277335
5278205
5280785
5294915
5296482
5296514
5303001
5318499
5319313
5323208
5325278
5329100
5330053
5332979
5336932
5338091
5339166
5339360
5342959
5343344
5347131
5349966
5353829
5363250
5363879
5368497
5373438
5377218
5377739
5384805
5387332
5392286
5404585
5405948
5413106
5414325
5415052
5416809
5418771
5418910
5419011
5421463
5425177
5425423
5425993
5432750
5433811
5439329
5447028
5448999
5450268
5456529
5457394
5457484
5460094
5461717
5462602
5466843
5467035
5473755
5474480
5489827
5492003
5504013
5507127
5510511
5513300
5520407
5520855
5524673
5531464
5533016
5540811
5553197
5567453
5571563
5574736
5575037
5576870
5580326
5585658
5590629
5595930
5597719
5599212
5605690
5608308
5616207
5630088
5634726
5635268
5640340
5641498
5642040
5643647
5649625
5651435
5652555
5653343
5658453
5659577
5665033
5666206
5678059
5684307
5685173
5695382
5695625
5697021
5702116
5704121
5706564
5706655
5707497
5712075
5714264
5714578
5720477
5720894
5727009
5732037
5736042
5737170
5737307
5739999
5742975
5745140
5746633
5747037
5749935
5753384
5754021
5759181
5761434
5762403
5765095
5775050
5776976
5777197
5777201
5779539
5784622
5784997
5785062
5790264
5793757
5799357
5800709
5809417
5812700
5815323
5817232
5820425
5820531
5841407
5841713
5847255
5848727
5854438
5855419
5858883
5862569
5862935
5864823
5864915
5866326
5867178
5869066
5869791
5871444
5872465
5878006
5882784
5884838
5885663
5897938
5901733
5908712
5911797
5926739
5932290
5939326
5939514
5941453
5941484
5942798
5947418
5963442
5973151
5973965
5976343
5979590
5980686
5987027
5987182
5995056
5996719
6000199
6003190
6008346
6010268
6010313
6012796
6015221
6021354
6033474
6052170
6064237
6064635
6065333
6066133
6067041
6097072
6098396
6101314
6102566
6107346
6110239
6117289
6117596
6118853
6122229
6124043
6125326
6129109
6129202
6130704
6135942
6144863
6146333
6152361
6185603
6187745
6194488
6204086
6204497
6205564
6211538
6212747
6221751
6226840
6227592
6228659
6230978
6233377
6233416
6234701
6248570
6248858
6254418
6266192
6266231
6272213
6274947
6275818
6277524
6278872
6281623
6282054
6284316
6285883
6287000
6292838
6294949
6295511
6306772
6313151
6314404
6317764
6334221
6349728
6351098
6361452
6363986
6364147
6367939
6369699
6376236
6382022
6394448
6395156
6400824
6401799
6404194
6409632
6412895
6413074
6415573
6422574
6424492
6426786
6434476
6438467
6441199
6441222
6445096
6447664
6447734
6451159
6457949
6463104
6470089
6470396
6477131
6478153
6478245
6480592
6482748
6484262
6488354
6489632
6502692
6502929
6511641
6514101
6515710
6522590
6522964
6527863
6534555
6543596
6545263
6546856
6551732
6561404
6566873
6569273
6582532
6594513
6596649
6601109
6602900
6603256
6604899
6606708
6610856
6613347
6616726
6621676
6622948
6623537
6624250
6627897
6631195
6633782
6637187
6639009
6639944
6641991
6643661
6644573
6644781
6646018
6646972
6648747
6649191
6650751
6654708
6657947
6659268
6661807
6666857
6668855
6672368
6678193
6680339
6685900
6687528
6690804
6692167
6700765
6700855
6704390
6715501
6720005
6722372
6725600
6729996
6733490
6734781
6735779
6736009
6738511
6740040
6753224
6755887
6758481
6758932
6761484
6762208
6765938
6767829
6768524
6774012
6776811
6779639
6780110
6782187
6783195
6789228
6790398
6791247
6795631
6796432
6804792
6806693
6813369
6819668
6824243
6830565
6831890
6841444
6847429
6853840
6854492
6871620
6873628
6881921
6883238
6884161
6885281
6888663
6890149
6890721
6894695
6894775
6895522
6901868
6906919
6907638
6911086
6912166
6914536
6917068
6919555
6919941
6920808
6924801
6925628
6932208
6932594
6932996
6942869
6945781
6952570
6955533
6958549
6961022
6964398
6965544
6966943
6968013
6971629
6973958
6976630
6980930
6992963
7008542
7013769
7013774
7017502
7023331
7027570
7033256
7034298
7040526
7047693
7055075
7058154
7062180
7064036
7064094
7072671
7075362
7078060
7078679
7089446
7090285
7093999
7101025
7101728
7105423
7105462
7123539
7129160
7130452
7135661
7142099
7145403
7155405
7158200
7174164
7174376
7179035
7179766
7184727
7185859
7188927
7191640
7202811
7206564
7207314
7220558
7222792
7226617
7227931
7228554
7230530
7240598
7247214
7250800
7253769
7255129
7267037
7268109
7270982
7271359
7272624
7274373
7279446
7279665
7285357
7290413
7303472
7309029
7309335
7319326
7331069
7331520
7331547
7332455
7336709
7347003
7350003
7350583
7354154
7356558
7356725
7359162
7361049
7364475
7367841
7368944
7372192
7375701
7384634
7385724
7386589
7390789
7391381
7393612
7395411
7397042
7398845
7400254
7408387
7414504
7415120
7416721
7430279
7432959
7439991
7441019
7441765
7448663
7450475
7452660
7453119
7467780
7467835
7468542
7469609
7470045
7472431
7478908
7481209
7483364
7491747
7494050
7504129
7506665
7507339
7513192
7518543
7525304
7526352
7537162
7544009
7549624
7557301
7557681
7557969
7559582
7563926
7570508
7571394
7575052
7576080
7578095
7578410
7588749
7601230
7601754
7609242
7612996
7615685
7623538
7634245
7634743
7636952
7636987
7639151
7639376
7641136
7641669
7642044
7649085
7650809
7653100
7655804
7664861
7674563
7677357
7680033
7683144
7684492
7698867
7707317
7709201
7717928
7718603
7720892
7723731
7732970
7734088
7734894
7745710
7748302
7758913
7761875
7762474
7772457
7775188
7777195
7783605
7785332
7796934
7801040
7802211
7806181
7806676
7809393
7816118
7818087
7820480
7822580
7826903
7829126
7830412
7830778
7832372
7844967
7846530
7850567
7850684
7853612
7860683
7869545
7870091
7870865
7881750
7885128
7885805
7892672
7894772
7897525
7898845
7902411
7908859
7910856
7911285
7918819
7932852
7937671
7946395
7950985
7954035
7954805
7964937
7966896
7973401
7975380
7975767
7978085
7978422
7980620
7981092
7984133
7988719
7993390
7998500
8007566
8013702
8014256
8014328
8016649
8021208
8021696
8029793
8031130
8037928
8041194
8041801
8042212
8043198
8045740
8050950
8052079
8057859
8058609
8059342
8067040
8074348
8076255
8079873
8079929
8081673
8082110
8089114
8089173
8090693
8094134
8094817
8094832
8095803
8097978
8104246
8105384
8107763
8109576
8110125
8118670
8126189
8128105
8139664
8142162
8145860
8146096
8147079
8155775
8158650
8160567
8165053
8165417
8175155
8181777
8186566
8189822
8190445
8196668
8198890
8200292
8203199
8206644
8220290
8222944
8223300
8235706
8240371
8244086
8245549
8245857
8251747
8253722
8258223
8266904
8269134
8271952
8276504
8276844
8279125
8282506
8289360
8291920
8292365
8295022
8308141
8308652
8311966
8319502
8319690
8321425
8330162
8332491
8332791
8332971
8345783
8347848
8348707
8349528
8349673
8350387
8355531
8362068
8366772
8367784
8369272
8375910
8377808
8388730
8390699
8396612
8396861
8397909
8403364
8404923
8405160
8407688
8413428
8414607
8415222
8416467
8417063
8420403
8420828
8422962
8445283
8451205
8454873
8474166
8476710
8478816
8485038
8485347
8486782
8488831
8492062
8495626
8496086
8505516
8513772
8520462
8521658
8528388
8528473
8532439
8536038
8546011
8556960
8563460
8566516
8567270
8572369
8577393
8578074
8579615
8585078
8592659
8595513
8597912
8601458
8607015
8612786
8615075
8620325
8627167
8627699
8628309
8630604
8634705
8639923
8643408
8650287
8652573
8653578
8653737
8668035
8668558
8672038
8679045
8681197
8683930
8685563
8687407
8696916
8699369
8699567
8703298
8705444
8710863
8713093
8714133
8715443
8719599
8721633
8727716
8731838
8735950
8737350
8737687
8740371
8741248
8742078
8746598
8746856
8749834
8751526
8752289
8757805
8761026
8766154
8766547
8768328
8769187
8770380
8776128
8776360
8779021
8781975
8782162
8783666
8786664
8794624
8797508
8799895
8802718
8815882
8830649
8836460
8837232
8843909
8845952
8848626
8851940
8855580
8857466
8859662
8861028
8863040
8878164
8879001
8882620
8887358
8887637
8896500
8899284
8901957
8903774
8905843
8907012
8910046
8911273
8913601
8914164
8921127
8930021
8930243
8932615
8934748
8944866
8953098
8955432
8959824
8961974
8964986
8968837
8969616
8969674
8973493
8974876
8980614
8981755
8985141
8986407
8988135
8988259
8990352
8991449
8999493
8999697
9006149
9006425
9012684
9015946
9018635
9029060
9033891
9035819
9036716
9040777
9044096
9053762
9060078
9072466
9079298
9079613
9082655
9083384
9083637
9088308
9089893
9092335
9092610
9104338
9104833
9111970
9117520
9125658
9131195
9132147
9132693
9133139
9134338
9135246
9135678
9137351
9139124
9140169
9140548
9144276
9150550
9161914
9166807
9167086
9168256
9174732
9177463
9181488
9193190
9198269
9206083
9209148
9210577
9214151
9216516
9216793
9216831
9224159
9229208
9234681
9240990
9243433
9249361
9250267
9256093
9261050
9262329
9267099
9268706
9277548
9281388
9283799
9294822
9297594
9298878
9304785
9305233
9309883
9310563
9311178
9315443
9318277
9320472
9324302
9329833
9331786
9332753
9333171
9335850
9340449
9344030
9346276
9346344
9352232
9355142
9361123
9361662
9364749
9368643
9372824
9381010
9381269
9385315
9405225
9406110
9408698
9412330
9413773
9414608
9415415
9415539
9417065
9421107
9421549
9422088
9430795
9434497
9436731
9447035
9450081
9464026
9464457
9466827
9467534
9472148
9473941
9478695
9480050
9484139
9484303
9485967
9486788
9494396
9494845
9496190
9498915
9503731
9504173
9512155
9513944
9514566
9523390
9524818
9530804
9534333
9535736
9536078
9536199
9536456
9536669
9540264
9541790
9543327
9543967
9544170
9544236
9549667
9557535
9560195
9561257
9563240
9564094
9580419
9585261
9586786
9590124
9601301
9609262
9611396
9623762
9625416
9626940
9642254
9647789
9667025
9669717
9670622
9671609
9676326
9684939
9687583
9689034
9693660
9694555
9705694
9717912
9719594
9727449
9729019
9729994
9730637
9734842
9735315
9749959
9758880
9770064
9781228
9783518
9787525
9787617
9787924
9792198
9795217
9798737
9803822
9805726
9808439
9808963
9818621
9822499
9825296
9835875
9847366
9855468
9855783
9856909
9858916
9861131
9861153
9864766
9873087
9878900
9884214
9885009
9887025
9890503
9896534
9899761
9911587
9916203
9917097
9918781
9919013
9920486
9921259
9929290
9931863
9944032
9961775
9963498
9973508
9975128
9977354
9977407
9978996
9980001
9987612
9991629
9996573
9999321
