1168
11093
12375
14584
25612
27794
30598
39633
39958
40534
74918
76086
79279
82479
84820
86516
89163
96195
96581
100457
104455
104777
111560
116178
117580
118588
123901
129140
132030
132498
142655
145983
146032
152933
158679
164580
166290
168402
169439
174806
176909
189576
193977
203500
203670
203820
206129
207925
208101
212639
224051
239390
250682
257463
260121
261133
271326
273923
277312
281374
281480
282030
286940
293013
295435
297578
312049
315268
317810
321690
324616
325733
325901
330561
330597
332397
335242
335668
340794
348752
353292
367571
370039
378159
380116
381124
382061
391238
394337
394514
396740
397159
397187
402215
403149
403210
405788
409048
409096
416272
429036
432555
434253
435447
439870
449761
450037
451866
454241
454365
455313
457268
458026
461230
461936
468376
481635
488982
492017
493082
497278
497785
499380
500192
505344
506572
521998
523879
539873
541091
542263
543836
553989
566012
566212
572800
579528
583061
583065
584257
588477
589492
598932
600605
606703
614862
619823
623052
624312
628216
628889
635472
641253
644029
645560
649773
658073
659159
661395
664754
667639
669009
669864
671601
675616
675997
677290
686529
687427
688743
689745
691284
693653
693946
700707
704319
708644
709721
719911
727238
730988
733538
734091
734237
738462
738471
740385
741181
741327
751332
756199
757649
758900
764787
765766
774880
784842
788071
790809
794164
799352
799435
803866
804375
813550
820687
821868
822224
822978
833312
835861
839240
841512
844676
852182
852350
853612
856508
858098
862516
864268
865002
865811
871830
872573
877194
881065
887972
892061
908613
909555
920632
922102
926411
934494
948749
952048
958663
959272
960850
969664
969820
970593
977839
983896
984539
991037
1004991
1013767
1014949
1016516
1019338
1022213
1036864
1040393
1040695
1047575
1052416
1057541
1057546
1061813
1067486
1069363
1071968
1072024
1072080
1074770
1076408
1085054
1094135
1095639
1106073
1108422
1110650
1111435
1119370
1131080
1134093
1134870
1135947
1141631
1142100
1144508
1150566
1150585
1154684
1158043
1160125
1170782
1175882
1177442
1178931
1183042
1183119
1198768
1199362
1202598
1203746
1211146
1211767
1213216
1213968
1217085
1217508
1223353
1224778
1224908
1236820
1236826
1240529
1245742
1255000
1256315
1261310
1264559
1264704
1271296
1271412
1276885
1281909
1291956
1292129
1293530
1298293
1299433
1299434
1299834
1305823
1307079
1311213
1321437
1328936
1337562
1343537
1345762
1356473
1357481
1364336
1366333
1366369
1370754
1372579
1379271
1387622
1388167
1388781
1391818
1392910
1395048
1402767
1402922
1405757
1406603
1408043
1409318
1409356
1412967
1416370
1423264
1429352
1437635
1438707
1445778
1449360
1450202
1452377
1456890
1457521
1458900
1471277
1475153
1477758
1477916
1478386
1480714
1493189
1504525
1505155
1515138
1523267
1526762
1527170
1527508
1537501
1539592
1548147
1549082
1556387
1558761
1564786
1570755
1572613
1573393
1574383
1582051
1582904
1590615
1592230
1594941
1599201
1600413
1605734
1605760
1607200
1612317
1616601
1621695
1621796
1624370
1628674
1628877
1629377
1644295
1645190
1648204
1651651
1660260
1660607
1664114
1669996
1670616
1674510
1674638
1675847
1675873
1676150
1679136
1686342
1695142
1700415
1705174
1706583
1706679
1709599
1711822
1726757
1726964
1729313
1733487
1734525
1737325
1747477
1757014
1761063
1764189
1766086
1766333
1771643
1777980
1779028
1783161
1791091
1796340
1807904
1812301
1817711
1823354
1825934
1829891
1841272
1846940
1854584
1855189
1856372
1857705
1860503
1861622
1865129
1865525
1875730
1878371
1879208
1885395
1893014
1899531
1910488
1930261
1930387
1934637
1942729
1951810
1954754
1956469
1961128
1966072
1966207
1969059
1971571
1973442
1975880
1991025
1996472
1998746
2001772
2005265
2024485
2024826
2031095
2031311
2037213
2048954
2053364
2054670
2057224
2059056
2060016
2063327
2067402
2076557
2076618
2077396
2078991
2081605
2082256
2086165
2086640
2089438
2096652
2098237
2099251
2103829
2111863
2112736
2116192
2119743
2123139
2130569
2130600
2130960
2131819
2133497
2134200
2134939
2137336
2138601
2144109
2148023
2148340
2154273
2162667
2164766
2165155
2170183
2178477
2180799
2182616
2184078
2185428
2187144
2190051
2191226
2191275
2192674
2196846
2197881
2199539
2203848
2209543
2211831
2225621
2229643
2230530
2230919
2234092
2236394
2236784
2238230
2243333
2245663
2250631
2251772
2253354
2253509
2265738
2270172
2270865
2272985
2282009
2283837
2286163
2289609
2294228
2294363
2298351
2302874
2310801
2312748
2314218
2317550
2318776
2326873
2332672
2333096
2339043
2342335
2345271
2346747
2348239
2352675
2358157
2362991
2374647
2382435
2383741
2397814
2403936
2407160
2408053
2415275
2416951
2424494
2432240
2435897
2436977
2437666
2442033
2444723
2446474
2446890
2446895
2449031
2459273
2463582
2465250
2468024
2471286
2472490
2488944
2491726
2492332
2495093
2495393
2498887
2506800
2510969
2511930
2514812
2520016
2520064
2521738
2537270
2540575
2541328
2541404
2545686
2546006
2547014
2548732
2558775
2559230
2569813
2575850
2582406
2582787
2584712
2586253
2587400
2595409
2595676
2596467
2603021
2605402
2613958
2616342
2617103
2618409
2619158
2623956
2633859
2639771
2641688
2642564
2643866
2646540
2648774
2653931
2655529
2656615
2660713
2673573
2676556
2678045
2679656
2696029
2697258
2701627
2703896
2704217
2718523
2723973
2727782
2730194
2732550
2737419
2741376
2748660
2749281
2750204
2757352
2758017
2761012
2763256
2769913
2771615
2774099
2774963
2775589
2775675
2775700
2776946
2787183
2792051
2808333
2810345
2812249
2815336
2818821
2819854
2825255
2825288
2830543
2831647
2832929
2832955
2833622
2844298
2849161
2849840
2854496
2869909
2870071
2871965
2876450
2879336
2882344
2884407
2886969
2887325
2897255
2900465
2901166
2902710
2905546
2905731
2910926
2914682
2923358
2924021
2924939
2927537
2930583
2937848
2942352
2956704
2961002
2962523
2964600
2967941
2969307
2973870
2981120
2981724
2982610
2983829
2984009
2986328
2987722
2989058
2991195
2999099
3001086
3005443
3006885
3011320
3012180
3014432
3015692
3016050
3021189
3024123
3030347
3031774
3031903
3035665
3045232
3050381
3051438
3052389
3053942
3057488
3073349
3078168
3080126
3084582
3087279
3087938
3101674
3103151
3104801
3120474
3125807
3130957
3153848
3154972
3168269
3170198
3175353
3183317
3187055
3187697
3194676
3194983
3196808
3199332
3208384
3208651
3210041
3211018
3219638
3223938
3228209
3231375
3231766
3239451
3249210
3255086
3258970
3261528
3269327
3270152
3273555
3279113
3281867
3288301
3289796
3296353
3302646
3305070
3306845
3306987
3312432
3319358
3319944
3328352
3333900
3335052
3338506
3340543
3343962
3346691
3348154
3351883
3356495
3373500
3378163
3382848
3385678
3386023
3393205
3396809
3398029
3399715
3406132
3409351
3415182
3422182
3430385
3434944
3447593
3449779
3452076
3457799
3459874
3463965
3468012
3470007
3470564
3478694
3483004
3483361
3488926
3489415
3492352
3495063
3496081
3499576
3505668
3510687
3525831
3530545
3532955
3537355
3540390
3544706
3551004
3564898
3570097
3578590
3582778
3585338
3592089
3602451
3602703
3606069
3606580
3606702
3607328
3618716
3620861
3627925
3630114
3632240
3635661
3637757
3637803
3638757
3640400
3644046
3644103
3647586
3657336
3660429
3666408
3667751
3672532
3675311
3688053
3688394
3690404
3691487
3695505
3704418
3711264
3721286
3722874
3735474
3735488
3736047
3736112
3738988
3739142
3746212
3748659
3752503
3752904
3755617
3760711
3766268
3766365
3769693
3775863
3776423
3781393
3783811
3785005
3789779
3791090
3792749
3792938
3793788
3798080
3799164
3803571
3804504
3805703
3826979
3827487
3831358
3837258
3840024
3841711
3841988
3842298
3842687
3847734
3857418
3858913
3862794
3863663
3867679
3867776
3869093
3872095
3875456
3878266
3879425
3881025
3889082
3902269
3908175
3916646
3920107
3924287
3928174
3934147
3935595
3937191
3940347
3941107
3950782
3953249
3958057
3962692
3963615
3964665
3966766
3967039
3970530
3970807
3979712
3980964
3996070
4003799
4004923
4006312
4011979
4015581
4019707
4020792
4020969
4022145
4029299
4035560
4035992
4039015
4041360
4049162
4059129
4060362
4062859
4070919
4071428
4073716
4074966
4075510
4080501
4082019
4098777
4099645
4105771
4105955
4111846
4112610
4119621
4120818
4121084
4123120
4129090
4130536
4136465
4138614
4145031
4155821
4158116
4168739
4177674
4186546
4191737
4194774
4205539
4206906
4218342
4220450
4221154
4224280
4231248
4240143
4240254
4244128
4248795
4250267
4253260
4253742
4262191
4262810
4264329
4271587
4276942
4279742
4293543
4297368
4310623
4316568
4321026
4327837
4330854
4334239
4341084
4345159
4350193
4356549
4361685
4364843
4371203
4375478
4378042
4386441
4387174
4393263
4393308
4395721
4398726
4399638
4400160
4400969
4401444
4431765
4432254
4435486
4439991
4449004
4456224
4456573
4461359
4463141
4469266
4473054
4474219
4475305
4487684
4487897
4488802
4497392
4501275
4509608
4509942
4519719
4520847
4521288
4523011
4523075
4528726
4529116
4535727
4536229
4538179
4538770
4552759
4552930
4553243
4558792
4568549
4569431
4573944
4577144
4579523
4580896
4586267
4588271
4588533
4590105
4592251
4593240
4596400
4602192
4603020
4603458
4607790
4612664
4615008
4618190
4621568
4622745
4632901
4635104
4642660
4644290
4646331
4652111
4654847
4661818
4665869
4666857
4668437
4675551
4684120
4686310
4686735
4687123
4695246
4696910
4701493
4705276
4711216
4711724
4715499
4717075
4728241
4729800
4735054
4737077
4739738
4742704
4753633
4755240
4760623
4768095
4773527
4774259
4777946
4779083
4780578
4781263
4782402
4783108
4788058
4788693
4793435
4799579
4802846
4804241
4805423
4806205
4816309
4817753
4819849
4831448
4831767
4836832
4837942
4861894
4865278
4866324
4892328
4892542
4893016
4899950
4905524
4907234
4916380
4920714
4922464
4942751
4951142
4951236
4954121
4956319
4965977
4973333
4973545
4975617
4982740
4995667
4996599
5000644
5002366
5003679
5008504
5012721
5018581
5020674
5026725
5027847
5034539
5035474
5036648
5038140
5052515
5056146
5057200
5058361
5058741
5063860
5066720
5068244
5070716
5070741
5073552
5075065
5081739
5082934
5083377
5088586
5090654
5097214
5104919
5117830
5122246
5124299
5126588
5130006
5138933
5143841
5146521
5150163
5152029
5154193
5156003
5165198
5166345
5167467
5168320
5168497
5176262
5176840
5177932
5180271
5200336
5204732
5205583
5209934
5210326
5213018
5216843
5218593
5219936
5239365
5250374
5251261
5251371
5261457
5263629
5270358
5273354
5273405
5274771
5275755
5286992
5287072
5288574
5289238
5292798
5306494
5307267
5312468
5312574
5313927
5315903
5324341
5330232
5335064
5339178
5339741
5341131
5342387
5347313
5348091
5353830
5357576
5358474
5361109
5361232
5361904
5362202
5375794
5376520
5378716
5398096
5406073
5410072
5415711
5419076
5425040
5432537
5435450
5437516
5439833
5447860
5448300
5452713
5458001
5458105
5459401
5464995
5465867
5466327
5468953
5471111
5475775
5482822
5484965
5487749
5490493
5497523
5501922
5506759
5519687
5520206
5520404
5524593
5526650
5527607
5530227
5534654
5541606
5548621
5552680
5559436
5561357
5561808
5565322
5580653
5582323
5583454
5588443
5590135
5590761
5592597
5592724
5593956
5594507
5600064
5602062
5608092
5613507
5613530
5613753
5616462
5616696
5618162
5622911
5625173
5631884
5637195
5641722
5646085
5656847
5661108
5661236
5662524
5663488
5666616
5666839
5670245
5673307
5673526
5674925
5676713
5680392
5682832
5685661
5701518
5703343
5706332
5707464
5711500
5713097
5720002
5722971
5727812
5733272
5740728
5742871
5746713
5748372
5760358
5763634
5764552
5764599
5765994
5766293
5768461
5768729
5777972
5779403
5781510
5790133
5794722
5795296
5805682
5814596
5815543
5817582
5818676
5827274
5827353
5829591
5832159
5836497
5838074
5838906
5839336
5845570
5849054
5850911
5869417
5869531
5873681
5874331
5889402
5897105
5897313
5898020
5898792
5899874
5907301
5912176
5913108
5915314
5917224
5920292
5921657
5923907
5924567
5940595
5940853
5944648
5947795
5958092
5959102
5970730
5971405
5978914
5985065
5987031
5988886
5990159
5993183
5995333
5997673
6001447
6002873
6009021
6010521
6012735
6014475
6019535
6027416
6027851
6029436
6035613
6045159
6069418
6077288
6080382
6081028
6083001
6094909
6097478
6106793
6108620
6113039
6115487
6116029
6119799
6124024
6126693
6128132
6137048
6137935
6142746
6158893
6162096
6166444
6168489
6171967
6173137
6176958
6180400
6180575
6194395
6194687
6202880
6205299
6205347
6215431
6220356
6223123
6231563
6236518
6237070
6242068
6242510
6243480
6243695
6250300
6254585
6255422
6257164
6259938
6260739
6266411
6266755
6267023
6275718
6277176
6279916
6280682
6291975
6300636
6316006
6319538
6320965
6322848
6326901
6335827
6336393
6349224
6351646
6352455
6354912
6355573
6359629
6359877
6360230
6360912
6378179
6385306
6389641
6393948
6396726
6400265
6405358
6407403
6409348
6417239
6422507
6424011
6425843
6432827
6438396
6439441
6443170
6446099
6447309
6447643
6448138
6448290
6449383
6449812
6449838
6451449
6452104
6452612
6452880
6453766
6458860
6463192
6467548
6469483
6469755
6470498
6477668
6487121
6504793
6509314
6512610
6534014
6536157
6540581
6541454
6541896
6548578
6550984
6553312
6554501
6557384
6560475
6561143
6577804
6582853
6590891
6591602
6592745
6595269
6596885
6610629
6613621
6627086
6630001
6632193
6638428
6643039
6659758
6661275
6668176
6670568
6673923
6674692
6677870
6688366
6689346
6689554
6690050
6699012
6708564
6713195
6714440
6730905
6734227
6737652
6741936
6741999
6744920
6748353
6751843
6756304
6756569
6760051
6768047
6770350
6775615
6776405
6777494
6784157
6796685
6798649
6799611
6801969
6805057
6805837
6809548
6810060
6813036
6813506
6815318
6817095
6818437
6820227
6829582
6838220
6842322
6844924
6845077
6855160
6856276
6860506
6862904
6866909
6870705
6874747
6875013
6875099
6877067
6878995
6880318
6885740
6886041
6894691
6898712
6901522
6922666
6927271
6934828
6939773
6940450
6947091
6948185
6970870
6973920
6978418
6984330
6986152
6989505
6990838
6994270
6995038
7008490
7013333
7013642
7016962
7019031
7023855
7024903
7030547
7047505
7063555
7064329
7065513
7066181
7066972
7077095
7079740
7096047
7110352
7111034
7111202
7120021
7122595
7129484
7136751
7137577
7140165
7141831
7156961
7161437
7167876
7180695
7181373
7182605
7186646
7189161
7190260
7197520
7201671
7203694
7207838
7213729
7216141
7216279
7217761
7225642
7231390
7235128
7238105
7250104
7262720
7272134
7275780
7281628
7285779
7288296
7289047
7299481
7304636
7304678
7304862
7305810
7306757
7308605
7310504
7315573
7317514
7326141
7333781
7335730
7341838
7347543
7348607
7349502
7354645
7354676
7355780
7371826
7377554
7384752
7385980
7386058
7397514
7402428
7403923
7407914
7417903
7418359
7419866
7420382
7422639
7426003
7426904
7429567
7429973
7430737
7431255
7435276
7438695
7443677
7444858
7448986
7458068
7467464
7470308
7474597
7477872
7485561
7485920
7487116
7488760
7490734
7505482
7505512
7511771
7512599
7514175
7515786
7516331
7519893
7523655
7533376
7535901
7538853
7542084
7544149
7546835
7548478
7549538
7553594
7553720
7557727
7560432
7563263
7564895
7565864
7569880
7574084
7578197
7579398
7582797
7583232
7583363
7585735
7590144
7593644
7594962
7602531
7621536
7624039
7630495
7631227
7636694
7639214
7646668
7652031
7652967
7659919
7660518
7660682
7661433
7664110
7669407
7672555
7678377
7686027
7694211
7702581
7703287
7709139
7719586
7722906
7725094
7729845
7733083
7737756
7737992
7738251
7742550
7747275
7749399
7758691
7776070
7776289
7782815
7788066
7799396
7800119
7806537
7806930
7809476
7813664
7820552
7829431
7832501
7835226
7838719
7847750
7849036
7849688
7851457
7852002
7856606
7858991
7862200
7867736
7867891
7874135
7877998
7878122
7881969
7882596
7887269
7888577
7895934
7896845
7897060
7902197
7902489
7912193
7917791
7921348
7934499
7937037
7941712
7942490
7950386
7951767
7952760
7956483
7956542
7962328
7977940
7978635
7978998
7991330
8003624
8003729
8005403
8006494
8015858
8018215
8019612
8020656
8024433
8028349
8030224
8034522
8037217
8039468
8044686
8056186
8070610
8072413
8081939
8082823
8083961
8090452
8091273
8094610
8101536
8102030
8105643
8106885
8107371
8110008
8113760
8117238
8119345
8119650
8129301
8137973
8140458
8143878
8148027
8149441
8153495
8155684
8163910
8168261
8181733
8187110
8193897
8195847
8196347
8201043
8201069
8202237
8214072
8215978
8218883
8221445
8224671
8231938
8232388
8234174
8238965
8242133
8246592
8251178
8252110
8252444
8258069
8268413
8269183
8269213
8274524
8277276
8277312
8282397
8283824
8285648
8285750
8291713
8292382
8293451
8294073
8294133
8296920
8300461
8302120
8302995
8303982
8311617
8312005
8314056
8318098
8319819
8322302
8324209
8328536
8331213
8331990
8339602
8344462
8347929
8348394
8355567
8355652
8355661
8363548
8365616
8369540
8391756
8394585
8396728
8398776
8405098
8413746
8414413
8421559
8423141
8442179
8444647
8465719
8467509
8485936
8490526
8504780
8512094
8514043
8514887
8517530
8529860
8531265
8531766
8536093
8537878
8539271
8545558
8548277
8553081
8560261
8569110
8575185
8577462
8591282
8594516
8595546
8597261
8597843
8604740
8606865
8607075
8609808
8610125
8613148
8614471
8616003
8619798
8623412
8629925
8632517
8632814
8635464
8636119
8639780
8641506
8649922
8666530
8668700
8674195
8674411
8676070
8677198
8681746
8688461
8689094
8690803
8691244
8698727
8704135
8708443
8712925
8717050
8721509
8725747
8726528
8729609
8731114
8733293
8738245
8739970
8740262
8742212
8745857
8752067
8752701
8752853
8768825
8770859
8772804
8774449
8784191
8787854
8793288
8796119
8801099
8801967
8802774
8803480
8804281
8805260
8810262
8813574
8819729
8821058
8827081
8831572
8832502
8834637
8837906
8840662
8845743
8847572
8850867
8852734
8853201
8863439
8873793
8882684
8883353
8890008
8896653
8898993
8899036
8903066
8908804
8915482
8918758
8933139
8935237
8936136
8946459
8951729
8952263
8956148
8958423
8963150
8965734
8966086
8977235
8977944
8979422
8980535
8982447
8984975
8987170
8987341
9004428
9005258
9016155
9019946
9020358
9032275
9049188
9053125
9057107
9061540
9070537
9071144
9076688
9085024
9092498
9094053
9096563
9097603
9100554
9117874
9118793
9129913
9131016
9132470
9140619
9142203
9142428
9143727
9149129
9150051
9153218
9158300
9165856
9166695
9166936
9172701
9182522
9187213
9188499
9196193
9198975
9203835
9205632
9213655
9213763
9213963
9216322
9216861
9222153
9222478
9223644
9224934
9226790
9226884
9229285
9231787
9234532
9242946
9246976
9249477
9252626
9261112
9262394
9265649
9267855
9268214
9278565
9282766
9287021
9290362
9300029
9300538
9303172
9304453
9304946
9305031
9306467
9306679
9313354
9315576
9322631
9335767
9336693
9342097
9344327
9351268
9351387
9364873
9375951
9379700
9388888
9389792
9392213
9394091
9405296
9412287
9415453
9416881
9417527
9418107
9419050
9423505
9426570
9429133
9430601
9437090
9438225
9442453
9443975
9447430
9449850
9452485
9456108
9459017
9461185
9464824
9464962
9466461
9467974
9476655
9477677
9477847
9479273
9479358
9480865
9482438
9491007
9492417
9494703
9495531
9501433
9503404
9509945
9510117
9511779
9512792
9513880
9514257
9514294
9515252
9522527
9530841
9532505
9543355
9546278
9550354
9554965
9555001
9560450
9564167
9567593
9568426
9569432
9574312
9575791
9575985
9580555
9587016
9589017
9597429
9601837
9601853
9602846
9603691
9606087
9606986
9608600
9612364
9618159
9618538
9618588
9618895
9625145
9631995
9632731
9635004
9646408
9648358
9650224
9650444
9653046
9659718
9660885
9664048
9670183
9674561
9679931
9682030
9687850
9688736
9692960
9693380
9708142
9710894
9715234
9721857
9726082
9726111
9729970
9730145
9731997
9734632
9736241
9736462
9742793
9749640
9751890
9752499
9760444
9766567
9775090
9776166
9779262
9780028
9786507
9790011
9798123
9807193
9811731
9817603
9822228
9837549
9839176
9843010
9847281
9852316
9855762
9857247
9863949
9869905
9874229
9878290
9882176
9883288
9885785
9888674
9889418
9890381
9892734
9895518
9904419
9905207
9905949
9906710
9910190
9912270
9916940
9923789
9930542
9930959
9932263
9933984
9938503
9964042
9964237
9964443
9974170
9976531
9984070
9984640
9985532
9991669
9993203
9997303
9997669
