8126
26754
27775
34837
36606
39281
44536
54442
58322
62127
64257
77244
84575
86509
93747
98883
119808
122103
125293
131064
132387
136350
137762
139172
143102
169025
184911
187503
195083
210408
211873
215689
236301
238721
240352
251184
257813
258562
263442
270589
274318
278865
289443
299650
313037
321549
321779
324067
326387
333238
334198
340212
343795
348423
353684
361008
365640
377615
378207
381772
385520
388978
391634
394327
399632
409559
423278
430062
430094
437450
439829
442073
442187
448227
454664
457006
459332
460905
480188
482205
488668
491626
519142
520831
526766
534364
537380
544831
551842
557539
557885
562290
569215
572566
586721
587367
591916
616957
617520
621588
621723
622812
652058
656130
660918
660940
683317
689283
689455
696963
697240
708594
709723
710869
712356
712358
713642
719249
721454
724583
729559
730364
735694
742651
754658
774510
778816
797115
805445
810307
817427
819482
823027
827405
865396
867097
868753
868785
895426
901153
903699
907419
910933
910981
919432
919811
939703
941527
945277
950077
952603
966405
976555
992359
994324
1006162
1010004
1014820
1027463
1041097
1042917
1054721
1055490
1072974
1073549
1077289
1082639
1087697
1090478
1098594
1100332
1103862
1105323
1105431
1158588
1166214
1170757
1172139
1176090
1210384
1212026
1225231
1227403
1235081
1239183
1242465
1242787
1243940
1251802
1256288
1256756
1257381
1263662
1264734
1275481
1299757
1299830
1313821
1328942
1329151
1333810
1337413
1339990
1346212
1346952
1348709
1350318
1360961
1368677
1376296
1380451
1385234
1392136
1394585
1394786
1406305
1411989
1421288
1429418
1443791
1456448
1463027
1476330
1482876
1483760
1488548
1492720
1519838
1521224
1522820
1524223
1524690
1553006
1555848
1556056
1569213
1570227
1571879
1585047
1595235
1611771
1614200
1615109
1616134
1617776
1620266
1620412
1625603
1625798
1639448
1641446
1643987
1655537
1665184
1666292
1667046
1673155
1674069
1676068
1680294
1686573
1694846
1695724
1705465
1720656
1744053
1750044
1759907
1766706
1767170
1777487
1785463
1798391
1821906
1830871
1835200
1839185
1840737
1843422
1865679
1877400
1879699
1883414
1884311
1886389
1888750
1899622
1905399
1908910
1911102
1915243
1918267
1919621
1920660
1926680
1937594
1947784
1950778
1962189
1962424
1962803
1981160
2004839
2006012
2008392
2018689
2025970
2031656
2034800
2035678
2041217
2041325
2051454
2052610
2073951
2076053
2111556
2116689
2120699
2124127
2130738
2140604
2142007
2153840
2154229
2155051
2165737
2166266
2166435
2166543
2167793
2174065
2191744
2191859
2194071
2195533
2196246
2197789
2200718
2206313
2212435
2228586
2229984
2231625
2238116
2242444
2245766
2256915
2259165
2264418
2264782
2275692
2278752
2284631
2284634
2286574
2288982
2296322
2304478
2317924
2325691
2327060
2329746
2330894
2335282
2342388
2352757
2354357
2367061
2377567
2380118
2381333
2382322
2383273
2398678
2412572
2414080
2415548
2415873
2424048
2428433
2429960
2436838
2450907
2464483
2468509
2472645
2473975
2476364
2477785
2481787
2483544
2497376
2506451
2507049
2512742
2513399
2519505
2519942
2527624
2534244
2534691
2544727
2552078
2565895
2577996
2580975
2588613
2591669
2593975
2600534
2605825
2618191
2628188
2638668
2641260
2645871
2656298
2667558
2683842
2698112
2704020
2705639
2706801
2707845
2708759
2711863
2720969
2731897
2733885
2734744
2736087
2737746
2745168
2759203
2760797
2762994
2772033
2772240
2774967
2776234
2781610
2782991
2786326
2797379
2799508
2801523
2803973
2808478
2810598
2816774
2818725
2819170
2823249
2826765
2827788
2844761
2858180
2860394
2862178
2864394
2869523
2874188
2882349
2899198
2906600
2907802
2917360
2919218
2919269
2923210
2928728
2939657
2942004
2942092
2942119
2960795
2981534
2988295
2992532
2997764
2999767
3001044
3001124
3002642
3011792
3019182
3032575
3038507
3039726
3050498
3052578
3056376
3057895
3062988
3071014
3074479
3084893
3093926
3096029
3100144
3100997
3106530
3123737
3130331
3136640
3137685
3142696
3144281
3146500
3155399
3171379
3174441
3177435
3179531
3184710
3188884
3197138
3209143
3210236
3213767
3228673
3235002
3263032
3263935
3268544
3281718
3289989
3293343
3297538
3300689
3308173
3317858
3320375
3329949
3334366
3338131
3338470
3344060
3350255
3356626
3375506
3386322
3391332
3394907
3403823
3405935
3409400
3430699
3435779
3445746
3463769
3464504
3472639
3482676
3492235
3495683
3511529
3511938
3518315
3532364
3534484
3537622
3543199
3546113
3559218
3578037
3582045
3605964
3606989
3607975
3614160
3618540
3620365
3640568
3642290
3648466
3649008
3649136
3654864
3657687
3660203
3665193
3666080
3667734
3692309
3694442
3700017
3706855
3710862
3737161
3739002
3749283
3750246
3762676
3764397
3765736
3776804
3794162
3797017
3798703
3801131
3815138
3818615
3820797
3825543
3827108
3841988
3842074
3843228
3846156
3861476
3877712
3879014
3884819
3887410
3889068
3892497
3899030
3909218
3911044
3916162
3925672
3928224
3933271
3936908
3944414
3948102
3948760
3949096
3957348
3959940
3968897
3979405
3980848
3981671
3982905
3984264
3985627
3987270
3993837
3996161
3996839
3999007
4008823
4017210
4021779
4022384
4026606
4033207
4037874
4046962
4048640
4051335
4065145
4085628
4086547
4086910
4088525
4097720
4100307
4104386
4110384
4110934
4111441
4118386
4118726
4129193
4140950
4145449
4157723
4161912
4180828
4181525
4190853
4192092
4225152
4226161
4231835
4235732
4239352
4246299
4246683
4249593
4259231
4262827
4275352
4283865
4287849
4290554
4290720
4294262
4296536
4297492
4304961
4320243
4321131
4326063
4336786
4338107
4355019
4356205
4359218
4362235
4368046
4374345
4375484
4377302
4391144
4396792
4399887
4400917
4402998
4407143
4418014
4434004
4436118
4436566
4444486
4456797
4458613
4459059
4462250
4466614
4466798
4475212
4475498
4478139
4478190
4482838
4490368
4492539
4494103
4501905
4512215
4518368
4519951
4524444
4529822
4545678
4546996
4549449
4553685
4562648
4567185
4567387
4581136
4591692
4599419
4599528
4604856
4607549
4609012
4610834
4610977
4616403
4629488
4633774
4642210
4668640
4669579
4672068
4685772
4689579
4690411
4691259
4693786
4707749
4709303
4718670
4719312
4723085
4739056
4739854
4747443
4763025
4774512
4790064
4795324
4829423
4836211
4837924
4838251
4842520
4851327
4852093
4868722
4870931
4878882
4888258
4888711
4908588
4920207
4939976
4953340
4954011
4957069
4960739
4962098
4968851
4977341
4982581
4988331
4993056
4993719
4995340
4996349
4998896
5002583
5009733
5031087
5042263
5042312
5047639
5056786
5065040
5070757
5077000
5077580
5081058
5083390
5085071
5088809
5098255
5110425
5111998
5113041
5119793
5125407
5125938
5126678
5128400
5133206
5136624
5151556
5155195
5159632
5160881
5168523
5180154
5180715
5183333
5186052
5186380
5188948
5194830
5196722
5209056
5209432
5211816
5212932
5216119
5222473
5227554
5231721
5247947
5251240
5252026
5258474
5262358
5273969
5279830
5283244
5295495
5316668
5321855
5334397
5334560
5346156
5353541
5358650
5360600
5364240
5364600
5366481
5370785
5375325
5389088
5410898
5412107
5413026
5415069
5417955
5420874
5426685
5432163
5432457
5433859
5441609
5447226
5447579
5451604
5463608
5466594
5466613
5469332
5479737
5493799
5495675
5519867
5523523
5523787
5524893
5533334
5539219
5546980
5560482
5564988
5574415
5577359
5586071
5595303
5597630
5601255
5606286
5609082
5626139
5626879
5631040
5637541
5646245
5648109
5650373
5658720
5692791
5703874
5703969
5709672
5725104
5729101
5741534
5741741
5749403
5753895
5760574
5761497
5775244
5775329
5778737
5785474
5791098
5792627
5802915
5807994
5813005
5814169
5816098
5819376
5822312
5835417
5835956
5841324
5841458
5844668
5849618
5859264
5879599
5882257
5886578
5894990
5901645
5906289
5912328
5928404
5929836
5935403
5937427
5940089
5944522
5954997
5960116
5962311
5968703
5972945
5973963
5982080
5982243
5989284
5991422
5991821
5999574
6002703
6017168
6018657
6025957
6029265
6035291
6035797
6038908
6039122
6050889
6051466
6051885
6053329
6057065
6062280
6063451
6063736
6064206
6064950
6081582
6082897
6083579
6092741
6094782
6095606
6099257
6100689
6116443
6123951
6146389
6158043
6166349
6168683
6170255
6175601
6177948
6178942
6186475
6188839
6191707
6193844
6213734
6217122
6219854
6224207
6226293
6232087
6233606
6239046
6239787
6241840
6243405
6246319
6263522
6264114
6270008
6279937
6285619
6294734
6300188
6303376
6304527
6306803
6313898
6314549
6319280
6328029
6348327
6362251
6362259
6362910
6365849
6389906
6394687
6397193
6399352
6401677
6405429
6405960
6409764
6414040
6420943
6422958
6426555
6430952
6437796
6441390
6447802
6449043
6452692
6465059
6467712
6495049
6496390
6500542
6513244
6516631
6520250
6521224
6521379
6527833
6538349
6539883
6546965
6576845
6579695
6580627
6581469
6592961
6613276
6621291
6631017
6636451
6641145
6645655
6645815
6647508
6652492
6661869
6672413
6684554
6695214
6701254
6702454
6702984
6704427
6707487
6707641
6715590
6718627
6719226
6725530
6737623
6739019
6754681
6759822
6760670
6766036
6772118
6783102
6786120
6790414
6791535
6793004
6793325
6798466
6802642
6807257
6808735
6812947
6814226
6821734
6826448
6848268
6862027
6864201
6869953
6878305
6881246
6882917
6885375
6889351
6895901
6896843
6897779
6902697
6908297
6914066
6914870
6923135
6925919
6941566
6961140
6963692
6967226
6982723
6984605
6992109
7003371
7005750
7006246
7007196
7007654
7014268
7027574
7043352
7045607
7051112
7058011
7058057
7065388
7068163
7084138
7091580
7098729
7099031
7102403
7105549
7106066
7107129
7109686
7110138
7115896
7120026
7148457
7149661
7157912
7163798
7169618
7171013
7186601
7203470
7207922
7208754
7221870
7237870
7245427
7250329
7258964
7270913
7277314
7278294
7281579
7283773
7287909
7288604
7294352
7303806
7307640
7313764
7319917
7324527
7324654
7325201
7329951
7330219
7333279
7342527
7342998
7347310
7351086
7354451
7364371
7380230
7383010
7388022
7389215
7399528
7400748
7411349
7411766
7430168
7435954
7452639
7454252
7459672
7464713
7468648
7493436
7495113
7495436
7497123
7502314
7504344
7514449
7515167
7527245
7532559
7550637
7552049
7554844
7557918
7560383
7560526
7563737
7576858
7584416
7603197
7607013
7611424
7620929
7628947
7630469
7640100
7642060
7642405
7650239
7653229
7653409
7658166
7661919
7667793
7685113
7702826
7715362
7722184
7729891
7731760
7748338
7750570
7762072
7769730
7776670
7781686
7785007
7785397
7785835
7788389
7797562
7808660
7814917
7815867
7819733
7820899
7824240
7824755
7843898
7859088
7862157
7872694
7877573
7878957
7884820
7890419
7893224
7903925
7909123
7909289
7912526
7918464
7933355
7939744
7943163
7954588
7955303
7956792
7978727
7993884
7994684
8006375
8014063
8014175
8014354
8016433
8020430
8023553
8025949
8026232
8034444
8038967
8039298
8043515
8046489
8048700
8052740
8054054
8058713
8062381
8063887
8070410
8076236
8083100
8087473
8088763
8091502
8096357
8115033
8122361
8127071
8132014
8135208
8168197
8171122
8177713
8179712
8179984
8190068
8194854
8200194
8201302
8202016
8205933
8207368
8209451
8211632
8229691
8234205
8239049
8245277
8248724
8261171
8268600
8274661
8274934
8283357
8283575
8316898
8317043
8318387
8323981
8325346
8326675
8333132
8334536
8341499
8349419
8352008
8358503
8365658
8375020
8381071
8386682
8392030
8399783
8405589
8410897
8417899
8435849
8436624
8442245
8443478
8443656
8458206
8461915
8466493
8477251
8478657
8480553
8483682
8493675
8500296
8514420
8521196
8526579
8533465
8539970
8547226
8563151
8574944
8575933
8580452
8586232
8589609
8601611
8603278
8607720
8616746
8620206
8620495
8623255
8630209
8642837
8644996
8651399
8659715
8666637
8679376
8688869
8694237
8694474
8695345
8696089
8705299
8712591
8713027
8729566
8731220
8739128
8741083
8744414
8744584
8744684
8747927
8748136
8748756
8748859
8749659
8759328
8760628
8764722
8771523
8773386
8783441
8805587
8807216
8816140
8819389
8825332
8826269
8827433
8833564
8833564
8835858
8846787
8851064
8853991
8854624
8857315
8860809
8865763
8880039
8883574
8888173
8895109
8902921
8905937
8915316
8919545
8927546
8942642
8945459
8947857
8949615
8955421
8961069
8962729
8964606
8971869
8972765
8977437
9006832
9014694
9025455
9062741
9080099
9103381
9117635
9118572
9118816
9119889
9124683
9127172
9133589
9134642
9135912
9136093
9145918
9151428
9151630
9155222
9166277
9168607
9171020
9174135
9174363
9177907
9183964
9189619
9204814
9205442
9209744
9226793
9228657
9234965
9235068
9237829
9237944
9239178
9247073
9252724
9259699
9266025
9270075
9278317
9278792
9281615
9282748
9282847
9288949
9310028
9310795
9316158
9330518
9333620
9346974
9348134
9352997
9353874
9356979
9366462
9369916
9377760
9378946
9380501
9383028
9392941
9395589
9406401
9420074
9420321
9428973
9428982
9434105
9438318
9444428
9460905
9463556
9464758
9469640
9478988
9486937
9489933
9490288
9490594
9519189
9523178
9533916
9534227
9534690
9538150
9538208
9538380
9546736
9561512
9561637
9565950
9592306
9594091
9606423
9611786
9615336
9617496
9622878
9632902
9643980
9645561
9663565
9664743
9665274
9673458
9674574
9695407
9698136
9699917
9703834
9716277
9725849
9731609
9744727
9749342
9751994
9753804
9755449
9755715
9759414
9762852
9764172
9770292
9798712
9800926
9803902
9809033
9821549
9822915
9829958
9841021
9845868
9858939
9876860
9885747
9888106
9890092
9899208
9903900
9906723
9908580
9920973
9926775
9930136
9931654
9933737
9933750
9934657
9934721
9941340
9949037
9957746
9957746
9959811
9968162
9970072
9978763
9979569
9997297
9999414
