953
1917
15250
17037
18467
28179
32247
38516
43859
46457
53111
53996
62042
64221
65568
79296
84950
97397
98789
100359
102750
106374
108112
109354
110951
111573
112236
116589
117829
123374
134632
135340
135909
136179
141020
141074
143527
146093
149217
155440
159808
160127
166503
168336
175682
182495
186617
190014
191515
196561
201918
206787
212329
218982
220025
220903
227531
227886
230941
231561
236626
238447
243682
247857
251355
252433
253946
255852
264443
266449
268182
273790
276011
279552
282993
283604
283846
285463
287537
295192
298052
300800
302715
307572
315090
317064
319203
319779
322081
323030
328928
334735
342014
348365
348535
358242
358823
363255
370245
370753
373728
377587
387522
387963
388365
388707
399611
402731
411036
413479
413977
434460
437408
446404
454491
454729
456638
456649
458510
458546
469384
474277
475836
477621
481882
485828
490113
492630
492639
494537
498240
500446
505469
520039
527482
530073
533204
533800
537266
541741
546315
549256
549393
558012
558396
565956
579521
580822
586608
591012
595244
599831
601303
602708
604985
605953
606062
606448
609633
612935
616509
617345
618425
624145
630529
632936
643898
652118
656252
656297
656720
661897
662944
665387
665444
667465
669340
672493
675718
681230
683084
690288
692286
698549
700714
700920
701939
702004
703789
711290
719770
721913
722396
726572
731735
734513
739934
742871
749341
763215
766142
768222
771504
772166
773052
774610
775860
781758
784177
784466
784489
793535
794904
801173
805499
806737
807184
810011
815140
831884
836127
839038
848755
856152
861477
869697
869876
870381
871246
876264
880761
883261
889637
890438
891132
900255
903245
903790
905201
916971
918389
924377
925219
926409
929965
930647
931092
939364
940530
942036
946140
950876
951654
956443
961682
964896
966267
980071
994338
1000245
1000428
1001227
1002162
1003518
1004409
1004747
1005142
1005244
1021611
1026594
1034428
1042767
1043025
1044281
1048197
1050581
1052933
1054088
1060185
1060970
1072610
1077489
1078146
1081860
1089497
1096719
1097925
1108115
1115514
1125166
1128703
1130254
1137851
1138402
1139717
1139799
1144875
1149481
1151030
1158107
1169177
1173066
1178948
1184686
1200933
1208388
1218436
1219983
1223986
1233197
1247272
1251861
1252560
1257184
1259993
1260072
1261561
1262294
1270564
1274832
1282590
1283481
1284939
1287147
1291852
1297880
1303996
1311893
1314911
1319884
1332283
1348289
1348679
1350396
1351802
1355613
1361260
1362551
1363097
1367126
1372369
1377466
1380245
1381143
1386431
1400610
1400964
1404248
1404589
1405836
1413198
1417712
1420000
1420980
1423261
1426271
1427232
1429261
1444587
1445286
1453830
1455119
1466111
1470650
1472766
1475936
1480308
1481841
1485231
1486973
1488672
1498513
1500511
1501372
1504566
1505205
1508672
1508715
1509226
1510952
1513598
1517737
1521533
1527862
1547770
1548091
1548574
1548885
1550808
1551733
1552963
1553225
1570415
1573115
1575103
1578998
1581140
1582137
1585916
1586121
1591028
1594194
1595084
1598474
1598947
1601792
1621274
1622886
1626785
1636207
1637247
1637568
1643920
1644225
1646825
1648507
1656886
1664160
1664473
1665613
1666205
1675104
1685227
1690929
1693795
1697512
1698373
1702053
1704880
1712628
1718463
1727666
1728264
1729349
1734901
1736277
1736445
1741433
1767646
1771128
1782302
1786128
1789595
1789902
1794048
1798282
1802725
1817286
1817541
1834331
1839153
1839244
1840836
1841418
1849807
1857058
1861773
1863084
1866213
1871402
1876437
1879370
1880989
1881571
1883446
1886022
1886913
1887288
1888819
1892121
1902475
1907998
1917326
1920563
1921732
1924153
1924624
1925094
1926829
1934491
1934762
1946068
1946214
1948857
1953542
1955393
1956417
1969304
1969714
1973955
1998737
2000026
2000332
2000827
2012525
2016356
2016928
2017144
2023450
2026610
2029585
2029921
2031944
2036852
2039163
2041939
2049481
2051439
2056930
2060017
2067122
2077688
2078251
2086066
2086364
2087574
2089383
2094356
2095616
2096794
2101838
2102331
2107800
2109158
2117709
2118520
2118732
2120660
2124345
2126630
2132371
2135067
2138677
2139435
2143500
2147854
2152750
2166610
2167635
2181519
2184985
2186730
2200552
2202944
2204069
2204968
2206922
2207863
2207920
2208187
2209869
2213786
2214896
2217524
2218585
2220227
2235224
2237271
2241511
2251080
2257328
2263690
2267480
2282753
2291425
2295922
2326646
2329174
2331376
2331445
2332653
2340519
2341776
2345613
2346063
2347628
2352264
2355785
2359934
2360817
2365179
2375654
2383966
2386826
2388403
2388955
2389730
2391318
2393227
2397619
2400668
2403647
2413936
2422297
2427132
2442000
2442604
2442689
2446745
2448013
2448441
2454342
2456002
2458778
2459846
2461848
2464543
2474753
2484415
2485881
2487500
2490772
2495351
2506394
2508882
2511406
2511590
2513040
2523681
2523916
2528294
2529870
2531908
2532877
2535870
2536558
2545285
2556167
2558175
2558328
2558670
2567506
2574483
2580496
2583697
2587845
2589551
2593415
2598354
2598607
2600372
2602759
2604608
2605545
2607762
2608226
2608696
2612165
2614285
2621495
2625535
2648803
2650785
2653676
2656383
2657089
2657216
2657412
2657624
2660015
2662302
2666080
2678160
2683257
2686635
2688288
2693085
2701032
2709619
2709706
2713270
2717423
2720104
2721732
2721837
2726684
2728553
2736602
2739521
2744648
2747631
2752634
2753922
2756484
2756868
2759170
2760921
2760960
2762033
2762408
2763141
2765627
2766521
2767855
2770877
2771856
2776822
2779936
2790888
2791885
2792317
2799641
2804208
2807938
2814886
2820706
2826446
2835739
2838963
2846184
2851238
2857795
2864015
2874506
2874514
2875739
2892530
2892961
2896650
2898701
2901695
2903157
2909662
2915477
2936850
2940689
2944621
2952242
2957570
2958439
2959876
2963756
2972741
2982097
2984748
2987774
2991171
2994130
3000841
3001405
3007351
3017622
3018476
3026618
3027393
3031672
3035836
3036225
3040557
3040896
3046433
3046988
3052663
3054169
3056822
3058385
3066387
3068707
3070784
3077958
3082334
3084418
3089189
3093442
3094654
3096430
3097372
3120109
3122081
3122591
3126997
3128345
3131981
3133015
3135028
3136732
3144081
3144701
3154672
3157093
3157793
3160178
3163525
3176858
3185397
3185397
3186437
3188747
3190697
3196001
3196365
3198220
3205291
3205680
3206769
3207178
3210934
3215498
3216550
3220235
3225305
3226305
3231134
3233649
3235472
3236832
3237984
3238640
3239015
3242381
3244757
3250989
3264534
3264987
3265995
3269419
3272818
3273161
3274063
3274871
3281550
3282189
3290107
3293501
3294539
3296511
3296785
3299608
3300571
3312526
3313155
3324760
3331852
3333075
3335639
3337074
3341989
3344102
3344683
3346971
3347485
3348704
3349664
3357791
3359135
3361733
3361935
3370314
3372270
3374268
3375340
3375624
3380855
3381932
3383832
3392666
3395387
3400210
3401278
3407457
3412623
3424255
3431651
3432546
3433947
3435172
3437181
3437370
3446098
3447942
3448524
3448624
3451963
3452808
3454153
3456070
3460594
3461682
3461721
3466356
3466587
3473403
3474733
3475831
3479631
3480619
3482193
3486006
3487060
3487333
3489106
3491011
3491632
3493253
3495652
3496510
3497009
3498202
3500139
3508033
3510193
3512379
3514209
3520563
3521261
3521881
3523735
3529703
3530761
3534999
3535503
3535887
3536205
3536864
3538110
3554449
3557356
3567999
3571827
3572423
3577284
3580330
3587786
3592590
3593149
3597603
3598952
3600127
3601689
3602017
3604241
3614619
3615642
3616485
3616636
3620583
3620806
3624691
3629985
3632014
3632848
3635964
3638908
3649747
3653528
3655479
3671757
3675117
3685285
3686869
3690250
3693914
3694756
3699438
3702549
3709049
3712349
3719356
3722752
3744620
3746103
3749129
3752245
3762798
3766796
3768448
3770078
3771302
3774521
3776529
3780944
3787743
3791936
3795161
3795774
3795950
3797521
3800648
3801982
3802948
3803892
3805874
3806050
3807349
3809410
3817308
3820245
3823434
3831843
3836112
3839908
3840992
3842376
3843529
3844425
3848118
3849215
3854470
3863299
3864899
3872406
3877394
3899382
3903178
3905061
3912041
3914154
3914174
3916140
3919114
3919915
3921115
3923324
3924669
3927182
3927598
3932778
3937840
3939545
3949003
3959100
3970517
3970705
3971515
3979634
3986769
3988174
3988263
3999739
4000114
4001396
4003150
4006689
4006780
4015943
4019604
4029202
4034241
4035968
4049016
4050005
4050350
4061050
4064921
4070924
4074835
4075907
4077113
4081642
4090559
4094533
4100328
4102626
4107008
4108271
4109546
4115052
4119834
4123469
4131586
4131606
4134097
4135501
4137372
4151667
4155643
4157316
4161849
4162939
4166999
4176731
4178479
4183400
4187963
4189468
4193930
4194031
4194053
4200743
4201375
4201728
4213181
4218648
4220974
4226721
4229037
4231138
4231190
4231712
4233992
4234864
4235631
4242146
4246394
4247403
4255501
4268299
4270104
4271608
4274797
4282606
4284345
4289083
4290447
4296836
4297847
4300784
4305941
4306320
4313328
4326992
4334292
4337849
4343306
4351912
4356457
4358894
4380457
4388957
4389604
4392103
4393922
4394658
4395384
4395699
4405018
4406542
4408129
4408334
4416426
4422205
4423685
4427319
4427592
4427943
4429930
4437657
4442662
4449097
4449610
4454861
4455353
4456729
4457775
4466321
4472404
4483807
4485701
4489074
4489453
4503908
4504879
4506973
4512017
4515954
4516859
4521282
4526701
4531914
4533952
4534132
4538510
4544518
4547483
4559099
4559578
4561266
4564854
4568428
4569532
4573047
4578402
4584921
4586146
4589885
4593248
4593264
4594895
4602297
4609358
4627385
4647788
4648247
4654777
4654808
4661704
4663199
4665508
4669498
4670336
4670563
4671228
4671792
4673121
4677260
4677284
4687032
4688425
4689055
4692736
4699207
4700952
4707341
4708661
4713922
4715918
4718826
4721481
4722848
4724676
4727244
4728868
4732835
4733389
4739096
4739964
4741859
4742945
4744089
4747947
4752719
4753175
4755086
4755877
4756080
4763621
4768559
4775035
4783767
4789488
4796050
4796313
4796681
4797653
4811201
4815975
4818359
4824773
4828956
4829782
4832237
4834820
4836698
4838229
4845639
4852041
4858251
4862521
4864630
4869740
4870052
4872172
4876958
4880289
4882014
4891475
4892538
4899398
4901060
4905302
4909453
4910108
4914146
4918576
4923756
4924896
4927238
4928256
4930217
4935815
4937919
4938835
4939226
4946444
4950137
4952688
4952715
4955304
4970654
4974376
4975378
4988320
4990019
4994653
4999761
5008673
5009103
5021288
5024331
5026242
5032821
5038576
5045072
5045412
5051562
5057671
5060271
5063428
5071090
5085601
5089878
5093269
5101380
5107189
5110294
5111429
5111850
5113813
5114489
5115244
5120337
5122310
5123397
5128712
5131230
5142210
5144577
5155228
5159803
5162419
5163363
5163714
5166125
5172338
5177124
5177507
5178629
5181516
5189745
5191516
5193444
5205858
5206713
5206845
5217241
5221458
5226539
5230261
5236537
5238105
5240383
5242476
5245642
5247060
5251093
5253418
5263417
5271637
5275608
5278058
5281628
5286451
5301635
5304792
5309954
5313430
5315220
5318492
5329345
5329600
5332388
5334744
5335159
5335260
5338465
5349530
5368141
5378647
5379678
5380411
5387269
5387927
5388056
5389747
5391162
5400444
5409364
5420912
5423253
5428807
5429623
5430665
5438864
5440343
5448475
5458689
5462935
5469560
5470388
5482669
5486139
5498615
5503509
5511853
5517856
5525553
5525819
5533676
5533843
5540264
5540842
5541453
5550291
5563938
5566577
5577689
5582541
5587379
5588463
5592008
5592264
5592710
5594659
5597857
5606819
5607246
5617823
5623162
5627809
5630601
5631926
5636096
5637509
5639020
5646161
5662491
5666804
5669976
5678130
5679142
5682239
5684927
5685818
5688385
5690439
5693220
5697369
5697466
5711022
5717620
5717725
5720199
5723573
5726750
5735998
5744310
5748275
5750932
5760487
5760713
5764781
5766341
5770897
5771386
5783234
5783953
5790660
5796481
5801925
5804302
5808761
5809094
5809574
5815423
5815952
5821521
5822925
5825817
5831031
5831466
5840767
5844635
5850483
5860051
5863352
5872580
5875194
5881852
5882726
5884113
5891792
5891932
5893765
5894204
5903593
5907317
5910344
5913939
5916185
5917312
5920046
5927636
5927688
5930033
5933878
5938473
5939862
5942051
5943536
5945302
5953744
5957909
5964211
5964368
5976679
5976942
5983371
5985114
5986107
5991777
5992296
5993044
6001356
6010279
6011627
6017159
6066985
6080695
6083082
6083350
6084598
6087838
6088859
6091852
6094416
6095528
6107343
6108037
6108684
6116833
6118145
6122803
6123199
6124819
6134821
6144995
6151872
6152850
6155976
6169384
6171300
6175437
6184258
6186042
6195763
6195870
6201165
6202137
6206495
6206551
6207416
6211289
6226196
6229254
6237677
6248792
6249954
6250266
6254063
6255847
6257102
6262813
6264663
6273967
6280874
6285186
6287867
6290845
6292511
6293408
6295589
6295887
6299044
6300493
6300510
6301121
6307501
6313011
6313928
6320920
6320961
6322711
6323273
6324062
6329795
6331231
6333787
6333893
6336022
6338375
6347150
6347343
6350996
6351701
6352059
6353584
6355828
6355854
6358037
6360070
6362227
6363161
6364707
6366439
6366811
6367606
6369029
6372929
6379128
6382003
6382181
6387100
6387877
6395312
6395813
6405916
6414274
6415737
6415892
6417519
6418263
6423053
6424292
6427636
6428010
6436394
6439203
6439872
6448191
6460385
6463183
6470185
6477427
6481590
6490956
6493884
6494432
6494497
6494664
6496109
6496217
6506949
6508491
6513526
6520732
6525920
6530867
6532042
6534517
6538633
6552603
6552764
6554267
6554675
6555234
6555990
6559919
6574366
6579190
6581354
6587044
6587212
6591748
6597254
6603833
6611264
6618213
6625664
6626378
6637741
6638228
6646224
6650879
6655875
6657380
6661793
6662301
6665697
6667927
6671565
6674361
6677468
6678320
6683764
6685853
6687382
6688565
6689310
6692541
6693491
6695039
6697261
6700655
6708259
6715757
6718412
6719726
6722530
6727781
6732342
6732740
6736863
6736889
6737194
6739454
6742432
6743525
6746173
6748227
6762355
6763790
6764404
6767700
6769561
6769880
6779562
6787969
6792799
6795397
6807727
6808056
6817667
6818834
6824047
6825715
6826840
6830577
6831141
6833520
6842101
6845190
6847711
6856802
6862835
6865058
6866861
6872250
6875184
6877301
6878294
6885124
6890612
6892587
6893547
6901933
6907914
6911448
6911675
6914622
6922984
6923319
6924995
6926101
6927119
6939325
6955700
6958298
6962864
6969604
6974277
6977593
6979551
6980026
6983406
6985356
6987520
6987607
6995420
6998938
7001498
7006368
7010556
7010867
7011395
7015464
7020364
7028486
7029082
7045529
7046554
7053414
7059365
7061279
7073833
7076468
7077943
7077961
7078079
7085921
7086624
7086750
7087218
7094863
7100307
7110865
7113202
7121097
7121258
7122221
7125576
7127494
7138394
7141118
7142362
7145702
7149256
7156937
7168872
7172827
7178410
7180560
7191929
7194920
7197844
7202296
7202983
7204282
7207326
7211248
7215407
7220276
7224192
7226149
7230752
7235399
7235603
7236971
7241442
7247298
7248006
7250612
7258214
7258696
7259529
7261708
7265151
7266377
7268996
7273440
7276005
7285399
7285463
7288051
7290880
7294856
7308609
7313656
7313668
7313800
7324558
7342106
7344676
7355108
7355127
7355570
7367862
7373896
7375706
7385384
7386113
7390625
7411548
7416987
7421753
7425361
7430258
7443333
7443343
7447846
7451119
7459089
7472453
7474054
7476104
7476463
7478674
7489533
7503147
7508930
7515940
7524188
7527480
7531398
7534150
7538385
7541578
7543492
7552988
7563881
7567722
7573201
7577358
7584524
7591085
7592980
7594105
7594593
7595422
7604340
7605833
7608046
7609951
7611306
7612162
7612479
7613346
7617577
7618969
7628443
7631372
7634943
7635014
7641059
7641547
7644600
7645794
7649398
7649949
7656600
7656981
7660059
7661340
7661589
7662949
7666617
7680766
7684624
7690329
7694651
7702310
7702394
7703103
7705308
7706496
7709275
7715534
7731679
7750372
7750525
7752834
7753664
7779889
7782270
7805666
7818718
7827476
7831912
7833936
7835663
7838754
7843761
7844090
7850937
7851810
7852953
7856636
7857205
7864941
7864957
7869093
7879468
7879587
7889614
7901016
7901775
7907169
7911662
7914715
7938259
7938452
7938544
7940264
7948994
7950954
7953982
7956877
7961116
7962537
7971055
7975367
7979489
7982938
7986761
7988881
7992308
7996978
7997971
7998493
7998998
7999279
7999322
8004666
8010681
8011184
8011226
8013720
8018211
8021434
8024713
8026975
8038400
8039495
8040926
8042918
8044509
8047744
8054456
8057512
8058155
8064193
8068476
8080632
8081161
8085549
8086209
8086925
8088837
8093435
8096000
8099502
8101810
8104115
8104998
8117718
8118282
8120643
8122416
8126855
8132416
8143556
8148102
8160539
8165425
8166646
8166739
8169252
8171466
8176835
8178080
8179897
8185867
8190985
8191633
8192471
8198995
8199503
8200309
8200962
8225896
8234113
8235341
8237783
8241145
8251781
8254742
8257183
8259622
8262018
8269015
8270089
8272839
8275505
8277374
8277520
8278415
8284841
8288035
8292670
8292878
8301446
8306711
8307325
8307831
8310444
8317351
8317519
8318100
8319090
8319312
8325920
8326635
8326939
8329654
8329773
8331172
8335022
8341941
8342725
8363891
8368976
8370645
8376865
8380612
8381343
8385651
8385906
8389800
8399179
8399991
8401413
8402422
8412377
8414023
8414304
8416252
8418691
8420072
8422020
8426159
8429551
8431389
8436405
8438570
8440354
8451075
8458393
8465924
8466872
8466979
8467923
8468570
8469720
8473279
8476930
8481529
8491735
8493639
8495030
8496927
8503844
8506235
8514034
8515817
8520887
8523287
8528926
8538571
8545259
8549504
8551156
8552375
8553764
8562837
8567541
8568138
8568424
8569381
8584735
8587032
8587669
8588022
8592270
8600081
8600145
8602766
8602929
8603680
8608196
8615504
8617846
8627572
8632168
8634076
8634772
8639761
8640796
8647712
8649061
8665052
8672961
8674261
8676432
8676582
8684023
8684449
8691798
8694478
8695932
8710644
8710938
8715632
8718526
8719444
8719991
8725422
8726130
8728003
8731245
8735614
8737548
8738271
8739462
8750738
8755378
8760541
8762146
8764523
8765529
8766681
8766782
8768021
8768508
8768933
8773687
8774485
8782178
8786418
8786882
8789940
8791520
8808099
8812231
8813617
8814427
8827617
8828937
8829908
8830394
8838875
8844571
8846311
8873515
8879562
8880142
8881734
8882742
8886682
8887609
8889545
8898182
8903568
8918238
8939864
8940594
8941635
8943668
8945729
8952510
8965805
8970189
8971903
8977143
8979610
8982135
8983263
8986783
8989403
8992481
8998179
9002059
9002322
9008959
9011061
9016390
9026561
9027254
9037368
9038872
9041127
9044546
9047043
9054060
9064272
9065523
9065633
9069789
9073052
9074371
9079238
9079812
9085669
9087560
9091301
9093223
9098865
9098975
9099591
9103370
9111015
9112967
9113035
9116924
9118380
9125379
9129816
9133536
9134274
9144209
9147278
9148789
9151126
9152207
9158166
9161223
9164314
9165789
9166772
9167462
9172669
9179149
9183638
9184996
9185134
9219291
9227491
9233402
9233942
9235513
9238543
9240279
9241600
9247418
9251777
9254571
9254972
9270511
9271594
9272447
9275283
9277379
9277446
9279305
9281636
9284781
9285141
9287539
9289722
9291292
9291637
9301659
9302190
9308466
9311321
9312463
9312869
9324342
9327419
9346622
9355074
9355900
9369127
9373867
9375002
9377606
9383178
9386832
9394540
9399185
9403053
9404348
9404807
9405559
9407584
9408918
9425992
9426827
9435308
9435585
9436432
9436681
9443328
9462207
9465911
9467688
9469437
9471602
9471785
9479662
9481770
9487725
9490157
9500709
9501080
9512227
9513169
9514532
9514718
9515551
9528712
9531498
9542505
9544694
9546140
9555383
9559012
9562400
9571307
9571315
9583535
9591525
9604479
9605480
9610034
9613598
9613645
9622047
9622627
9630202
9632626
9636337
9642187
9645308
9645310
9645351
9645719
9646599
9648862
9649190
9655768
9656455
9656532
9657075
9664449
9674812
9675696
9677834
9683756
9687849
9689345
9695314
9696439
9696608
9697146
9699388
9703558
9703677
9710655
9715139
9716348
9720652
9721398
9724727
9725053
9729656
9732777
9738521
9747428
9748691
9752752
9752763
9755201
9758590
9763970
9771523
9785971
9786411
9792333
9793054
9793228
9799188
9801131
9802816
9807084
9809829
9816772
9825110
9840304
9844079
9844755
9851959
9853173
9858497
9858593
9862885
9864554
9864857
9866508
9870057
9880622
9883209
9891584
9894047
9898097
9900768
9910674
9916262
9918669
9920618
9922404
9925304
9929533
9942452
9944196
9945170
9945339
9950676
9951809
9953948
9955271
9959211
9961622
9962987
9978603
9983113
9986323
9989033
9989861
9992346
9995489
9997149
