14803
19704
23583
24713
26357
34057
36407
43593
44441
45201
46858
47709
66587
69936
70917
71738
77843
78530
81841
82933
90596
95198
96515
97705
103324
110213
111729
118283
120878
121711
127002
133921
135146
138699
146630
152893
153029
154723
154974
155723
160733
161522
162792
170501
173614
190198
191453
191911
196082
205787
206055
212376
213327
214903
224775
229618
233593
238843
239525
242849
243443
244344
252648
256596
258099
264977
265453
267767
269864
279154
292072
296752
297243
298185
298366
299417
307641
313509
318645
321477
332163
333120
336138
340478
341969
343636
347346
347561
350395
351053
356204
373096
373291
379329
382131
384371
393204
401105
401573
406176
407569
408205
409386
409642
415262
420149
426721
427907
428763
434384
439058
441480
463082
471037
473266
475275
475836
478978
479867
486669
494689
496465
496839
497262
501236
503409
505199
506576
507679
509692
520971
530263
532412
534840
541092
541607
548380
558706
559228
563673
565608
566714
569295
574207
574696
575169
577061
577295
577980
579137
591382
597441
606393
606448
613169
642068
647650
654397
654403
654530
655571
655837
660994
665929
669421
670401
671566
673348
676705
689592
696874
698385
702747
703290
708742
708957
717443
724151
727408
729465
730716
736662
739014
748814
761136
764373
769071
772477
774177
774651
775822
790836
792717
793170
794120
796278
798036
798676
814181
817740
825231
833476
834086
838291
848981
849532
854190
857484
864765
871127
877579
878639
880079
880243
886371
889688
897168
898936
903492
904919
906288
907181
913652
914410
914562
922512
924431
926514
927105
937233
937876
938471
939928
941804
943246
943983
946442
947028
948122
967437
975660
979780
983837
987063
989230
992423
995884
996603
996951
998856
1001184
1001230
1002779
1006487
1009457
1011935
1014357
1019417
1025434
1025822
1026682
1030859
1040129
1040653
1041492
1043061
1043140
1052913
1057055
1058135
1061063
1065316
1065757
1066360
1067169
1070877
1073919
1085240
1085857
1087813
1088336
1091813
1101306
1102335
1103409
1115756
1126157
1133114
1134795
1138270
1141009
1147190
1147666
1149446
1150946
1153113
1153932
1162468
1163058
1163223
1167644
1171587
1173355
1174172
1174262
1189979
1193816
1196331
1197312
1200437
1212499
1213982
1214897
1218900
1222180
1224693
1227116
1230925
1234029
1240024
1243232
1246215
1254502
1255374
1255591
1256050
1264163
1268833
1278281
1281498
1284609
1287265
1298905
1306037
1308278
1309954
1341862
1342878
1345480
1356400
1366269
1367923
1376109
1380271
1380741
1383819
1392881
1396622
1397642
1399171
1399556
1419787
1423194
1442256
1447119
1454006
1460235
1463133
1468118
1472559
1473831
1474125
1478810
1481764
1482374
1485755
1488922
1490499
1491615
1496399
1504411
1507044
1511940
1512224
1513729
1514754
1516677
1529692
1533825
1549886
1553690
1559822
1563588
1564374
1568372
1572045
1578471
1579136
1584062
1590180
1598409
1604281
1604343
1615893
1616590
1616788
1618611
1619088
1621254
1631603
1636288
1638803
1642879
1644829
1648016
1658465
1660654
1682077
1683891
1691355
1695544
1698074
1700830
1701665
1703320
1705172
1706326
1715127
1718820
1720288
1720445
1723864
1725484
1727649
1728246
1734550
1734746
1735746
1738960
1745206
1758616
1759952
1762128
1771725
1772711
1776001
1781485
1786739
1788101
1792479
1799538
1800819
1808212
1815720
1815936
1823451
1838940
1846604
1858063
1858631
1863509
1863658
1871360
1872173
1873323
1874104
1875256
1878046
1883129
1885399
1886826
1888061
1888609
1889620
1892450
1896200
1903181
1903921
1905953
1909444
1909867
1911047
1914672
1916528
1919589
1927559
1930258
1933629
1943143
1943984
1944193
1944982
1950451
1956595
1963157
1970280
1972968
1973403
1981334
1982706
1987683
1988146
1989506
2005287
2020930
2028143
2033802
2041383
2044574
2046992
2050895
2055640
2057463
2059938
2061286
2068156
2072284
2073113
2074001
2074279
2096317
2106497
2111088
2112469
2113192
2115195
2115230
2116033
2118010
2121001
2126339
2129543
2130310
2132581
2135720
2139678
2156206
2159824
2165697
2173406
2178229
2179488
2186383
2191801
2215448
2219336
2227613
2230564
2239532
2240256
2243644
2246379
2247206
2247902
2248309
2268977
2276436
2286849
2296253
2305786
2308317
2310419
2315429
2326096
2326320
2328967
2330507
2339229
2339382
2343799
2346656
2349532
2350682
2353095
2355939
2358037
2360500
2362300
2364880
2365500
2365952
2366984
2367599
2371306
2375657
2377139
2380735
2382113
2384849
2385794
2391235
2391696
2392299
2395881
2395914
2403189
2403839
2407779
2409151
2418160
2421041
2427261
2428586
2433753
2436295
2440510
2441550
2455804
2456347
2457978
2458493
2463575
2464871
2465351
2465613
2466355
2467167
2469866
2472958
2478557
2482624
2491154
2491445
2493217
2495932
2496555
2497867
2499773
2509678
2516825
2517798
2519328
2525911
2528225
2528341
2529559
2542072
2542127
2545848
2547763
2550119
2554161
2564223
2570557
2571708
2584824
2591498
2591780
2599907
2623022
2628196
2628890
2633189
2641768
2644219
2645928
2647805
2660896
2661665
2667118
2668662
2671766
2681491
2683831
2693111
2696958
2699554
2700582
2706280
2706335
2710214
2713110
2714019
2724783
2727511
2730113
2740585
2741602
2744151
2745643
2748231
2749672
2751046
2751057
2753003
2756618
2761206
2764474
2769375
2771345
2773938
2774683
2776639
2783799
2784065
2798269
2807075
2815496
2817489
2818322
2821620
2822032
2823103
2823441
2826038
2832890
2841352
2843641
2855520
2858445
2862620
2869507
2875119
2892259
2892723
2894156
2898512
2901101
2902120
2905289
2909607
2911062
2917450
2917586
2917599
2922609
2922833
2930574
2931494
2933612
2935683
2939355
2942781
2953707
2954244
2957542
2972361
2973784
2976191
2977733
2983499
2986506
2996719
2998724
3001206
3009487
3010959
3011122
3012024
3020069
3021411
3026103
3027689
3031004
3032997
3034171
3036513
3043435
3058503
3064298
3067841
3074898
3083574
3085395
3088313
3092021
3097879
3099105
3101260
3102867
3110938
3112149
3112639
3116375
3120213
3124117
3125836
3129051
3130038
3135784
3142008
3142603
3144064
3152359
3153105
3156365
3159878
3163078
3180802
3190515
3195348
3196737
3207470
3217342
3217508
3219312
3225172
3226658
3229741
3230519
3234109
3243041
3243450
3248876
3252856
3253268
3257433
3262405
3264982
3272501
3277393
3277751
3278199
3279073
3287717
3288510
3298165
3302808
3308999
3311869
3314054
3324191
3332149
3336957
3340215
3363338
3363728
3364176
3375451
3376720
3381135
3381183
3397832
3398632
3407034
3412058
3424457
3426278
3427182
3429762
3430279
3436690
3436854
3439004
3441528
3444840
3444968
3448058
3452208
3455811
3456843
3461494
3476518
3483042
3486335
3491312
3492395
3493102
3497991
3500871
3502889
3506765
3507322
3513016
3513676
3519516
3520629
3521770
3523842
3526906
3533517
3538157
3541708
3544424
3545154
3547071
3549227
3549415
3549421
3555346
3558487
3563594
3564470
3567230
3567974
3572086
3577412
3580558
3589746
3594488
3595881
3600680
3602746
3613367
3632300
3639651
3641949
3643794
3645619
3649794
3651905
3654351
3657541
3659519
3665814
3666175
3675729
3680445
3680745
3683627
3691295
3692259
3693977
3694615
3702742
3704938
3705574
3711246
3716416
3717869
3722273
3724659
3736363
3736940
3736956
3741483
3745801
3749377
3763979
3775729
3782566
3790237
3791262
3796184
3800050
3802295
3810997
3827395
3830097
3840125
3840139
3847380
3850633
3853068
3869405
3874079
3888927
3888939
3896785
3899432
3903524
3907423
3908015
3908175
3912032
3921596
3927976
3929401
3933326
3935865
3936493
3937171
3937400
3942013
3947565
3949492
3960704
3962172
3970245
3974586
3974863
3975291
3978256
3979114
3981547
3985236
3994928
3998824
4006961
4009148
4010524
4011366
4013877
4023720
4027682
4031239
4036656
4038579
4044594
4045245
4047942
4052429
4054269
4062630
4066061
4077787
4083551
4083687
4084287
4084859
4084970
4091731
4102581
4107169
4109099
4119380
4126747
4129405
4134242
4137163
4138893
4147819
4149284
4154096
4154448
4154839
4160992
4171869
4173178
4179810
4179873
4181495
4186197
4191396
4195305
4199280
4209188
4209752
4214770
4216260
4222032
4229498
4237885
4239404
4244732
4260924
4268298
4269864
4275265
4279757
4283430
4285170
4286559
4286775
4288239
4296284
4299374
4299574
4306576
4319908
4325902
4334170
4334812
4335281
4335842
4336620
4340836
4344354
4344485
4347159
4363882
4371538
4376326
4385475
4385757
4386327
4386761
4390047
4390923
4392053
4392541
4394336
4396904
4397448
4397531
4406743
4415548
4418222
4421891
4423958
4428932
4433293
4438804
4442777
4443570
4447404
4451297
4453741
4456479
4457214
4461714
4472027
4474701
4486958
4493557
4493734
4496303
4499630
4514794
4522702
4533099
4540110
4540131
4540725
4544045
4551722
4564783
4566616
4567757
4574452
4576884
4583843
4588026
4590618
4591911
4599844
4602196
4604692
4608021
4612015
4613889
4617947
4625559
4626902
4629724
4634878
4641598
4642772
4642885
4643825
4646574
4652261
4652723
4653296
4659094
4661170
4663153
4663253
4668796
4672444
4687068
4687932
4689896
4689916
4693432
4694140
4701089
4704931
4705436
4709668
4711083
4720863
4723163
4735911
4736244
4743301
4746636
4749431
4769369
4770099
4772980
4781384
4781479
4789987
4799172
4800260
4803605
4803998
4807555
4812762
4818876
4819117
4822073
4830780
4831177
4832469
4833399
4836786
4841148
4843206
4846278
4847485
4854819
4859090
4859312
4862716
4863343
4871201
4876671
4876765
4878911
4881325
4891421
4892591
4901346
4910954
4912241
4912397
4914502
4925527
4938241
4939272
4944412
4947645
4947910
4951629
4963813
4968414
4970369
4989842
4999723
5003524
5009945
5020101
5022564
5033041
5039301
5043735
5043859
5047831
5050459
5054321
5055452
5055531
5055751
5055950
5073135
5073263
5084275
5086443
5091347
5092739
5093728
5102076
5108858
5110989
5111289
5112766
5116279
5124578
5131382
5135036
5137413
5138366
5148302
5150668
5157704
5160107
5162583
5168886
5172580
5182355
5184143
5191231
5197738
5199013
5202179
5210847
5213054
5214749
5215638
5218189
5219486
5222690
5228991
5231798
5232986
5237076
5241947
5270371
5271646
5273895
5275949
5279195
5295961
5296235
5300707
5301570
5301909
5303263
5303348
5305880
5306043
5312969
5317536
5329169
5329884
5330183
5330884
5335628
5337107
5340850
5351929
5354122
5357802
5365168
5366883
5371650
5371799
5385477
5395654
5401482
5404847
5417006
5419663
5420289
5422850
5425467
5425649
5439097
5443181
5450638
5454086
5457246
5457617
5466387
5476087
5478577
5481171
5481514
5481807
5485340
5487624
5494694
5497090
5498551
5503284
5504252
5504261
5514009
5514547
5514842
5522461
5531212
5532337
5533333
5537170
5546936
5547155
5564564
5592393
5592987
5597160
5604645
5606188
5615762
5619261
5621796
5624351
5628585
5629112
5629251
5636995
5639894
5649711
5661235
5661267
5665372
5668125
5671692
5676745
5678379
5678639
5683038
5685364
5690418
5696836
5705897
5711300
5720094
5724260
5732823
5733794
5736415
5737651
5746962
5748164
5748695
5754382
5756217
5756395
5765193
5766385
5771569
5778757
5783347
5792718
5796266
5800762
5802589
5802621
5810896
5812457
5812801
5815156
5822595
5829568
5830426
5832682
5834402
5845989
5857939
5861489
5861572
5878243
5884660
5887622
5892208
5893682
5897922
5906902
5912003
5922011
5928942
5937422
5939590
5943666
5944172
5945658
5945885
5948662
5950680
5955561
5958853
5959601
5964264
5964838
5964920
5968755
5969898
5974321
5974965
5979347
5980346
5983948
5988586
5997867
5999034
6000825
6004611
6005928
6015583
6030092
6034084
6034719
6040152
6050596
6051882
6053624
6060064
6065036
6069650
6078832
6079156
6080067
6090438
6094678
6094819
6095654
6102096
6103571
6106156
6106225
6110032
6118503
6120469
6124072
6126569
6140216
6145480
6147410
6147880
6151968
6154525
6157168
6161607
6162225
6174198
6174984
6177705
6178635
6195898
6197551
6198555
6201260
6201517
6203933
6207788
6208193
6211253
6216238
6218131
6218486
6224315
6226789
6226842
6227425
6229108
6245811
6251691
6252100
6254828
6257317
6259066
6259880
6261972
6268890
6270581
6276975
6279746
6282113
6286782
6287251
6288108
6293168
6293478
6316007
6322791
6327119
6335372
6338429
6338696
6340765
6341449
6346884
6349339
6351893
6358681
6360264
6361856
6363197
6373503
6386956
6387397
6391158
6393179
6395754
6398158
6398465
6401585
6409140
6409228
6412058
6413853
6415724
6422948
6428712
6429044
6430422
6433019
6436270
6441045
6443041
6445388
6454852
6458058
6459240
6465694
6480784
6481162
6486737
6491325
6501262
6506255
6510172
6516503
6522511
6523236
6524162
6537537
6541126
6551400
6573381
6575931
6577205
6581736
6582619
6582990
6585562
6590709
6605754
6606323
6611079
6613327
6614379
6616385
6616794
6620576
6622243
6629498
6632906
6638929
6645164
6647791
6649977
6666762
6668028
6678014
6680430
6686305
6688226
6689110
6691533
6691872
6692726
6698720
6701699
6704414
6709891
6710650
6716244
6720050
6721624
6723558
6723676
6725287
6732876
6743483
6751701
6752488
6765499
6771735
6772357
6773305
6775786
6777139
6786747
6789924
6791660
6797046
6798513
6800788
6801417
6801721
6804354
6807495
6810339
6812472
6816932
6833859
6836177
6838253
6840904
6845260
6848430
6866211
6866405
6867384
6872630
6882019
6891986
6895412
6904807
6905648
6908863
6911321
6912043
6913040
6918976
6931068
6937151
6939460
6952464
6958790
6963952
6964234
6966377
6967020
6970607
6972527
6972533
6973706
6973976
6975167
6984187
6992397
6995765
6997394
7006875
7007627
7009255
7010114
7014051
7023909
7029162
7029679
7030478
7041921
7059133
7061779
7067583
7072616
7078987
7079234
7081211
7085769
7089175
7091069
7100263
7100365
7100601
7101462
7102081
7106171
7106647
7106733
7107195
7107477
7116742
7122368
7127294
7128522
7129130
7131618
7135655
7139933
7142571
7146167
7153919
7169616
7173155
7174389
7175751
7178141
7181072
7181780
7184669
7185450
7188480
7189439
7191008
7195206
7196565
7198150
7200019
7201201
7204800
7206048
7206528
7209872
7215920
7222204
7229495
7231394
7237965
7239556
7243853
7245437
7246825
7248177
7254070
7258308
7259303
7259424
7263780
7264511
7267652
7272008
7281265
7285485
7285671
7288820
7289658
7291115
7295204
7295277
7296391
7304398
7305034
7314511
7330949
7331309
7331788
7332384
7337852
7345963
7347822
7349959
7352386
7359075
7361623
7368308
7371989
7387967
7389889
7407179
7415635
7418953
7419117
7424139
7432607
7432870
7440899
7446296
7448221
7450443
7453191
7453891
7458499
7466122
7470837
7474142
7476285
7479781
7481935
7482352
7488104
7489514
7489784
7495607
7506506
7507719
7508939
7510803
7511714
7514637
7515014
7525488
7527159
7528223
7528774
7531583
7531654
7533122
7534239
7536823
7537166
7538208
7538616
7540714
7547312
7548386
7555247
7558644
7558931
7559590
7559749
7563588
7567923
7569749
7572272
7574455
7576536
7579081
7579976
7581034
7587099
7589345
7596044
7599243
7600420
7602588
7611582
7614080
7615160
7628076
7638821
7640013
7640336
7648253
7649194
7652797
7653923
7656713
7657908
7661025
7663172
7667273
7670779
7676088
7677452
7679897
7683375
7687441
7700318
7700993
7703255
7708840
7710190
7710866
7712624
7714507
7719914
7721624
7723064
7725041
7727167
7733114
7734682
7737531
7740779
7746220
7754615
7761777
7766327
7768154
7777625
7778072
7781939
7787950
7800403
7803959
7805559
7806526
7810648
7813818
7817987
7819114
7826275
7829509
7836106
7845745
7846405
7848937
7849483
7849885
7857851
7863763
7871293
7873509
7874810
7875575
7879446
7880034
7880451
7889254
7890953
7904123
7907249
7910670
7915180
7921070
7923173
7925592
7935144
7935547
7939009
7943895
7947682
7950074
7953616
7955172
7963199
7965368
7967110
7969536
7976651
7978521
7979195
7982181
7986386
7991236
8000586
8008293
8011965
8017290
8021135
8025139
8027409
8027572
8028698
8038171
8038823
8039966
8041562
8046088
8048429
8056739
8059407
8066112
8066934
8069290
8076409
8078117
8078268
8079629
8081029
8081651
8083206
8084897
8089892
8096122
8098548
8100207
8107106
8111994
8112796
8114063
8117467
8119556
8122062
8124341
8130516
8131653
8132071
8132861
8133612
8137612
8139461
8140774
8147242
8149093
8152371
8152645
8158984
8161806
8164676
8166868
8167632
8181863
8185154
8198684
8198776
8199379
8199796
8200492
8200599
8201395
8204983
8204996
8213047
8213483
8219638
8219942
8226638
8226642
8227396
8235954
8236103
8236111
8236681
8236695
8237189
8239454
8239709
8245381
8247190
8256212
8258646
8260845
8267744
8276781
8278528
8294259
8296865
8297236
8297715
8297811
8298972
8300050
8302805
8308893
8309085
8314630
8316535
8321478
8321620
8323255
8326211
8329447
8331274
8334787
8335348
8336075
8336078
8337987
8338734
8341091
8343493
8344245
8350000
8352187
8353394
8356946
8367405
8367597
8372044
8383031
8393328
8393688
8396654
8398350
8400400
8402194
8402694
8403342
8406937
8408940
8412184
8413228
8415924
8416517
8423544
8429633
8430574
8443096
8443110
8464868
8465908
8466759
8467102
8468544
8470586
8470709
8474619
8476464
8478128
8479563
8480209
8482797
8483939
8493216
8493375
8496492
8507075
8511132
8519882
8531143
8536790
8538942
8539609
8543225
8544842
8549022
8555534
8562463
8569321
8581145
8594146
8595950
8602473
8609484
8616289
8617977
8618994
8621174
8624657
8625699
8636542
8639804
8639848
8641387
8642229
8647935
8654548
8662190
8664298
8665000
8666786
8671684
8673688
8674106
8674294
8675147
8682284
8682847
8686501
8702408
8708974
8714058
8719002
8723905
8724778
8728860
8731486
8735387
8745338
8762507
8765264
8769090
8773406
8786781
8786786
8789678
8792846
8793179
8794796
8797803
8801311
8808440
8819310
8820475
8823296
8823820
8830237
8831275
8834873
8835627
8841605
8849467
8850738
8850882
8851896
8855064
8855147
8859595
8860047
8860592
8871222
8876763
8878202
8879957
8881769
8888357
8892139
8892308
8894391
8897175
8904161
8910906
8912806
8919987
8924446
8928424
8929162
8933580
8940566
8942714
8949290
8951705
8953361
8955526
8960122
8962054
8969911
8974625
8980024
8983045
8987755
8989213
8989448
8989672
8993625
8995544
8998921
8999895
9007198
9008562
9015206
9015416
9021362
9025859
9027614
9031022
9031978
9032759
9033924
9036085
9052663
9054535
9063826
9064371
9064931
9067127
9069409
9072597
9084579
9086366
9089990
9099079
9100043
9102023
9104975
9125495
9126562
9127568
9127874
9129718
9131659
9133756
9142142
9142557
9147505
9161535
9164629
9167636
9167871
9170540
9175139
9180791
9181498
9183542
9184905
9186216
9186814
9187859
9190269
9190716
9191949
9197636
9208615
9208775
9211586
9211931
9221707
9223806
9227723
9235070
9247821
9248536
9257323
9258951
9259316
9259827
9263026
9268988
9271199
9275177
9275511
9300036
9300226
9303722
9306662
9315032
9315655
9315878
9316265
9316309
9316856
9316870
9317462
9320121
9327704
9337647
9343176
9347841
9349791
9351608
9360176
9360897
9361199
9365239
9367083
9369264
9374684
9379501
9381632
9386164
9387671
9389192
9395807
9398364
9398429
9408710
9414465
9419001
9427095
9436445
9439459
9445110
9449892
9450007
9451652
9453551
9456566
9459802
9460932
9461302
9475340
9482336
9486780
9486783
9494108
9498304
9503241
9513109
9514549
9519136
9522445
9522617
9523371
9523574
9526533
9531087
9532045
9533004
9533723
9536127
9537066
9537653
9547289
9551810
9555462
9557163
9558763
9559768
9564656
9564823
9565607
9566242
9567353
9568313
9568923
9574245
9575503
9577852
9579018
9582535
9582901
9585484
9589364
9590268
9592274
9603858
9603898
9609309
9610909
9614013
9616740
9621721
9626657
9628510
9637987
9639187
9644577
9649931
9650803
9654905
9661697
9664391
9665387
9669327
9671582
9672913
9675029
9675241
9675706
9680845
9683093
9686145
9688546
9692509
9695072
9703606
9707526
9711721
9712325
9714664
9715967
9718225
9724847
9724881
9725350
9729465
9731573
9734684
9748531
9750426
9756866
9764949
9768121
9770548
9770883
9772771
9773168
9774385
9774728
9789483
9791581
9809826
9810416
9820793
9822746
9840314
9844742
9847154
9848469
9849146
9856450
9862549
9863025
9866736
9867970
9869523
9873896
9879322
9882882
9889062
9889109
9891638
9892785
9898922
9900622
9901238
9909787
9911291
9916837
9924534
9929738
9937115
9940697
9948555
9948572
9954174
9959217
9962296
9963756
9964518
9965988
9966633
9976616
9977205
9980926
9985176
9987294
9987420
9989475
9990358
9991824
9998956
