1125
1201
2006
3003
16614
16776
23791
27485
31507
37497
40054
48601
56390
57755
57926
61154
68387
75217
79963
82553
101442
102165
124095
130441
131184
140393
141655
147805
149823
151460
156831
157957
159867
161449
162367
165151
167696
169417
170366
170457
172156
176598
181261
186516
189739
195865
200233
202012
204480
207243
213335
216512
224673
225101
225864
226478
228878
229997
238388
245871
252864
253057
257930
264772
266453
267030
280342
284109
288068
291217
298180
300402
303944
305116
305450
307862
308612
311248
315066
316161
317238
331558
333555
335597
336967
343781
344033
345746
348143
351199
351488
358745
379385
384062
392662
408743
410248
410917
413210
414132
414419
423131
436427
438688
450990
451336
451702
451920
452333
458456
459244
460042
462944
469746
472081
472521
478170
484216
486931
488577
490867
492715
492965
493586
497471
499297
499536
500800
504849
505421
511144
512919
514637
516633
522696
527705
527780
530605
533505
535213
540304
542259
550559
555408
557676
569130
577083
577429
581365
582263
583946
587941
588468
589075
590223
593579
601167
605272
606668
608126
608985
609490
615847
619338
627924
639695
641445
642612
646858
652796
654591
654653
655618
661098
662590
663215
663460
664523
665787
675374
685888
686767
688555
688751
690079
691960
693818
706268
706425
707849
715407
722295
729613
729781
735585
742163
750034
750757
754668
754883
758293
759988
767635
770954
771621
772604
773747
776998
778083
779469
781097
785446
787218
790259
799506
800572
817978
820740
826926
827895
831145
831228
833009
838489
842916
845665
851981
852975
859586
860055
862899
873964
878150
878208
884216
895252
898629
905384
913904
919422
921590
924195
934560
940479
941617
947628
949174
955455
955472
964615
966923
968675
972590
974469
974600
979476
981358
983409
987138
991377
998761
998813
1007271
1011870
1021157
1021826
1023064
1023346
1023352
1029106
1032332
1035315
1047575
1059956
1060273
1061366
1063775
1087967
1092104
1105242
1105421
1105553
1112032
1116043
1120461
1121174
1121936
1139154
1140775
1141501
1145094
1164677
1164961
1171713
1171807
1181019
1182397
1182677
1183703
1188874
1190293
1190879
1193978
1201811
1204243
1207705
1213403
1214879
1220575
1228283
1231093
1231823
1232243
1233511
1233702
1246723
1248194
1249432
1260993
1264343
1264769
1269042
1280290
1292951
1293137
1293364
1297906
1302569
1304957
1315074
1316979
1321437
1322509
1323007
1326990
1333581
1334353
1337225
1337343
1342935
1356218
1359150
1362355
1362695
1363550
1365379
1365951
1366815
1371999
1392217
1408205
1412393
1414103
1419349
1419631
1420763
1429801
1430046
1439477
1450810
1463008
1465158
1466672
1468571
1474170
1476291
1477252
1478797
1482999
1485431
1491418
1491745
1495350
1497335
1507674
1517390
1523362
1526140
1548896
1549914
1552389
1555155
1559242
1560247
1563239
1566465
1575440
1576821
1578004
1580501
1581615
1591393
1593285
1600677
1600680
1603401
1605574
1606145
1610651
1614651
1615316
1625151
1625485
1626834
1628664
1628857
1633565
1634417
1635738
1639454
1642106
1642210
1645088
1645799
1650003
1661293
1670966
1676183
1680634
1680745
1681259
1685272
1688034
1690426
1695190
1700214
1702044
1703790
1708377
1709456
1709688
1711883
1714531
1715079
1726561
1727430
1728833
1734410
1736329
1739347
1746338
1759973
1760271
1764366
1774421
1776787
1776906
1777427
1778183
1778824
1779564
1792585
1796219
1797349
1799330
1802412
1811876
1812810
1817589
1828398
1833244
1842059
1843204
1847490
1847494
1848014
1851684
1854844
1855854
1858312
1859967
1871742
1872485
1876569
1879506
1882398
1886043
1891426
1898276
1899168
1899985
1901851
1904627
1904817
1906190
1908532
1908969
1915571
1918076
1919818
1920079
1922681
1923905
1933197
1943694
1946253
1947439
1949657
1950379
1961026
1961356
1963206
1976198
1982532
1993827
1994393
1996626
2000353
2006083
2006871
2009779
2009956
2021017
2021118
2022012
2027452
2034500
2038038
2040149
2040361
2048890
2051510
2054523
2057720
2058167
2061447
2063607
2069710
2070452
2070721
2071835
2074577
2074900
2075717
2097835
2098828
2099235
2102710
2114354
2118938
2125837
2128640
2135590
2140397
2142238
2143372
2145607
2146004
2148103
2149814
2152371
2154957
2156589
2168375
2190319
2191500
2194429
2216583
2216658
2218988
2219171
2222213
2223970
2224580
2229096
2234806
2240308
2241506
2242235
2242960
2243589
2244849
2252894
2253391
2260594
2265551
2265677
2268850
2269288
2278234
2285356
2290593
2291401
2293052
2294896
2302007
2303820
2309723
2311169
2312579
2318691
2322696
2336372
2340935
2343161
2345177
2347334
2350761
2351308
2371694
2372072
2375726
2388898
2390407
2403746
2406552
2406558
2408353
2411937
2413194
2413496
2422489
2426547
2427780
2429148
2432149
2439261
2451005
2453776
2457574
2458663
2459913
2461599
2462316
2463125
2469741
2473926
2477333
2481312
2482585
2492191
2494964
2499056
2507027
2516331
2522939
2532204
2532743
2535189
2535588
2544813
2553214
2553247
2567774
2573551
2573783
2577621
2585290
2585624
2594993
2605748
2606414
2612033
2612121
2617812
2624062
2638900
2639026
2642373
2644731
2654411
2660640
2661527
2665353
2667018
2668231
2671076
2673754
2673810
2674718
2674985
2681047
2686615
2690213
2700538
2702476
2707502
2711574
2711696
2714853
2716174
2716639
2719579
2729704
2734957
2735929
2738095
2742144
2745196
2745412
2746474
2749314
2757922
2763341
2770057
2774654
2780507
2796884
2800923
2801411
2804619
2814773
2814909
2840083
2842171
2844443
2848573
2853428
2860616
2864553
2865656
2865902
2873351
2875307
2879055
2893855
2895971
2901157
2902447
2902785
2903972
2907108
2911366
2915344
2920911
2921135
2926034
2926664
2932124
2935389
2940646
2941616
2948057
2962904
2969606
2972375
2972588
2979461
2979599
2980837
2981471
2983367
2984502
2984937
2989913
2993338
2995625
2999469
3003764
3005656
3007252
3008827
3014198
3014847
3016991
3018834
3023460
3026532
3028049
3028110
3032470
3037938
3038031
3041789
3044082
3046185
3046753
3048084
3058248
3058728
3058988
3062847
3064379
3069423
3073013
3073383
3075167
3076941
3084819
3089439
3090330
3090948
3091960
3097671
3098585
3108846
3116017
3117660
3122942
3123097
3129054
3129944
3137408
3137644
3141603
3149989
3154383
3154721
3159453
3159992
3160629
3161064
3162329
3170994
3171802
3182842
3185894
3192299
3194248
3195160
3196600
3203393
3209410
3214691
3223010
3226265
3228266
3232148
3235243
3245472
3252730
3263360
3264122
3272516
3277990
3279395
3285929
3287210
3288130
3289514
3291558
3293994
3296150
3296345
3301750
3303774
3309547
3314285
3321081
3325322
3328060
3329816
3329944
3330556
3333936
3336283
3338585
3342577
3350512
3355783
3356513
3359742
3360163
3360425
3390069
3391531
3394946
3397924
3398039
3405683
3425273
3431418
3440464
3441695
3448006
3462101
3465549
3471697
3472267
3472398
3474052
3475104
3486861
3487657
3488527
3492364
3494124
3494960
3497398
3498893
3502317
3503146
3505454
3506154
3508142
3508801
3515255
3524166
3542230
3542398
3547165
3548822
3550346
3553521
3567648
3567821
3571037
3583173
3591299
3593108
3593178
3606132
3607089
3609144
3612457
3613175
3613462
3613649
3619578
3622781
3625833
3626708
3629966
3631656
3637305
3649189
3662577
3664985
3666687
3673350
3679120
3683109
3687020
3691465
3696981
3699172
3700619
3707665
3715743
3719800
3720956
3732737
3736026
3736903
3743689
3749859
3754742
3767322
3768435
3769961
3774027
3777167
3781738
3781823
3789810
3791327
3796865
3797381
3798774
3803958
3805739
3818654
3821211
3829161
3843272
3844870
3846225
3856694
3857863
3874298
3881408
3882786
3885355
3891108
3893059
3900703
3910741
3914788
3917026
3917912
3917957
3928366
3934877
3938379
3942986
3943277
3946808
3954262
3955854
3961013
3968816
3972546
3974876
3974929
3976611
3980255
3982874
3983427
3991233
3995191
3996088
4003297
4005119
4005692
4008430
4009329
4011466
4016210
4017075
4019490
4023398
4033430
4034664
4034666
4036543
4038340
4043682
4048168
4050232
4051136
4053074
4054900
4059722
4060124
4071713
4078210
4078960
4085392
4085505
4091131
4093333
4097228
4100053
4100454
4100722
4100831
4101169
4119524
4125927
4128034
4131502
4136491
4137703
4141910
4150055
4155521
4159635
4163582
4163979
4174076
4174243
4175121
4179544
4180219
4182484
4182731
4186670
4187550
4192747
4193466
4195367
4196657
4197581
4209270
4213456
4220043
4228107
4243860
4243923
4250480
4253812
4253873
4260477
4271075
4272225
4274029
4278098
4282379
4283139
4286855
4287882
4294647
4313504
4314131
4315090
4318473
4318880
4319247
4319847
4320000
4320192
4322698
4323196
4324471
4328557
4330202
4337522
4337884
4343975
4354054
4358725
4360932
4370619
4372369
4373475
4381374
4385219
4388580
4389826
4410962
4420858
4424381
4426141
4427242
4427587
4430731
4437512
4445037
4448149
4457091
4457436
4458717
4459448
4466474
4478465
4479044
4486118
4486329
4489302
4489509
4490131
4490470
4490867
4491994
4499628
4500370
4503117
4505775
4505808
4515708
4520761
4526026
4536210
4543606
4543724
4548296
4548349
4550132
4551692
4551776
4552502
4552789
4554164
4571836
4571890
4573430
4575566
4581402
4585371
4593215
4606826
4609153
4610012
4613354
4617414
4620466
4634310
4641323
4644189
4649104
4657044
4659297
4660403
4662206
4670232
4675589
4675832
4681771
4689845
4695013
4701317
4704537
4705312
4706951
4709548
4713379
4717946
4732844
4732849
4734298
4743143
4744645
4747823
4760681
4766470
4770924
4772760
4773980
4777839
4778136
4779539
4788224
4789026
4789344
4789978
4794583
4798744
4800402
4801825
4804526
4808837
4809346
4809600
4813957
4829647
4840361
4847855
4852523
4855527
4866144
4868472
4871119
4874741
4876021
4880143
4884158
4886446
4890696
4894521
4897626
4899398
4901053
4905512
4907196
4908896
4912190
4913072
4918098
4927613
4933607
4934127
4936592
4937701
4940955
4943318
4944682
4946530
4962313
4966869
4969076
4976493
4985223
4986893
4987367
4995007
4998456
5004334
5008545
5009898
5010779
5013520
5016737
5022845
5024358
5026410
5028313
5033745
5037503
5065808
5072971
5074637
5075037
5075519
5079805
5084696
5085041
5086489
5088095
5096027
5102411
5107407
5108118
5108531
5108537
5113185
5113854
5116378
5126405
5129775
5132378
5132408
5134821
5135706
5135849
5136293
5140029
5140824
5144685
5147707
5154187
5159134
5163555
5163850
5167344
5167511
5172033
5174623
5176410
5176880
5183450
5185765
5188433
5192749
5193094
5193540
5203602
5203891
5210497
5218688
5219419
5220260
5222210
5222945
5224832
5226166
5226595
5227645
5227962
5233027
5233891
5238902
5243403
5245933
5246739
5249540
5260357
5260916
5261216
5264729
5269526
5270649
5275375
5281319
5283255
5284105
5284153
5297983
5298068
5311341
5314411
5315737
5319460
5319573
5321818
5326441
5326658
5329330
5335123
5342151
5343300
5348081
5351440
5351896
5353754
5357266
5362788
5363535
5364259
5366358
5366718
5367976
5368894
5371015
5376515
5382692
5386761
5389100
5394436
5395262
5397552
5397812
5414184
5424936
5425404
5426815
5432584
5442336
5447701
5458275
5459798
5471340
5472481
5480052
5480352
5480418
5483980
5500312
5503786
5509308
5509720
5509970
5512758
5515967
5518778
5526639
5528014
5529708
5536284
5538887
5540191
5543479
5546085
5552969
5554126
5560649
5574272
5574694
5575940
5576791
5581662
5583614
5593157
5596897
5599324
5600763
5614559
5615558
5619860
5621080
5625284
5626689
5626905
5628914
5629927
5636176
5637911
5641080
5642924
5644049
5646775
5651028
5654726
5656384
5659139
5663978
5669394
5672000
5676408
5677100
5685162
5691292
5691456
5693290
5694171
5694366
5696654
5705106
5705322
5712803
5719366
5723497
5735178
5738552
5744201
5745764
5748435
5753485
5760853
5764383
5766601
5771216
5773595
5783771
5787622
5789907
5790135
5793907
5794011
5796840
5801387
5803993
5806987
5808526
5820998
5824020
5829559
5832563
5836672
5838008
5838625
5839377
5839490
5839912
5843691
5845126
5845950
5852887
5852974
5853051
5862951
5867925
5871856
5873873
5877631
5888917
5894558
5895039
5895511
5897460
5902111
5907316
5910862
5914935
5915154
5916596
5918346
5918893
5920628
5925019
5926311
5931972
5942658
5947312
5953098
5954084
5957607
5957807
5960820
5961749
5972772
5975790
5977112
5979298
5983439
6003347
6009664
6012556
6014135
6021677
6022813
6023346
6049998
6050976
6057958
6058995
6063163
6077082
6083207
6088323
6097519
6099508
6102822
6103094
6108090
6111658
6112860
6113285
6118048
6120512
6121543
6124352
6126064
6131628
6132573
6147479
6157102
6168510
6168631
6169724
6171891
6181797
6191865
6192178
6192871
6193899
6198849
6201857
6202314
6205272
6210531
6211939
6213690
6214316
6217568
6219106
6231010
6231022
6231439
6238506
6240182
6242208
6245132
6251884
6252781
6252872
6254043
6257120
6264382
6264888
6265761
6270247
6276122
6277941
6283931
6291946
6292318
6295353
6302330
6311680
6314828
6330153
6334916
6339535
6342467
6349420
6353028
6354537
6356748
6369320
6377890
6387158
6391140
6393824
6395581
6397939
6402010
6404581
6407445
6419272
6420107
6421992
6426761
6426977
6430005
6434984
6436462
6439031
6440842
6461829
6465722
6473832
6474028
6474590
6476752
6480063
6481562
6483094
6488342
6490032
6501080
6504260
6514425
6515421
6524343
6533141
6534512
6535590
6541536
6542495
6550305
6551712
6557166
6558146
6558501
6560353
6561612
6562300
6563483
6565587
6569596
6573082
6573259
6575740
6600725
6603424
6606850
6613160
6617922
6619875
6623292
6624627
6628403
6634507
6636290
6640363
6641194
6648305
6651015
6654750
6661792
6669055
6670417
6671025
6675532
6678110
6686148
6688276
6697282
6715551
6727277
6728116
6732264
6735024
6735393
6740657
6742906
6750039
6766864
6771212
6782047
6790306
6790490
6790861
6792080
6802629
6812842
6818941
6819139
6820252
6820708
6822962
6828464
6834354
6835180
6843540
6846463
6859203
6859816
6864312
6865705
6872116
6874318
6880402
6884136
6886699
6888002
6894339
6900690
6902705
6903080
6905142
6905360
6916393
6916733
6922198
6926345
6927872
6940328
6941759
6943495
6953988
6957791
6960110
6965078
6965349
6966636
6968679
6979328
6981570
6981872
6984089
6991646
6991827
6993706
7001018
7001654
7004174
7004497
7009587
7017385
7018089
7025279
7038835
7046965
7053548
7056763
7058096
7065629
7068167
7073228
7082167
7083041
7085450
7088607
7094151
7095457
7102418
7102865
7105284
7109037
7121838
7123764
7129887
7133677
7135915
7140101
7143399
7145132
7147970
7153803
7154697
7171426
7174163
7177375
7180841
7180854
7184228
7187767
7191578
7193732
7194229
7211732
7214584
7226372
7236630
7242260
7253576
7261917
7264176
7264908
7266565
7267088
7271257
7277507
7291469
7293701
7295592
7308626
7312021
7318027
7318444
7319330
7319897
7327903
7342380
7346095
7347257
7353348
7355566
7365145
7368127
7369092
7369693
7371698
7372338
7382246
7385692
7387272
7391200
7392089
7392763
7395153
7395340
7395798
7404686
7404756
7406380
7407510
7408692
7411778
7412209
7414320
7424889
7428436
7432321
7435766
7453843
7454178
7458086
7458178
7460215
7462973
7465242
7466778
7468030
7468167
7476414
7477458
7477645
7485305
7489405
7494104
7501406
7502363
7510460
7512622
7513726
7513952
7514249
7514985
7519902
7527834
7531209
7535443
7540187
7542598
7543597
7551987
7555630
7560940
7569830
7570634
7575515
7578905
7584841
7595362
7596137
7612023
7618686
7622516
7642740
7649104
7649499
7650749
7651733
7652919
7654630
7656387
7658332
7660199
7661970
7667302
7673252
7674772
7677305
7677373
7677675
7680425
7691980
7694755
7697753
7701918
7712983
7715866
7718442
7728798
7730516
7733548
7734093
7740215
7740901
7743816
7749232
7749238
7752052
7762320
7774487
7774565
7780022
7788453
7789872
7798448
7803666
7805218
7807793
7807928
7808883
7812732
7815880
7816879
7817950
7819081
7819778
7821593
7827121
7831623
7832550
7841463
7847298
7854338
7859778
7860201
7862350
7862418
7875803
7878399
7878672
7881484
7883055
7889678
7900443
7912906
7913018
7916882
7919506
7932280
7934762
7938319
7941711
7942343
7942712
7942760
7943582
7949697
7957229
7963313
7964879
7965004
7966132
7968545
7973265
7974899
7979589
7981741
7988047
7989657
7998023
8001031
8005882
8007726
8009989
8011066
8015123
8015819
8019380
8021176
8026024
8027257
8039524
8050285
8068649
8069020
8069492
8070045
8072773
8078382
8085591
8087906
8090033
8091079
8093120
8098049
8103574
8104621
8106259
8119101
8125620
8131463
8141079
8146842
8149009
8153504
8155669
8164571
8166420
8166961
8168179
8169728
8170907
8171212
8181421
8183193
8186718
8192900
8193854
8201027
8205496
8209750
8212327
8225691
8225941
8230035
8230540
8232588
8233072
8243113
8244976
8245450
8248513
8254146
8261433
8264396
8267890
8268000
8269317
8271104
8271641
8301180
8303968
8313656
8318837
8320227
8334126
8335888
8343009
8345162
8345846
8353936
8365375
8367927
8372530
8383191
8384382
8390828
8409349
8415640
8421752
8421862
8424993
8425126
8433796
8434643
8438555
8438688
8440794
8449084
8454537
8472782
8477030
8479434
8479893
8485104
8486454
8490338
8497203
8499754
8499902
8503795
8506482
8510791
8515668
8520424
8526012
8529969
8532385
8540008
8542449
8543113
8550772
8554761
8556712
8562143
8569182
8579024
8583482
8583919
8588516
8591765
8592832
8594261
8595078
8595753
8599639
8600240
8607134
8611308
8612430
8615486
8615512
8615554
8626822
8631812
8634342
8639103
8646398
8651608
8652110
8658024
8663885
8665783
8666883
8668755
8674507
8683662
8690487
8691494
8693199
8694093
8699445
8701898
8717664
8718535
8720069
8721024
8721417
8732711
8733462
8737202
8738964
8748047
8749128
8752593
8755783
8755811
8759270
8768018
8768900
8772061
8772274
8772715
8777734
8778145
8778640
8779241
8780086
8790837
8801679
8805328
8809359
8812541
8813956
8816445
8819033
8821093
8821416
8821434
8824239
8828440
8830114
8841084
8843291
8847200
8848302
8850421
8852919
8853152
8854187
8855282
8859714
8863025
8863216
8864359
8864475
8867096
8867761
8868356
8871117
8880187
8887501
8888242
8888901
8894410
8896120
8900043
8902554
8904007
8916978
8923192
8924890
8939051
8941990
8948011
8953574
8961553
8963746
8964668
8967355
8969285
8970613
8972687
8973232
8975061
8976787
8977954
8978915
8979449
8992758
8995154
8999599
9005541
9020444
9023204
9023439
9024831
9026487
9030243
9032086
9034285
9039533
9039709
9041652
9051218
9051704
9062502
9076440
9080320
9090107
9091487
9101681
9103443
9114229
9115799
9115880
9118191
9120631
9121751
9122799
9133419
9134036
9135368
9141314
9142668
9143979
9145764
9147012
9147368
9148099
9155628
9156216
9157719
9157944
9162196
9163123
9171728
9178012
9179317
9188447
9207703
9209994
9217325
9219956
9235603
9244404
9244489
9250553
9251844
9257260
9258133
9259916
9268601
9278385
9279230
9281580
9286950
9287048
9290478
9292943
9293194
9294723
9304875
9307321
9313997
9317115
9323554
9333001
9338012
9339927
9360177
9360498
9360903
9361376
9364789
9366732
9370921
9371103
9377415
9377477
9379541
9387973
9389091
9389186
9397297
9399739
9405835
9407145
9407156
9411754
9413208
9419303
9419579
9422440
9428115
9430474
9442547
9443771
9443867
9444411
9447595
9451684
9453443
9455655
9456791
9457063
9462042
9462944
9466105
9466531
9467154
9473896
9474684
9477573
9477643
9481986
9483795
9485319
9485787
9490287
9493143
9500855
9501669
9502524
9511722
9522245
9522665
9524270
9536069
9543291
9559396
9567918
9570120
9572373
9575695
9581909
9585954
9591597
9595626
9604176
9610559
9614380
9615885
9626060
9631262
9634002
9637072
9646240
9646414
9650536
9654096
9654205
9656638
9658262
9665515
9667719
9675779
9677986
9680335
9682226
9692868
9695256
9696754
9696939
9697087
9697262
9712821
9718525
9723457
9734686
9741367
9741504
9743076
9743874
9746344
9746950
9756806
9758589
9760594
9761699
9769820
9773128
9774975
9775025
9775403
9775902
9785000
9786170
9788892
9789164
9790626
9793149
9796429
9799639
9804414
9804975
9806318
9811629
9813530
9817501
9820084
9820815
9827476
9829380
9833874
9834398
9834651
9847700
9847983
9852823
9857402
9858902
9864675
9864739
9866441
9868450
9868499
9874146
9877116
9880419
9880975
9882640
9893945
9895596
9901989
9903781
9910720
9912676
9912885
9922052
9925786
9950474
9959209
9959899
9968803
9969545
9973921
9975450
9980766
9984185
9988223
9988286
9988870
