16181
17737
25953
29812
34054
34828
38493
39125
43822
64530
82883
84327
91987
113547
117356
123120
123545
127596
128440
133402
142462
151087
152730
155815
160725
161558
169193
172177
174003
177449
179115
190567
196370
198313
199593
201205
214090
214675
215017
217746
220947
226761
228494
229297
232643
235316
237844
239975
252696
255527
255817
259394
261158
269942
271421
271595
277969
279022
279757
282267
282293
285583
290251
291689
297106
298271
305035
308348
310115
311913
317019
322376
324835
328027
335530
339824
340643
347381
348069
356040
357357
362936
375091
383784
386445
391401
394145
396805
402041
403455
404814
408612
411210
425068
425197
439305
439497
441096
442267
442438
448949
458312
460317
462352
470184
474088
477129
485049
495180
499739
501961
503671
504751
506851
516657
529962
530743
534315
535449
537418
538612
540487
540552
541409
542261
550790
554600
556574
556596
556920
561326
565467
570073
570217
571553
574427
576744
578234
581249
582144
582450
583314
585263
587606
588212
588288
589120
596534
596973
606403
607630
611383
616657
621229
625419
630439
650982
656976
665300
671627
673998
677597
684298
684892
686605
689334
690226
692326
709612
713604
718635
722662
722974
731196
733559
742233
744569
750855
755911
759143
768912
774298
777287
781782
786447
790833
791558
791912
795846
796670
806468
809664
813656
815549
819316
820212
821912
824749
824912
827984
828674
829111
829454
837529
842572
845855
846477
849686
852501
853121
854657
868384
871212
877630
881451
882011
886201
887072
898431
902724
904035
911225
912396
917310
932196
932303
933221
934634
936133
937956
944273
945363
946017
953555
954363
956836
958732
959350
961765
975175
975240
977398
979637
980524
989326
993885
994233
1013740
1016769
1018932
1024263
1027962
1028459
1030907
1032708
1035732
1047658
1050771
1064368
1066973
1069481
1070893
1071651
1076437
1084081
1087217
1090418
1091002
1095476
1101367
1105153
1107966
1117037
1118733
1120999
1126873
1134781
1137877
1137894
1142452
1143545
1155013
1155871
1156119
1156164
1156393
1164375
1169414
1175829
1176546
1183661
1184339
1184494
1184614
1189669
1197629
1199913
1201324
1202413
1209795
1213837
1215432
1218022
1233304
1238047
1240630
1241406
1244503
1244843
1248284
1250925
1253925
1262366
1269370
1278308
1278689
1280085
1280773
1281131
1281382
1284055
1288209
1290625
1295266
1305726
1308453
1311383
1315856
1316287
1316564
1318058
1331522
1331793
1331799
1333011
1335730
1338701
1339836
1347600
1350545
1353476
1354890
1355355
1360410
1373554
1377772
1385848
1395844
1399435
1401061
1402950
1404054
1413026
1415653
1421763
1425286
1430824
1431064
1431708
1433674
1433675
1443564
1446246
1446465
1446792
1449444
1453118
1462429
1465237
1465403
1483153
1483417
1490554
1491863
1494926
1505154
1505473
1506669
1509481
1513791
1519370
1523131
1526240
1530751
1535815
1536339
1553998
1555888
1556468
1558233
1561998
1571434
1577224
1577236
1577928
1579593
1585032
1586264
1597050
1597458
1598615
1602540
1602625
1605500
1613400
1619918
1620839
1625160
1631502
1636424
1637346
1637865
1653707
1655713
1656211
1663875
1664917
1669342
1670650
1674578
1677892
1688185
1689945
1693421
1699208
1700811
1701837
1704946
1705673
1709473
1714209
1716202
1719619
1722488
1731210
1740673
1746463
1747014
1747098
1750449
1753865
1761586
1762093
1764982
1765344
1767022
1770336
1770472
1775291
1775586
1776513
1780101
1780494
1784492
1792583
1795162
1800554
1806391
1811997
1814436
1822742
1826314
1830559
1831113
1835542
1838654
1842465
1846393
1854641
1857452
1859663
1866090
1867312
1872236
1877830
1880432
1889153
1893129
1899051
1900316
1902207
1902254
1902757
1904817
1913985
1916094
1916177
1918212
1925572
1927854
1938909
1939191
1940308
1945081
1945650
1951218
1953806
1957662
1960016
1965174
1973194
1975366
1975808
1985510
1986827
1987787
1989344
1990039
1994273
1999424
2000767
2004650
2010564
2015689
2024936
2030760
2032738
2037457
2039144
2040996
2041433
2042109
2059758
2060879
2066061
2071718
2075967
2076546
2085911
2087191
2090434
2092882
2100006
2103785
2106672
2109173
2113360
2115200
2117621
2127940
2129498
2136795
2140720
2143406
2145042
2145466
2147720
2154019
2159280
2159593
2161031
2170022
2171352
2172816
2175610
2183450
2186281
2189795
2189863
2190093
2197148
2197338
2199485
2217290
2222638
2223512
2228832
2232137
2240319
2243843
2257084
2262876
2279268
2284044
2286939
2293665
2297621
2305564
2310329
2311331
2312785
2315372
2316225
2320013
2320077
2320399
2327475
2332330
2334389
2342143
2344646
2350866
2352433
2355631
2358959
2359879
2367585
2374344
2379244
2387724
2391763
2397732
2403047
2403243
2403269
2403578
2404379
2416710
2418042
2434851
2435356
2436479
2437144
2444841
2449017
2450702
2453199
2453381
2464324
2467640
2469814
2478324
2485778
2493154
2497105
2501337
2506176
2507308
2515066
2518106
2521952
2522698
2525496
2526929
2535274
2535424
2540004
2542551
2556603
2562609
2573877
2575880
2577757
2580325
2581895
2594753
2596707
2607544
2607946
2619105
2645322
2654816
2661883
2662854
2670112
2671314
2675133
2678449
2679347
2682281
2684933
2692256
2695147
2696542
2697408
2698549
2707829
2709340
2710239
2713163
2719439
2721274
2724865
2726604
2731025
2742425
2743134
2743907
2746907
2747409
2748459
2750112
2752595
2754113
2754437
2755516
2758174
2758440
2760562
2762261
2764495
2765525
2767952
2770280
2771743
2772811
2775040
2782786
2785755
2789260
2789481
2790159
2796960
2798608
2811944
2813806
2814742
2817044
2820421
2822734
2825069
2827307
2831856
2839241
2840918
2841189
2845051
2846083
2847799
2849372
2850528
2852769
2854464
2855144
2858591
2866889
2870624
2872004
2876832
2879803
2883148
2896228
2904912
2905168
2906994
2912855
2913617
2920615
2928681
2929185
2929734
2937137
2940200
2941844
2943198
2947598
2949326
2952429
2956627
2958913
2958976
2973525
2976599
2979085
2994422
2994774
3005088
3014063
3014153
3017551
3024464
3028982
3032482
3042817
3043417
3048557
3053353
3058473
3067606
3069709
3070125
3074426
3083708
3084406
3090038
3093739
3101205
3101471
3105608
3112310
3113272
3115429
3116299
3121273
3123012
3127905
3132138
3135764
3138082
3154743
3155110
3156600
3158858
3161089
3162697
3167166
3173344
3173835
3175881
3176297
3178847
3184112
3187796
3191073
3191684
3199576
3200119
3200129
3203961
3209746
3225740
3228192
3228992
3230149
3231252
3244034
3249953
3258495
3270445
3272317
3283341
3285817
3287594
3287785
3290381
3302503
3303293
3304820
3308563
3311603
3315380
3327254
3336402
3337545
3345158
3347076
3348829
3352602
3352692
3361476
3365936
3367071
3370030
3370034
3377070
3380342
3388417
3397473
3399081
3400865
3410317
3413397
3413402
3415623
3423533
3427925
3428093
3428110
3436088
3436266
3440825
3458763
3459264
3460241
3470108
3475976
3480150
3483756
3487430
3492674
3498492
3509936
3510560
3514345
3517890
3527115
3528541
3531890
3536260
3544311
3549172
3553282
3561351
3561926
3566574
3568166
3569886
3569929
3578281
3579253
3584981
3590364
3595965
3598425
3598960
3606995
3613221
3619870
3627019
3627503
3627665
3630495
3636910
3643657
3645351
3648668
3648971
3651501
3657976
3679036
3679644
3684546
3685537
3685911
3688406
3704086
3712576
3713440
3717865
3722501
3730704
3732080
3733245
3736476
3738942
3743230
3745764
3766648
3771662
3773730
3774215
3774261
3779529
3782751
3787295
3788462
3789092
3789233
3791326
3791520
3796491
3797144
3801993
3818647
3818707
3820394
3822969
3831371
3835683
3837094
3837448
3841320
3842695
3849907
3852021
3852042
3853774
3859563
3859896
3863666
3869157
3876756
3895562
3898345
3899653
3902736
3904496
3907974
3910742
3914375
3915845
3922609
3923683
3924506
3926577
3927892
3928170
3932265
3935465
3937592
3939043
3943107
3947688
3949127
3949338
3963628
3971796
3979582
3984005
3986434
3987344
3990389
3992414
3992938
3993325
3999427
4004304
4004666
4016115
4017636
4018943
4020134
4022076
4022233
4022691
4023022
4025072
4025645
4035613
4041667
4048625
4051106
4055921
4060766
4062346
4063390
4064931
4065874
4075853
4081900
4088355
4090944
4092326
4097940
4106287
4120940
4125744
4130837
4134184
4138675
4139703
4145149
4147997
4153203
4157244
4163241
4163895
4168057
4169871
4170072
4176649
4177920
4181396
4183138
4185748
4186848
4192620
4198778
4200336
4206272
4207930
4209747
4215270
4217778
4220805
4223586
4227270
4231754
4233763
4237925
4245881
4250186
4257442
4270574
4293061
4293603
4302620
4305153
4306688
4307004
4307539
4308425
4308716
4308994
4312317
4313065
4313623
4320177
4323325
4323779
4324964
4336981
4340035
4345219
4345443
4357055
4358697
4359649
4360374
4367683
4368877
4373649
4380678
4383129
4392201
4396324
4404008
4415038
4417505
4425437
4434982
4436310
4438492
4442448
4461039
4463109
4464734
4467850
4471170
4471654
4475075
4475633
4489138
4501533
4503596
4504664
4507338
4512162
4515788
4518026
4526396
4530687
4535473
4535925
4537751
4541449
4552854
4554351
4556999
4557567
4568564
4569467
4571591
4572688
4573421
4575673
4575759
4580112
4582955
4583160
4583649
4585442
4591641
4592390
4596025
4601044
4603833
4603858
4613839
4616166
4623031
4623767
4625644
4626602
4641025
4643087
4645126
4647342
4649481
4649973
4653611
4655109
4656383
4676415
4676504
4683705
4688788
4692042
4692403
4692491
4695459
4697255
4698822
4698920
4720964
4753938
4756100
4757463
4773709
4774249
4787397
4787516
4792557
4794672
4795497
4799857
4803157
4807048
4807440
4809610
4812970
4816030
4821412
4822196
4825012
4827934
4832780
4834256
4836825
4837876
4843229
4849975
4854990
4866087
4866842
4879941
4883213
4885491
4893358
4894414
4898441
4908608
4909113
4915329
4923645
4927673
4932700
4934307
4934816
4935924
4938290
4938694
4941808
4945836
4951389
4952017
4952176
4953046
4954159
4955372
4955603
4957274
4962893
4970036
4979698
4980151
4981167
4981263
4982357
4983921
4986782
4988748
4991134
4992716
4992806
4995740
5007009
5012333
5019684
5024945
5025030
5030624
5031651
5031831
5044608
5045661
5045872
5049667
5059270
5065364
5067647
5068517
5069419
5076654
5080621
5081971
5082545
5086005
5094022
5095804
5108194
5108203
5111893
5121362
5123893
5124274
5128623
5139731
5161592
5162187
5165240
5167162
5168166
5181507
5183259
5185044
5186120
5190262
5195675
5197969
5201614
5206425
5207941
5210086
5210158
5213179
5220945
5221040
5221221
5222657
5225118
5228637
5237865
5240329
5241308
5246535
5250219
5258992
5259931
5274707
5287265
5287316
5296198
5299097
5300082
5300551
5311631
5312504
5314381
5318096
5323257
5326683
5331860
5346802
5348223
5349196
5350572
5363313
5365915
5380707
5381258
5387944
5388711
5404247
5407372
5409029
5419956
5421324
5422250
5423787
5424850
5428560
5429232
5443901
5447441
5447537
5450938
5451886
5454149
5456348
5456628
5464081
5465763
5466353
5468272
5471880
5472707
5472757
5477966
5479264
5479785
5481873
5483562
5485158
5490207
5490623
5491344
5495776
5498650
5499142
5501197
5504708
5518727
5525691
5527522
5532006
5536827
5537907
5546475
5549423
5564392
5573694
5578179
5591733
5592413
5594537
5595485
5601428
5602344
5611023
5619891
5620938
5627988
5629990
5634048
5637681
5643087
5645801
5650262
5654873
5660007
5661523
5664161
5664678
5665379
5673939
5677391
5679700
5683169
5686387
5688994
5692401
5704121
5710147
5731397
5732505
5737686
5741309
5742831
5745922
5750992
5755301
5763581
5771727
5780454
5780504
5812693
5814360
5816418
5827314
5828948
5832091
5835439
5842479
5854216
5855632
5865779
5867331
5879321
5881555
5886483
5887669
5888854
5891132
5894806
5901314
5902164
5902655
5906755
5906770
5908586
5912039
5915105
5917099
5924302
5925789
5925857
5941232
5950200
5954591
5956578
5960180
5964388
5964533
5979376
5992881
5996117
5997500
5997670
6002438
6003196
6004156
6008926
6009480
6009535
6017001
6020157
6026386
6031928
6040964
6042061
6045698
6048342
6050880
6051026
6051312
6056682
6057056
6057202
6061024
6062566
6063565
6066267
6066579
6067467
6069559
6074213
6074336
6075328
6079320
6080856
6081405
6085685
6087642
6087716
6092569
6093276
6096577
6108408
6118793
6123928
6131902
6135712
6137278
6141293
6153948
6154443
6156717
6161672
6162330
6167820
6169313
6169872
6173805
6178085
6179709
6186484
6192509
6199143
6212222
6230060
6230365
6234661
6235598
6241495
6242148
6246240
6247905
6254630
6262313
6266410
6270665
6281195
6296126
6297620
6301617
6307256
6309600
6315204
6318600
6321828
6328729
6334778
6338548
6341075
6346954
6348481
6351481
6353705
6356513
6360095
6371826
6375438
6381311
6381755
6394563
6398345
6421845
6428192
6428627
6429416
6429907
6437546
6438750
6440644
6442092
6448661
6475472
6483146
6483538
6486135
6486294
6486868
6488228
6489260
6489312
6493233
6494499
6501118
6503042
6506763
6521419
6521492
6521593
6525406
6528652
6531218
6542348
6544390
6544716
6545327
6546326
6552858
6554163
6554342
6558006
6559568
6561426
6568548
6568841
6577529
6578322
6584174
6585718
6600579
6601798
6604476
6608914
6610390
6611034
6612347
6618448
6620668
6624815
6625465
6626024
6626681
6629396
6631813
6640693
6641276
6644255
6645170
6647394
6655201
6655217
6656587
6658335
6663083
6665823
6666022
6666853
6671183
6676777
6683958
6684799
6686630
6686990
6687318
6690714
6694661
6698789
6704174
6706153
6708006
6718707
6721929
6723865
6726115
6734308
6737162
6741515
6741830
6749338
6751452
6756082
6756431
6763397
6765800
6767355
6775532
6786458
6794317
6804279
6807111
6812049
6813566
6814557
6814797
6824612
6826185
6831010
6832733
6837037
6837842
6846956
6847649
6847680
6849163
6850449
6851184
6873092
6876107
6877317
6878817
6880779
6888512
6888563
6891700
6897668
6897938
6905104
6905367
6909814
6912320
6912421
6913138
6929648
6929942
6935431
6935702
6942080
6942477
6946231
6956295
6958341
6959538
6963219
6963523
6963648
6975167
6976853
6982924
6993047
6993832
7013360
7018229
7020085
7024517
7034031
7035619
7041822
7046256
7046266
7047829
7048464
7048551
7054372
7056943
7061245
7061433
7066507
7067424
7069782
7070503
7074524
7078837
7080705
7081973
7086507
7092542
7092931
7094612
7103775
7103870
7104754
7110199
7119980
7126199
7128727
7130347
7141139
7142799
7147742
7155706
7176204
7177855
7184167
7188557
7190059
7195027
7197336
7197563
7197707
7198294
7200859
7210785
7214990
7215692
7218384
7227973
7233904
7247165
7269171
7272784
7278784
7282548
7291497
7291766
7301686
7307413
7308577
7310601
7310717
7317014
7327216
7340527
7340572
7342531
7342880
7343101
7343747
7346684
7350852
7350905
7351236
7367893
7372132
7375273
7376678
7380412
7383679
7386958
7388544
7389048
7389792
7389994
7391616
7402057
7406842
7408594
7408983
7410421
7412337
7413016
7415977
7420354
7421873
7424014
7436672
7441786
7448916
7449756
7457855
7458218
7459452
7461255
7461726
7464465
7473025
7479829
7483203
7488760
7498709
7502431
7519529
7524096
7528944
7535387
7535962
7541352
7542855
7544741
7546191
7551221
7551398
7553460
7554164
7555535
7558834
7559063
7564814
7572216
7574253
7576862
7579559
7582824
7588153
7588679
7592093
7596598
7597149
7602769
7614038
7615317
7615934
7618995
7623790
7625786
7648946
7652085
7653535
7653818
7657296
7659601
7662280
7665510
7669303
7669408
7677900
7679279
7685290
7692588
7696899
7698639
7701878
7708116
7716355
7719748
7724019
7727410
7729060
7730989
7733809
7736879
7739479
7742286
7745250
7751126
7758278
7759923
7762351
7764216
7765583
7769066
7786861
7787033
7789299
7792466
7797036
7798367
7805700
7806489
7808501
7816656
7819951
7830309
7836818
7844887
7845422
7845483
7846407
7859845
7862461
7862670
7866142
7867860
7871857
7872073
7879944
7882684
7882861
7884271
7885008
7887782
7888692
7896239
7896858
7900514
7905859
7910891
7912563
7915216
7926469
7940549
7948213
7955811
7959389
7961969
7962501
7966496
7972950
7975371
7976295
7976876
7978188
7982648
7983172
7985732
7990249
7991302
7993396
7995317
7996181
7997310
8004252
8004481
8017576
8018744
8022412
8023975
8028495
8031916
8032182
8032279
8033796
8041543
8043017
8047701
8049334
8080281
8085215
8087915
8090546
8091003
8091166
8093975
8099146
8108416
8120672
8120846
8120848
8124464
8126657
8128373
8142864
8143506
8144750
8150493
8152949
8154812
8155895
8161975
8163464
8167507
8168373
8179077
8186116
8188862
8188895
8189936
8190543
8196442
8198949
8199399
8211072
8213284
8213934
8217961
8219800
8222643
8226179
8227957
8230523
8235766
8243280
8249568
8254583
8256317
8259016
8259285
8259948
8261143
8268619
8271044
8275120
8281310
8281922
8284639
8284850
8285562
8287536
8287629
8297312
8303667
8309747
8330215
8330860
8332340
8335306
8335451
8347309
8350844
8356852
8360984
8362295
8362626
8364333
8369153
8370336
8370810
8372543
8376594
8394600
8394982
8397042
8397488
8398350
8401619
8403705
8410754
8413368
8414165
8414570
8419042
8424032
8425894
8427801
8428302
8429133
8431502
8434289
8434499
8440336
8441497
8458140
8458424
8460805
8461186
8462842
8465136
8468220
8470064
8473070
8475470
8477063
8477389
8487446
8487492
8490470
8492175
8502408
8502416
8502644
8510352
8517616
8519174
8524828
8528146
8540594
8541760
8553871
8556018
8559724
8560089
8560866
8568360
8570339
8578844
8586522
8587912
8589835
8595961
8598037
8601644
8603566
8604216
8607530
8610890
8618266
8618294
8622544
8626683
8626689
8626821
8636611
8637524
8640293
8648686
8655693
8657675
8658985
8663290
8663769
8664078
8670138
8673585
8674047
8674795
8676237
8679708
8684351
8684988
8685087
8692587
8692706
8693410
8694459
8696914
8698891
8699468
8702148
8703175
8709900
8710945
8711068
8711081
8717214
8720702
8721353
8723666
8727232
8728584
8737371
8738579
8739995
8740178
8740900
8745739
8752490
8753248
8761076
8761551
8767213
8769394
8770732
8771158
8772799
8776077
8781700
8784010
8785875
8787413
8788086
8788496
8802722
8823678
8829701
8831286
8837128
8842146
8846425
8846816
8852513
8859553
8864642
8865137
8872519
8872942
8878654
8879067
8883980
8884185
8891876
8894672
8903530
8911144
8912963
8919201
8924840
8929498
8933993
8934410
8939095
8940995
8944733
8946601
8951341
8958463
8959731
8960812
8967912
8969652
8969877
8970448
8977456
8994301
9000320
9005865
9010747
9012877
9015554
9021541
9036213
9036283
9042311
9044309
9046616
9049013
9053419
9054378
9054564
9057149
9063148
9063537
9064834
9068592
9074309
9080202
9081407
9083223
9085398
9086165
9091634
9091768
9102463
9112774
9126050
9126263
9136970
9146511
9148943
9151317
9155175
9155899
9157504
9160119
9162752
9162849
9164228
9164426
9164451
9166649
9173238
9174129
9175583
9178307
9178499
9179774
9180409
9189494
9191532
9193994
9202547
9205061
9218966
9222049
9225969
9227886
9228798
9228932
9230193
9231562
9235506
9235685
9242518
9243227
9247397
9248253
9254176
9255134
9261054
9261870
9271120
9271705
9272386
9278500
9288834
9291674
9295973
9296505
9297181
9304432
9306580
9312363
9313224
9314128
9316137
9316739
9317530
9321628
9324925
9325504
9326755
9332770
9336911
9337443
9346772
9350423
9352753
9354570
9362417
9369585
9372186
9376151
9379220
9381129
9382292
9389191
9392207
9395054
9402251
9406426
9408811
9409842
9413380
9416180
9424355
9428756
9435542
9435669
9438690
9438753
9439435
9446569
9448334
9452455
9453105
9460019
9460463
9461273
9471931
9475601
9476228
9481101
9482404
9483214
9487927
9503063
9506358
9516918
9517063
9538976
9542003
9548413
9551243
9554106
9554386
9554618
9570430
9573026
9573770
9576669
9589040
9590283
9593755
9604099
9611528
9615609
9621991
9623423
9626830
9628708
9629844
9633781
9640702
9641876
9642694
9647219
9653720
9656117
9656644
9657172
9657251
9658787
9661248
9665332
9682237
9682621
9683734
9689927
9694842
9696888
9703668
9709788
9713910
9714400
9714417
9715780
9717197
9717423
9720261
9726545
9728382
9729773
9737204
9737748
9738973
9747139
9755348
9757803
9763537
9764803
9772409
9780051
9788524
9790001
9800062
9802562
9808701
9814033
9817635
9833941
9840120
9845474
9845816
9852040
9853685
9856862
9864748
9864817
9870093
9871735
9875526
9881835
9887156
9887698
9887975
9904975
9917914
9918653
9920346
9932586
9937537
9940246
9941531
9941625
9943337
9944993
9945364
9957076
9970550
9971897
9974746
9987980
9992112
9992607
9994704
9996633
9999211
