7112
10679
10732
17453
23507
23858
32641
35171
36303
41240
42286
42474
45232
46055
49942
62116
64935
68250
76726
77184
84396
85016
86435
88625
90254
91756
91933
99929
101318
101880
102272
109121
128141
131107
133217
140302
150329
152833
154012
163581
172478
173717
175424
177714
178084
178953
179793
184327
185366
185841
185949
192010
193427
197362
197886
211061
211249
212586
218735
220916
223380
231234
233858
234820
247682
248973
268860
271245
274406
277400
277918
278649
283199
284200
284223
284784
287836
287930
292339
294915
295482
297718
303851
307070
314970
322152
327042
327278
330123
330230
334094
336435
341338
346335
359029
365625
366289
369887
378118
379230
379511
396449
398615
399854
401424
404954
405350
407704
409494
413858
416321
420529
422164
424401
428634
435199
435994
437223
446389
453746
454339
455759
456408
458672
468704
472813
474669
475394
477547
485551
489404
500456
505030
508185
512925
514544
530394
540058
540965
546154
547622
560640
565651
569557
571522
572108
577536
579059
580760
581932
585937
588074
588968
595771
596629
611615
617440
623396
630277
630608
631774
633336
637924
645532
650280
653796
657376
658544
659752
666596
669103
669789
681466
683826
691088
691765
696731
699180
700661
708767
709870
710396
712911
718574
720748
722037
724084
725776
731885
737276
745219
751388
753914
761159
765434
768532
773570
775259
781507
788574
788744
788961
791863
794627
807995
810888
813883
825472
825579
834015
838659
849614
858850
860625
862907
866785
881821
886036
899747
902142
906220
906309
914366
914574
917492
919227
920576
920727
926687
941776
941952
943020
948689
952474
974539
975662
987252
988508
992345
997246
997562
1002360
1006980
1022961
1028029
1029858
1031522
1034087
1040723
1049556
1056096
1057209
1057464
1064812
1068747
1073113
1073135
1081441
1086798
1095107
1100461
1111997
1116867
1118266
1118275
1119123
1119172
1121978
1132304
1137057
1141274
1144688
1147452
1148199
1151222
1158042
1173934
1174454
1176732
1179109
1179787
1182839
1185171
1185357
1188306
1191649
1195658
1195699
1196197
1196948
1197228
1205417
1205945
1206420
1207238
1211966
1218386
1219690
1226540
1228276
1230541
1231502
1234141
1234919
1236144
1236782
1237228
1239081
1244312
1252745
1255789
1258618
1262427
1262626
1265677
1268294
1270784
1274610
1274750
1275122
1282243
1282258
1290880
1299862
1300635
1305754
1307231
1315503
1322410
1323240
1323827
1336519
1342348
1346161
1352673
1358078
1358977
1359019
1376633
1378991
1380478
1381758
1383398
1384955
1385072
1386871
1394337
1395023
1404854
1406725
1422475
1422977
1423685
1432949
1435973
1438007
1448910
1450032
1456451
1456499
1460119
1461853
1463611
1464409
1466324
1468272
1478965
1479080
1479263
1481522
1482987
1485039
1487088
1494446
1496601
1498317
1502676
1504396
1518024
1518384
1519855
1525406
1530528
1531125
1532102
1543235
1544128
1553655
1556757
1557604
1561621
1562288
1563254
1567977
1568681
1575862
1578957
1579119
1582944
1583815
1584275
1588905
1591021
1592116
1603218
1616716
1622498
1632123
1634066
1635131
1635447
1637879
1652409
1666727
1667842
1684708
1687961
1689051
1695148
1698115
1699084
1704953
1705269
1705803
1712828
1713011
1714068
1715871
1723767
1733023
1735849
1737997
1738403
1741191
1745331
1745469
1748157
1757916
1758397
1759398
1761367
1764639
1770923
1771946
1772831
1775066
1781427
1787845
1794877
1801930
1802915
1808366
1812015
1822147
1822508
1828449
1829293
1829586
1830008
1839178
1842785
1856191
1857271
1858413
1867233
1867458
1870372
1872548
1884356
1892728
1895641
1897413
1899734
1900533
1900733
1901009
1908440
1921138
1922854
1922954
1934892
1936455
1938414
1938663
1940180
1942032
1943363
1948395
1954745
1956957
1960131
1963265
1967318
1972031
1980849
1982100
1987084
1988791
1991896
1995893
2006717
2015033
2021155
2023405
2032729
2033771
2035737
2037125
2039612
2045026
2045812
2053708
2070562
2070767
2073505
2076501
2077070
2084745
2086846
2089404
2090574
2100306
2100708
2101319
2111298
2112245
2113976
2114025
2114459
2116142
2116206
2117890
2121732
2124369
2128972
2130228
2139672
2143393
2143756
2146101
2146551
2147537
2148034
2149014
2150917
2151814
2154272
2155568
2156002
2157673
2158112
2169225
2175290
2178868
2179147
2179999
2181915
2182998
2189289
2191364
2191978
2200073
2201020
2204959
2208860
2211507
2213594
2221278
2221436
2222705
2227359
2231009
2243149
2246978
2249666
2261394
2261762
2263563
2265456
2266058
2269462
2273477
2274411
2275715
2287089
2289214
2295921
2299814
2303510
2309202
2317355
2318066
2318899
2322198
2322476
2323025
2324099
2328895
2328949
2342307
2343685
2355338
2358949
2372055
2379444
2383135
2384306
2384892
2393448
2396792
2402531
2412415
2427002
2428548
2433460
2433848
2437578
2444987
2445234
2448768
2449838
2460491
2463979
2464298
2472045
2472986
2477466
2484750
2485708
2494675
2495451
2499042
2502253
2505649
2507796
2518595
2520894
2528462
2532352
2537761
2541851
2544157
2544858
2550101
2550744
2557360
2558361
2559624
2561241
2562573
2562664
2570968
2571243
2581582
2583285
2584723
2587141
2591647
2594358
2596351
2597659
2602241
2602272
2604000
2606436
2607687
2609199
2623975
2626588
2635247
2637099
2645569
2645790
2652889
2655087
2661959
2662745
2665606
2669083
2675680
2685049
2685109
2695885
2700817
2703076
2723035
2723945
2726227
2735609
2736388
2739486
2752223
2757514
2766147
2779531
2783810
2785675
2785744
2789188
2792536
2806705
2811574
2812506
2824184
2829443
2832227
2833416
2835224
2839692
2846501
2856071
2862642
2863609
2885721
2886019
2886259
2888231
2893532
2897233
2897547
2902601
2902726
2902880
2908372
2908527
2912068
2912998
2914108
2920907
2921696
2922536
2940767
2941040
2941386
2943647
2944813
2947582
2952163
2955603
2956599
2960115
2961163
2971614
2977516
2977759
2981174
2986452
2989705
2991902
2992671
2994166
2994417
2995784
2997509
3004589
3007220
3015248
3018954
3022751
3023785
3024598
3030558
3030738
3031224
3032756
3033690
3035103
3039052
3049532
3066245
3069173
3070559
3073884
3081887
3100847
3101523
3112492
3121984
3122284
3128496
3134491
3136027
3139233
3139412
3140195
3148513
3151275
3154095
3166603
3172991
3174711
3177376
3181107
3181194
3182773
3189116
3191069
3193095
3198079
3199669
3201186
3202888
3205074
3206438
3209277
3212322
3215875
3223829
3225980
3229061
3233405
3236979
3240446
3244221
3251589
3257878
3258654
3271544
3274233
3281911
3293604
3294436
3302641
3305312
3309863
3312081
3314084
3315148
3315839
3320133
3323324
3323545
3326934
3330273
3341482
3350129
3353970
3360554
3364765
3364959
3367673
3367891
3368577
3370811
3386966
3396686
3403171
3410435
3411018
3416025
3421492
3426021
3431224
3433079
3434404
3439772
3440474
3448613
3449845
3450582
3457946
3461897
3464229
3468771
3470898
3479199
3481139
3493392
3501409
3512325
3516901
3520471
3532564
3532803
3534407
3534613
3538940
3542159
3542245
3545622
3546551
3548086
3557678
3567090
3568171
3570761
3583730
3591190
3602896
3603451
3612722
3614039
3616817
3616906
3632795
3635152
3639774
3641190
3642811
3644207
3646416
3647920
3651001
3659853
3661416
3661524
3662619
3663146
3671521
3677277
3680715
3683550
3696121
3698432
3700739
3702072
3710046
3710420
3710676
3715110
3718397
3726229
3730445
3739466
3741558
3744271
3753615
3753795
3770028
3782027
3784056
3789191
3792024
3799168
3802347
3803512
3804035
3804579
3807149
3807994
3812437
3812655
3813329
3814912
3818922
3820327
3822963
3825203
3825211
3825213
3826666
3837848
3837860
3838398
3839523
3855617
3859476
3860074
3862610
3864891
3873515
3878321
3880902
3887279
3904176
3907735
3908460
3908753
3910985
3917079
3918428
3924021
3932377
3947711
3949339
3952908
3954021
3956713
3959264
3962421
3965314
3967202
3968056
3969932
3970202
3975379
3976265
3979149
3982500
3983200
3984702
3989927
4005105
4010131
4010406
4016738
4018750
4027669
4041135
4043438
4044656
4050009
4056673
4067222
4067537
4071344
4071705
4075033
4077987
4081540
4083611
4085560
4088813
4092045
4096907
4099218
4100063
4102969
4104037
4104957
4109750
4110402
4111277
4114128
4116958
4118472
4123144
4132030
4139292
4142428
4145535
4146755
4147293
4154798
4157859
4162736
4167171
4167942
4171380
4175077
4175334
4175973
4177496
4181075
4182235
4185986
4186881
4193247
4198242
4204633
4207581
4213009
4216373
4221399
4230494
4238372
4244591
4247190
4248821
4252184
4252626
4253512
4258415
4259898
4265411
4271374
4273423
4281142
4282904
4291304
4292352
4314268
4321995
4322557
4324969
4331110
4333160
4335647
4337871
4342591
4344463
4356943
4358853
4364952
4365558
4366496
4371697
4372063
4374753
4375687
4384109
4384530
4391724
4392606
4401668
4405987
4420722
4438134
4440195
4442083
4444244
4445868
4451917
4452012
4461348
4467717
4470101
4475913
4483682
4484212
4488366
4490121
4491330
4492818
4496980
4502816
4504353
4504720
4506857
4522345
4525645
4528366
4535940
4536950
4546878
4547734
4550156
4552276
4553759
4561209
4564268
4569497
4571352
4579120
4581693
4583154
4584357
4584726
4588147
4593881
4595877
4596157
4599558
4602672
4603932
4605671
4605991
4607963
4610984
4626134
4626600
4637116
4639524
4640034
4642092
4642543
4654057
4665436
4666491
4670872
4671780
4676515
4677554
4684693
4685956
4694068
4698243
4698638
4703431
4711751
4713985
4717633
4718373
4719178
4721049
4721695
4722632
4726398
4731367
4735374
4737496
4743350
4746397
4746754
4746856
4751938
4754494
4758369
4759393
4769580
4770388
4775617
4776358
4780001
4781439
4783160
4786695
4796605
4805183
4807438
4810177
4815623
4819738
4822749
4824989
4830740
4836022
4836762
4836851
4836928
4839608
4841443
4841592
4848694
4851819
4856418
4856614
4859256
4860107
4860299
4863004
4863834
4865564
4869308
4880363
4882673
4887978
4890706
4896144
4896185
4898296
4908981
4920537
4925320
4926469
4936272
4939360
4944494
4959026
4970312
4970350
4974187
4977341
4980073
4982019
4984918
4989486
4989818
4992789
4995080
4997208
5000396
5000567
5003189
5003726
5003974
5004006
5006872
5011333
5016476
5019257
5021445
5021662
5025040
5030979
5039912
5042091
5043319
5043582
5047373
5048932
5067408
5074944
5075560
5076472
5094665
5101172
5102691
5102985
5105034
5107246
5112869
5115640
5119132
5129018
5130835
5132435
5132562
5137987
5142916
5153771
5154926
5157839
5158592
5160190
5165250
5180175
5181179
5181253
5184609
5188748
5195159
5198367
5200851
5202642
5211680
5211946
5211980
5214572
5215795
5223172
5226866
5239550
5243479
5248722
5249762
5250314
5251171
5252825
5256116
5260120
5265392
5269525
5274023
5277333
5278796
5281450
5289774
5309110
5310709
5311495
5312047
5321479
5325721
5331351
5336597
5336796
5337020
5343300
5344794
5346258
5347830
5347959
5350824
5353267
5359616
5365927
5366400
5366511
5366858
5378746
5380263
5384546
5384649
5387018
5387121
5395697
5395820
5405855
5409424
5410491
5411854
5412666
5415601
5421216
5425695
5427182
5437765
5439131
5445606
5452233
5453603
5454930
5468153
5471405
5479375
5482280
5483844
5486750
5491822
5494234
5496983
5497417
5498076
5501000
5502060
5505584
5509073
5509420
5513441
5517985
5521752
5528216
5531686
5535490
5539273
5542510
5543946
5545602
5549158
5554494
5555388
5556081
5557285
5560620
5561561
5564029
5566833
5570873
5571137
5572995
5577355
5585626
5595606
5597715
5606939
5616039
5616104
5621999
5625599
5626311
5639431
5645583
5663532
5664584
5674148
5674312
5688773
5709159
5709435
5712478
5716314
5718349
5719474
5719963
5725993
5732287
5748844
5751390
5761624
5779824
5784220
5790493
5791414
5794558
5797098
5805917
5807309
5811657
5820157
5825337
5829643
5836957
5837543
5837918
5838160
5839450
5841751
5850170
5850397
5864005
5865888
5867652
5870987
5871506
5872891
5873924
5874704
5881086
5885017
5894218
5894948
5896574
5916402
5919518
5927363
5929101
5931145
5931350
5932982
5935747
5937341
5940581
5943664
5948105
5954689
5956570
5963001
5963400
5970094
5971525
5972869
5977005
5977916
5979644
5981549
5983355
5985354
5987046
5989897
5990144
5991469
6001653
6002790
6011806
6016164
6020357
6021553
6021623
6023050
6031314
6041956
6043962
6072683
6083139
6085137
6090707
6105971
6113671
6122576
6124621
6125114
6128600
6129507
6130292
6134149
6135092
6143759
6146613
6147855
6149922
6155794
6164131
6164576
6167363
6167664
6169565
6182552
6183646
6212685
6220985
6223831
6240617
6261272
6263474
6263694
6265940
6267479
6273136
6275878
6276963
6278470
6285406
6286663
6291834
6296555
6300957
6304342
6317187
6319891
6335634
6336425
6339287
6344875
6348613
6348952
6351686
6361257
6361893
6367512
6372954
6377416
6379791
6385789
6386317
6391275
6391439
6405210
6405561
6405792
6411129
6418578
6420219
6424898
6426200
6429773
6438551
6443597
6450950
6452476
6454279
6468307
6474258
6482100
6485191
6486740
6487675
6488777
6489766
6490676
6501077
6502912
6502957
6503514
6503841
6504728
6504943
6505886
6506589
6511242
6517789
6523585
6533521
6549670
6550389
6555074
6558555
6559132
6571452
6572630
6572653
6578557
6582291
6582981
6585703
6589631
6594160
6594200
6595653
6596341
6599418
6607041
6609997
6612250
6614701
6615661
6616358
6617658
6620494
6620767
6624326
6632102
6632987
6633141
6634449
6643606
6648544
6650807
6651474
6654945
6656322
6659518
6664395
6665102
6666942
6670504
6679070
6682385
6682495
6682706
6685952
6690908
6691070
6691744
6698504
6698747
6701039
6704053
6713484
6716570
6718146
6720211
6723617
6735648
6740958
6744292
6745598
6754759
6758673
6766206
6768818
6769847
6778070
6784532
6792481
6799913
6802737
6804478
6805026
6817407
6818407
6820009
6821276
6834810
6841001
6844831
6844837
6845505
6859819
6861050
6866672
6870322
6870410
6879134
6888136
6892952
6894628
6896345
6897024
6900735
6904697
6906780
6908425
6912417
6916845
6917546
6918231
6921191
6921369
6922304
6925812
6934275
6940238
6942017
6944208
6951806
6952301
6952978
6955488
6959136
6962176
6964813
6968074
6970071
6985506
6991208
6992822
6993396
6998786
7002586
7004835
7012106
7015163
7018445
7028257
7034246
7041487
7050779
7052696
7054217
7058969
7059780
7059890
7061892
7068377
7074337
7076707
7077999
7080353
7080575
7081864
7091899
7092646
7092850
7096932
7097024
7101279
7128395
7132006
7133521
7136830
7138227
7138410
7143743
7154704
7155977
7162995
7164238
7165317
7168216
7170799
7171373
7173985
7176155
7178053
7181136
7183579
7199485
7205362
7206440
7214560
7215368
7215673
7216983
7224297
7229607
7232029
7233093
7235383
7238734
7247457
7251754
7254818
7260206
7260267
7265175
7268532
7273896
7277805
7278974
7290640
7296868
7297792
7299056
7315943
7316141
7316194
7321595
7322132
7334276
7343736
7347804
7354417
7356635
7357684
7359237
7359499
7360931
7373368
7381211
7384520
7393030
7397638
7398643
7403081
7404798
7405166
7410949
7418934
7421258
7424330
7424608
7428796
7436501
7441736
7442050
7443520
7450376
7456309
7458034
7466144
7471739
7480047
7481331
7482550
7482568
7482661
7487393
7492622
7497181
7498849
7500203
7507073
7516608
7518059
7525123
7528215
7529730
7529940
7530238
7530868
7533476
7534167
7534523
7538950
7539010
7541877
7546142
7550889
7555710
7558386
7559287
7566469
7568190
7575553
7579137
7581681
7584280
7594817
7595753
7596750
7600965
7607721
7609494
7613243
7616317
7637669
7640372
7641616
7659769
7667879
7668189
7679136
7689126
7694242
7695677
7698072
7700228
7700704
7701824
7702109
7706232
7706515
7707424
7710683
7715998
7726131
7727479
7731358
7735571
7746389
7749709
7753489
7758974
7759069
7761130
7762990
7763445
7767514
7773828
7776186
7780973
7781962
7783543
7787656
7789871
7796942
7798122
7798982
7800333
7815073
7816976
7817371
7821923
7823074
7825472
7833661
7837181
7837982
7838646
7840242
7841677
7846679
7855198
7861947
7864800
7864987
7876339
7881197
7882804
7884127
7887094
7887695
7888987
7893852
7894780
7898355
7900793
7908823
7912851
7915731
7917363
7918003
7921619
7921638
7924332
7932233
7932998
7934934
7936469
7946702
7947702
7950619
7951696
7953183
7955231
7955438
7964346
7983252
7985802
7986658
7987873
7988292
7997993
8001724
8006927
8014372
8023764
8024029
8028293
8034217
8035601
8042847
8044448
8046404
8054879
8072116
8079974
8080630
8082060
8083469
8084065
8087907
8087971
8092069
8099532
8100518
8105721
8111132
8120919
8121801
8122747
8125059
8125206
8130684
8134063
8135298
8139269
8142936
8144667
8151881
8157686
8159493
8160341
8162283
8167910
8172080
8174063
8175459
8177399
8179915
8181685
8182890
8188468
8189912
8191530
8195214
8195414
8195899
8197265
8202897
8207575
8208921
8212369
8225921
8227874
8234441
8235698
8239400
8245934
8246481
8246685
8250474
8255776
8262089
8263675
8270695
8271193
8273563
8275462
8277128
8282620
8283198
8285535
8286112
8286701
8289632
8292299
8294934
8299963
8313708
8314848
8315205
8317595
8321261
8321374
8324064
8325122
8325995
8331213
8333312
8336088
8336387
8337619
8340505
8341437
8343105
8344901
8351245
8352986
8353924
8355985
8369868
8371245
8373338
8375241
8377164
8380883
8387483
8389932
8401026
8403914
8405187
8410316
8417143
8417935
8419276
8424416
8425269
8426671
8429571
8432980
8435769
8439367
8442494
8442796
8446335
8452854
8459370
8462219
8463315
8467259
8467508
8469658
8471921
8473789
8473818
8474138
8475205
8478940
8479116
8481832
8481879
8490403
8491559
8503998
8507076
8507954
8509841
8510989
8511762
8513402
8522192
8526316
8529079
8529460
8533864
8534992
8540434
8544624
8553986
8555420
8562286
8563657
8578428
8582503
8585949
8586045
8597530
8598543
8603325
8603931
8606474
8613839
8618526
8623927
8624952
8628293
8636262
8643688
8650939
8652924
8653557
8655306
8655747
8661817
8666912
8667234
8668719
8671983
8681136
8686444
8696749
8711499
8714937
8719368
8722514
8723045
8725344
8728818
8730149
8739177
8744604
8746414
8747382
8750244
8756433
8757500
8760278
8773230
8776903
8786094
8790172
8793061
8800451
8800569
8802223
8805099
8808556
8809771
8810097
8815139
8818939
8819303
8822665
8826150
8828689
8829489
8831407
8831551
8835953
8841365
8842240
8851250
8852803
8853312
8858120
8868990
8875832
8876812
8879242
8887593
8889818
8891227
8901813
8904541
8916115
8925398
8936024
8936085
8944474
8955334
8956364
8957530
8960403
8964094
8965339
8971364
8972206
8975665
8981905
8982874
8990073
8991194
8991947
9010720
9019917
9026382
9029379
9030881
9035750
9036439
9039507
9042977
9045502
9047112
9048476
9051077
9058031
9059410
9059716
9061508
9062012
9065766
9066226
9076928
9077458
9080101
9083308
9084400
9085052
9093055
9094021
9098146
9105389
9110987
9111326
9112030
9123945
9125301
9128830
9136358
9138627
9145222
9149745
9158132
9160618
9168851
9175985
9180992
9182185
9182715
9186478
9187092
9188610
9189196
9194812
9199276
9200316
9201624
9201916
9210823
9210866
9211671
9214940
9216749
9226108
9226430
9231786
9232597
9234930
9235555
9236813
9241224
9241675
9246867
9249866
9252926
9253010
9259311
9259923
9261549
9265500
9266579
9266626
9274955
9280229
9285729
9301483
9306472
9307326
9311349
9313864
9314112
9325467
9330580
9341308
9342318
9343981
9344891
9353531
9354208
9357681
9359973
9361122
9371782
9372662
9380365
9381816
9384012
9387075
9390619
9393606
9395003
9395744
9399861
9403153
9404857
9405807
9414999
9419490
9420342
9422183
9422344
9424259
9428739
9433665
9434896
9440730
9449695
9451360
9451742
9459708
9468159
9468294
9498596
9505154
9508961
9531012
9537339
9540122
9547205
9550221
9551541
9552295
9557844
9562524
9570501
9571055
9585842
9589791
9591532
9603580
9604983
9605416
9605939
9606650
9617511
9627289
9628418
9647890
9650441
9651375
9651956
9672566
9672633
9674531
9674948
9676297
9678717
9681464
9683265
9691277
9695276
9699703
9704180
9716262
9726537
9727032
9729614
9730167
9732629
9733386
9733824
9755631
9759437
9762557
9771992
9781217
9781369
9788873
9790866
9793737
9794075
9794187
9795255
9799256
9812242
9817150
9818670
9822599
9824678
9824731
9829539
9837686
9838960
9839133
9840965
9853416
9863631
9870032
9874543
9876224
9876990
9880744
9887538
9899250
9904355
9906122
9908413
9913403
9916824
9917965
9919528
9923276
9929750
9937456
9940457
9942061
9949111
9950119
9955471
9957222
9959460
9961325
9966293
9967998
9992260
9995977
9999202
