2944
5780
8478
10414
11320
11586
14854
15330
15580
16485
18044
22778
24627
28195
38178
38510
40011
50519
53907
56247
62397
73783
75826
87077
87186
87884
89940
90507
92604
93504
100987
103994
105373
112591
116315
116763
121433
123648
129524
133850
137587
140957
141439
147298
147989
152889
158724
167132
169065
170226
170577
177379
183342
189355
193583
197176
201492
204123
207135
216363
218341
226244
233777
234879
239544
245338
247612
251230
252230
253413
253480
256774
258387
262113
274567
275942
276017
280349
281035
283662
296365
302037
302136
321564
323840
330775
333567
335599
339744
339874
342441
344048
350984
353672
354467
357008
358526
359633
363221
368229
368974
370947
382232
384485
392880
403221
406897
409269
410000
413070
414312
422908
423110
432542
433532
433915
436945
443877
448859
455280
460707
463608
464077
473946
474729
475051
476736
479794
482033
484377
485519
492661
495381
497568
498453
500232
510296
514116
518523
534584
550508
552599
552705
559664
567056
571950
583271
583616
584819
587924
588860
589210
590410
598813
601633
607191
609229
609492
611306
611765
612346
624937
625483
626355
629785
631861
632572
641485
647839
654573
659428
659440
662648
662964
663198
666211
670982
671782
673935
675140
678512
684089
689693
693395
696915
697167
702186
708864
718417
724080
728962
730232
734722
735345
741369
746297
753686
753940
761146
768411
771275
772577
777043
781234
788337
793156
800420
806738
829211
830012
840539
843599
846474
856557
857108
857360
875175
876726
877184
884824
887729
899010
899387
906803
908077
914112
916040
921461
928564
930634
932549
937093
947047
948671
949260
955524
956548
978460
979466
983839
991745
995627
1000885
1012190
1016697
1021586
1021694
1023126
1023286
1024025
1029559
1034454
1037960
1039424
1042081
1042481
1044072
1044867
1045726
1045834
1046546
1048948
1049431
1050968
1063440
1066001
1066594
1067155
1070320
1071069
1074684
1082025
1087985
1088706
1093144
1093389
1096428
1096667
1097124
1102536
1103395
1103754
1105365
1119773
1123309
1125754
1129178
1132083
1146549
1147806
1151915
1152194
1155537
1159816
1167045
1168388
1171534
1172816
1181361
1191708
1194002
1196179
1201508
1202798
1207732
1209061
1211130
1211543
1212077
1217225
1219323
1226429
1230101
1231779
1233796
1235279
1239640
1240195
1240903
1243395
1243843
1256613
1262194
1262644
1264755
1272212
1272867
1274382
1275139
1275780
1278686
1279993
1280387
1282259
1282866
1289153
1307850
1320128
1320686
1321478
1322043
1334696
1338338
1339861
1341846
1349892
1352105
1354823
1359389
1366739
1374036
1377793
1378176
1382557
1383977
1386466
1386805
1387678
1399771
1405846
1406448
1406823
1409716
1420006
1420336
1423299
1430028
1433188
1437379
1438102
1447103
1451032
1457051
1463652
1469062
1469230
1469620
1469793
1473020
1482648
1486661
1487743
1489347
1494572
1499511
1506025
1507534
1507923
1509061
1510373
1511331
1514315
1518227
1522743
1523141
1525164
1526397
1526606
1528016
1529480
1531559
1537899
1541903
1542211
1542898
1548254
1549618
1552615
1553738
1555767
1556085
1560277
1563034
1563577
1563890
1564152
1574301
1582860
1583095
1589135
1593161
1595093
1595348
1602617
1603750
1606147
1609739
1614126
1621055
1623990
1624806
1626766
1632097
1640537
1640973
1641153
1641506
1642802
1649433
1659975
1665985
1669425
1673348
1681933
1694157
1696295
1698659
1703542
1708172
1709632
1715810
1725511
1726383
1726956
1736134
1738447
1741833
1742556
1747534
1751373
1753562
1755166
1759438
1773990
1777953
1779620
1780276
1784168
1789078
1789147
1802273
1804156
1810849
1811167
1814679
1823019
1823023
1824708
1825675
1833108
1837770
1841601
1844717
1847584
1857549
1862351
1864112
1866664
1870265
1871446
1872986
1880306
1883194
1886977
1889984
1892268
1894202
1895979
1901431
1902669
1904186
1918186
1924608
1924841
1926022
1926120
1928346
1934179
1942578
1948342
1949382
1954506
1959711
1961775
1963503
1963515
1964039
1968321
1975576
1976984
1980725
1986433
1994611
1999842
2009394
2013685
2016265
2017747
2020366
2029998
2031072
2032847
2042679
2044445
2044561
2044604
2055115
2059266
2062163
2064155
2064207
2067606
2069735
2093443
2094240
2097253
2101552
2102592
2108888
2113650
2118316
2120693
2122617
2124705
2127535
2129067
2140403
2145807
2147522
2157698
2168675
2170874
2175557
2187859
2189105
2190933
2193812
2200166
2208152
2221351
2222368
2223260
2224071
2225182
2231055
2236333
2238489
2240341
2244464
2246746
2246757
2253529
2253819
2256963
2257401
2260617
2264824
2270903
2278319
2281628
2281956
2283337
2291537
2302498
2305161
2307691
2308110
2311661
2322147
2328864
2330196
2334243
2338727
2344519
2347719
2351454
2352672
2361631
2376523
2378821
2380358
2380702
2382149
2383026
2383645
2384055
2389066
2398492
2399849
2404317
2408695
2413808
2417343
2419134
2424265
2425650
2427837
2431306
2435173
2439716
2440504
2440635
2446605
2451269
2454011
2454748
2458559
2467385
2469680
2470965
2472333
2478649
2480338
2480476
2499089
2503415
2505704
2508451
2510913
2512079
2515666
2517248
2520028
2520795
2521909
2523729
2530397
2530482
2540419
2547615
2548070
2558157
2561224
2564344
2577333
2580704
2582254
2583663
2588531
2592460
2593446
2594989
2596912
2597833
2607451
2608077
2615911
2624283
2640114
2641853
2654900
2656801
2659373
2663150
2663946
2664553
2667537
2668384
2670443
2681236
2704161
2714567
2714805
2715928
2725078
2740140
2746299
2753304
2759315
2760742
2761994
2765889
2766566
2769290
2769427
2774520
2776062
2777297
2778213
2783038
2787275
2791602
2794244
2804611
2804760
2806569
2819209
2829389
2836660
2837223
2837932
2839636
2844372
2852704
2857824
2871638
2878050
2878321
2886973
2899508
2899961
2902328
2907504
2908727
2911652
2912434
2916892
2917965
2927698
2929287
2929918
2936349
2941104
2944457
2945703
2946574
2947305
2957352
2972250
2977201
2977757
2980198
2982365
2994549
2998478
2998543
3004663
3012738
3015474
3015971
3016628
3022106
3024414
3028193
3033163
3035499
3035946
3041677
3044356
3046230
3050012
3060547
3062484
3063327
3064989
3066521
3070398
3071758
3076313
3077597
3081873
3091697
3095965
3100471
3101832
3105972
3115915
3118632
3119381
3129314
3132020
3135528
3140128
3141103
3142781
3143370
3144548
3145079
3146891
3151805
3159335
3159545
3166313
3172665
3174041
3175933
3176583
3182051
3182741
3184147
3185770
3189670
3200687
3203446
3203550
3207855
3211151
3213592
3216287
3219577
3220505
3222693
3232494
3233383
3256360
3258096
3259263
3268328
3272717
3273482
3280333
3281522
3282903
3293031
3293505
3303506
3305625
3313285
3316320
3316620
3318585
3319492
3321929
3324325
3324860
3331681
3333380
3335489
3336445
3336897
3340026
3343581
3345451
3348306
3350949
3360779
3371555
3373296
3376408
3376904
3378466
3379738
3384682
3386729
3388855
3397246
3397546
3403043
3403497
3404296
3406779
3410534
3414025
3424251
3428254
3429093
3429508
3430315
3442873
3445420
3445897
3446189
3449683
3451923
3454569
3455563
3456747
3457470
3461813
3464061
3486832
3490070
3494120
3499530
3511647
3515626
3517353
3524461
3532157
3533010
3533148
3534969
3536391
3541323
3544430
3551289
3553722
3558604
3558912
3560949
3563905
3568773
3569346
3586264
3592631
3593687
3606096
3612640
3615283
3621013
3622548
3622984
3623471
3623815
3623827
3624495
3625356
3652407
3656685
3658497
3660772
3662285
3669166
3673287
3684431
3686747
3695482
3698181
3720163
3720629
3736707
3737737
3743871
3744520
3745514
3747126
3747526
3748214
3749327
3749862
3750233
3751926
3757367
3761025
3763535
3765812
3766118
3768844
3771947
3775918
3777311
3778558
3778581
3780075
3780743
3783186
3787346
3787508
3791867
3793105
3797418
3797855
3801748
3808431
3813930
3816694
3816786
3821170
3827678
3828631
3832067
3836385
3848471
3853805
3858968
3868813
3872903
3881222
3881234
3882577
3885467
3887945
3889887
3905028
3905161
3905826
3912071
3914703
3919207
3919991
3920497
3922702
3926098
3926738
3929016
3943380
3945896
3949902
3953027
3954475
3963568
3966772
3970007
3973566
3973899
3980655
3983169
3993017
3993591
3999040
4006243
4006333
4009549
4010403
4011644
4012885
4013104
4013143
4016667
4023240
4023466
4029393
4029561
4035158
4037967
4043178
4044524
4048737
4050111
4056306
4059898
4060410
4067263
4070081
4070446
4072203
4075567
4077044
4079728
4087050
4088132
4092665
4092854
4097717
4106540
4112409
4118235
4127013
4134007
4136355
4136818
4140646
4144042
4149672
4150276
4155121
4156383
4156415
4157049
4162631
4167509
4167724
4170561
4181960
4185549
4186011
4186310
4187227
4198845
4202079
4202221
4202741
4221051
4221571
4222329
4225062
4225994
4228706
4231369
4249868
4259728
4262586
4272683
4281129
4284654
4288995
4303015
4304198
4311440
4316731
4321062
4332407
4333550
4343053
4348299
4354671
4358313
4362777
4364344
4370038
4375885
4376448
4376787
4383012
4387182
4390666
4390721
4397785
4398063
4412425
4413473
4417050
4425103
4427953
4432473
4433902
4437682
4437815
4439147
4446584
4448733
4448853
4473487
4474759
4475342
4488276
4495890
4497286
4503483
4507575
4513854
4514400
4516288
4523444
4535585
4540114
4546306
4550365
4554377
4563701
4563795
4568541
4571429
4574194
4579512
4592947
4593750
4594864
4596849
4599856
4600544
4609377
4610219
4614097
4620356
4622696
4625388
4625757
4631675
4631741
4645676
4649088
4650369
4659530
4673216
4673853
4677647
4679292
4680228
4687053
4689161
4697106
4704757
4708945
4720446
4722472
4725305
4725567
4731035
4742420
4743450
4743910
4749576
4753473
4754587
4759621
4762998
4766893
4770299
4773076
4777685
4780541
4781653
4782711
4786009
4790717
4792344
4793719
4802440
4803385
4803612
4804075
4810611
4812277
4815655
4815909
4822229
4822902
4831396
4833025
4836363
4836521
4846875
4851815
4873995
4879670
4890628
4902815
4904594
4913034
4916143
4916591
4919168
4919338
4921248
4926889
4933408
4934591
4947668
4951750
4956200
4958968
4967030
4967930
4970960
4971373
4975571
4976700
4979341
4980190
4982113
4984632
4987462
4993026
5004383
5006198
5015372
5028961
5033001
5033805
5035746
5036485
5040816
5043342
5044694
5052806
5054810
5054978
5057299
5060855
5073125
5077130
5077408
5080257
5083577
5084392
5086026
5088377
5095054
5122663
5123093
5124965
5129385
5130691
5131152
5134230
5138643
5148923
5154743
5154784
5161871
5169497
5172655
5177486
5184852
5185665
5189735
5189844
5194954
5201310
5213216
5219269
5223028
5229945
5245914
5258752
5260853
5264047
5264191
5270835
5270940
5273423
5287609
5291018
5291642
5291682
5292052
5293287
5298174
5310796
5313810
5315264
5315406
5316316
5326476
5328524
5331405
5332031
5332044
5333549
5337874
5342433
5342683
5347527
5350644
5351498
5353321
5357301
5360536
5367112
5367970
5369607
5372081
5372925
5375998
5378296
5380559
5383746
5383769
5389895
5390213
5392580
5393045
5396625
5401876
5405318
5405634
5405853
5406955
5417210
5418738
5420651
5421802
5430087
5434775
5444177
5448843
5457042
5468406
5472590
5476805
5483836
5489239
5492238
5493628
5494105
5497579
5499020
5503012
5504175
5504922
5512055
5513247
5525630
5528195
5529197
5536039
5538248
5542833
5547413
5550605
5552555
5557036
5557429
5559537
5562677
5565107
5566633
5569454
5571294
5583871
5586107
5587178
5595624
5596955
5599573
5605751
5607356
5607748
5609908
5611448
5614465
5618837
5623789
5631310
5635011
5636820
5640819
5652002
5658053
5663811
5671638
5674441
5676178
5678095
5679218
5680063
5683545
5686784
5687560
5689181
5703836
5712393
5716495
5722645
5724693
5724908
5730634
5730787
5739357
5766485
5771671
5782873
5783958
5785734
5790134
5791154
5792173
5794061
5799675
5805233
5813568
5817103
5817998
5821678
5822025
5822566
5832947
5835887
5838016
5838106
5840544
5841750
5847456
5847910
5849998
5853140
5857561
5858817
5863163
5870657
5872947
5879171
5884673
5888533
5891623
5899106
5906181
5908582
5908882
5914483
5918256
5922378
5925347
5926967
5933132
5935202
5936712
5939232
5948120
5949264
5951404
5953206
5955022
5959264
5967873
5981771
5990570
5997153
5998027
6008900
6008980
6015556
6017068
6018235
6021043
6024683
6028614
6032278
6033509
6041846
6042819
6047420
6049129
6054735
6057781
6059434
6061969
6061979
6069933
6071789
6073719
6076464
6078483
6082002
6083009
6084472
6084501
6089398
6090605
6094849
6107032
6110663
6120489
6129177
6132595
6137661
6139388
6141816
6145221
6153321
6163560
6169822
6180345
6182009
6198325
6203989
6205757
6207792
6208840
6213443
6214073
6215564
6221060
6224058
6224888
6227925
6230610
6245227
6246739
6254786
6256559
6258308
6266015
6267812
6270229
6274143
6275061
6277233
6294565
6297581
6299251
6301319
6301584
6308158
6308196
6313431
6313701
6317605
6319746
6325598
6326858
6331193
6335811
6338131
6338876
6340156
6341430
6342674
6342976
6346955
6348538
6351385
6357269
6363944
6368961
6378773
6381788
6382237
6385624
6390415
6397395
6404932
6411865
6413456
6420082
6421759
6427371
6431677
6440398
6442012
6443228
6446414
6447800
6448463
6449008
6449121
6450248
6452918
6453411
6462311
6463731
6467066
6472460
6473467
6474392
6476304
6482904
6485629
6486832
6497258
6498560
6505633
6519508
6520740
6529645
6531826
6540701
6546651
6550654
6554106
6554877
6555395
6566803
6570285
6573937
6575487
6576220
6576353
6576929
6584495
6585333
6588327
6590866
6595321
6596835
6598062
6599030
6603597
6608267
6610977
6614661
6617894
6622302
6626583
6628339
6630935
6631081
6634780
6643033
6643153
6651252
6651372
6657373
6664420
6668576
6683987
6684343
6690379
6692143
6693408
6694318
6704852
6711020
6721821
6722578
6731324
6734274
6742028
6750402
6757386
6759582
6767001
6768841
6769474
6780255
6789319
6791166
6794353
6797957
6801582
6804151
6811246
6812956
6821704
6822818
6823446
6823551
6825882
6827149
6834304
6835265
6838050
6846041
6848434
6850587
6850947
6851063
6853594
6855489
6864606
6873686
6876716
6879754
6882354
6885591
6885669
6886276
6889335
6900754
6905582
6918078
6918424
6933639
6937550
6943939
6944852
6954670
6958355
6959066
6963187
6969449
6972344
6980899
6982767
6998108
7003484
7005835
7007036
7007826
7009951
7010208
7012511
7016540
7025707
7030982
7036249
7036681
7039412
7040692
7043279
7049724
7051934
7053151
7059948
7066772
7070880
7071917
7071982
7083887
7084916
7090404
7096389
7098127
7102965
7106173
7109822
7120709
7129065
7132972
7141279
7141828
7144759
7146145
7146913
7152217
7157768
7159738
7175721
7180291
7190406
7193024
7193072
7199446
7206585
7207011
7208081
7212323
7212973
7216177
7220992
7221300
7224373
7229188
7232443
7236999
7239205
7244540
7245276
7246471
7257411
7258957
7270154
7279429
7285784
7290170
7292517
7294894
7307649
7310990
7313516
7313767
7316165
7331635
7335166
7336161
7337263
7339450
7341640
7342153
7351410
7351537
7366040
7370798
7370947
7377120
7384052
7389858
7391102
7392454
7392804
7398379
7399929
7408029
7418519
7423385
7425966
7427501
7429639
7437660
7442489
7443861
7468144
7474761
7476021
7476785
7487841
7491483
7498632
7500244
7500305
7501780
7504460
7504892
7505881
7508053
7510874
7513531
7514021
7518624
7519881
7520267
7531022
7533777
7537454
7548537
7552957
7553349
7566281
7567902
7568349
7569672
7571089
7575837
7578073
7604806
7607722
7608662
7610526
7612358
7615155
7624941
7625727
7626982
7630300
7630457
7641368
7643663
7647124
7656233
7665165
7666570
7669047
7669798
7669824
7672517
7680848
7689028
7691289
7710711
7712665
7718453
7719889
7721502
7721801
7723123
7727155
7741480
7742029
7742816
7746079
7750419
7752152
7760197
7761073
7762659
7774171
7778253
7779900
7784480
7792655
7793854
7797519
7807002
7816029
7817474
7818080
7831753
7834546
7835374
7836427
7836647
7837396
7844620
7850641
7852022
7858605
7859072
7866407
7867469
7868780
7869479
7874966
7875243
7875808
7878094
7881085
7881876
7883383
7888194
7890610
7892089
7893115
7897448
7898067
7902762
7909566
7909733
7916331
7917864
7921410
7926025
7931065
7933027
7941383
7942089
7954184
7963316
7965013
7971232
7973605
7974145
7975197
7985272
7985657
7990928
8000204
8002370
8005745
8014857
8019916
8024290
8024499
8030156
8039799
8048686
8051063
8052698
8053153
8053501
8053710
8059731
8064121
8084508
8088690
8095356
8097390
8098166
8106466
8106868
8118183
8119376
8122171
8122976
8123140
8124642
8129766
8130835
8133336
8136141
8141233
8141957
8146488
8147097
8149259
8157578
8159647
8164853
8170345
8171363
8174148
8184157
8191040
8191956
8195181
8197960
8202699
8205846
8220493
8222533
8224167
8241814
8245848
8249205
8250038
8259037
8262232
8267800
8268727
8277386
8277473
8278309
8280519
8280815
8285545
8298397
8301577
8309231
8313123
8313985
8314214
8316366
8329899
8344975
8349166
8350278
8350483
8354405
8357437
8360275
8370268
8373615
8373881
8377830
8381025
8384598
8387056
8389485
8390395
8390559
8395492
8399565
8400586
8402931
8408268
8409158
8411445
8415230
8415661
8423225
8424337
8430939
8431061
8431236
8435464
8435642
8437342
8449102
8455863
8462568
8464929
8470030
8470140
8474351
8478240
8483279
8485801
8486178
8486431
8493818
8502143
8505429
8508378
8509950
8510256
8511429
8516878
8517002
8530140
8533220
8535778
8536087
8537230
8537892
8541983
8545819
8546296
8547129
8555266
8561764
8565352
8568063
8570160
8570438
8578159
8579281
8586451
8591182
8593833
8596101
8600237
8602869
8608128
8608610
8611492
8617888
8621232
8622408
8623645
8626009
8629249
8638211
8638844
8643001
8643482
8651688
8656268
8657785
8661284
8668130
8670275
8671873
8672882
8673689
8674100
8674362
8676828
8686314
8686575
8688368
8694844
8696428
8703555
8705273
8705920
8715014
8723246
8725689
8733051
8735566
8737487
8742621
8746559
8753807
8762423
8764235
8767303
8770413
8774953
8775562
8777484
8779389
8780992
8784685
8787507
8789320
8795059
8796948
8799084
8799558
8803326
8811539
8816281
8828491
8829146
8836749
8837925
8841393
8845567
8849504
8859990
8861087
8862351
8868343
8869597
8872249
8874809
8880952
8881061
8884917
8887787
8890543
8902004
8906981
8913784
8920483
8924346
8924876
8927585
8935248
8938695
8948055
8949739
8955576
8958790
8972744
8980437
8981176
8985612
8986316
8992284
8998805
8999741
9002778
9005956
9006065
9019475
9021462
9027986
9028377
9035045
9035200
9036901
9037154
9037920
9038436
9043447
9044192
9058544
9074298
9075192
9076660
9077063
9080638
9080723
9084777
9085731
9086515
9092616
9097723
9104327
9106397
9108695
9109022
9110509
9112065
9112359
9117697
9119305
9124474
9126168
9126754
9127884
9134186
9141525
9149054
9151346
9155599
9164372
9166780
9172094
9177035
9179157
9181937
9199715
9201147
9201212
9211312
9212727
9214451
9228815
9234552
9236828
9243450
9243633
9245062
9252390
9252642
9259185
9260220
9270243
9270402
9276417
9291702
9297862
9299906
9300036
9300124
9303609
9312710
9315503
9318437
9319896
9319958
9320473
9323894
9326898
9329065
9331102
9336496
9342679
9343253
9348218
9348425
9353178
9353675
9367075
9367271
9368813
9372742
9376912
9378773
9379280
9379766
9383886
9389499
9390488
9391927
9396369
9397025
9408571
9412443
9414494
9422715
9423156
9424408
9430585
9442258
9447714
9447717
9450988
9452660
9455995
9457346
9459937
9462018
9462617
9463901
9468587
9475230
9489899
9494314
9506545
9507521
9514281
9518071
9520123
9523540
9540954
9550721
9551715
9553334
9554332
9555300
9560404
9569023
9571632
9572182
9577366
9584931
9586124
9587867
9588378
9596390
9597990
9601989
9605390
9609279
9609781
9616645
9632060
9632471
9633120
9634554
9640497
9654832
9668551
9670011
9675986
9677743
9678961
9689185
9689557
9691956
9692460
9702527
9702999
9712610
9716553
9716801
9719619
9720905
9724249
9732165
9735518
9736600
9737586
9741871
9742758
9744321
9754966
9760469
9770859
9776889
9777350
9779322
9782301
9786244
9786379
9789341
9799041
9800913
9801797
9802690
9804155
9805210
9807695
9809183
9817208
9818225
9818377
9825728
9829425
9829589
9831818
9834350
9838574
9842331
9846227
9847759
9848953
9853069
9855528
9857259
9864749
9868864
9869083
9874880
9890880
9891002
9894577
9897642
9899944
9904262
9906309
9913584
9913605
9921704
9924447
9926370
9926565
9928698
9946644
9951224
9955928
9958026
9958229
9962958
9962971
9968279
9970232
9975192
9976639
9980905
9983338
9984410
9984872
9986378
9986540
9991826
