10433
20518
21151
25864
26414
27325
28496
29227
43872
52358
53041
54746
65137
65624
69228
86128
86599
95603
105123
110256
112868
115351
117564
118461
120538
135578
140791
145249
146270
147121
150216
156465
157641
158254
160564
163568
175501
177887
179047
179875
182456
187882
190093
193201
195551
197264
200033
220148
230804
235695
239798
249037
251583
261159
264714
266187
272350
280519
280897
281911
284043
290758
297712
304576
306514
307440
313711
315796
315881
317082
318570
324598
326149
329267
329524
331688
334440
335242
337240
342444
345210
350796
359953
361236
364239
366799
370894
371181
371245
375610
378699
380486
385928
388049
388064
389794
390317
391801
396886
407098
407611
407664
419597
421293
422523
422792
430567
438148
439365
441948
443769
445256
448849
449513
451930
459051
471547
472737
480802
481678
481942
484090
486855
493201
495040
501050
507326
510826
512202
512908
519595
526340
529591
534013
534630
535960
536322
536601
537983
538738
559715
560102
560290
561233
561695
569005
569816
570654
572477
573858
579188
581614
588799
592648
595945
599616
609842
611999
616463
617134
617626
618492
621440
625091
629712
633428
648695
650590
656323
657264
667919
674588
683973
685796
686665
686862
693846
695131
699790
702524
717962
718744
729021
729418
737820
744319
745363
746327
747638
748869
753785
753902
754558
757022
758182
771821
776483
780438
781639
790103
799478
800963
813041
813978
816758
817511
820208
825840
828318
830792
833727
835547
835596
840125
841153
843013
846174
849956
854799
861372
861708
862581
862898
872302
880552
881254
883341
885846
895740
896093
908483
909932
912130
912216
916037
918480
920207
929024
930039
946447
948886
958625
968401
970645
995643
998814
1001730
1003324
1009134
1029114
1029905
1030006
1030778
1034586
1036257
1042268
1043357
1046334
1047257
1048307
1056874
1059777
1081252
1089780
1090088
1091098
1098969
1100214
1102608
1106233
1106403
1114779
1124979
1132403
1132965
1133216
1133433
1135292
1135744
1137901
1138037
1144129
1144378
1144964
1164244
1171972
1173747
1174145
1177372
1178973
1179110
1183737
1185672
1187542
1189524
1190683
1192892
1199733
1212057
1212645
1226194
1228889
1234590
1240731
1240851
1246063
1247934
1248213
1253474
1254766
1256073
1258191
1264488
1264672
1265954
1287609
1299293
1302770
1302909
1311513
1311736
1312757
1314405
1314898
1315804
1323051
1326997
1339469
1344580
1346559
1348294
1351996
1363892
1367918
1375326
1382913
1387537
1392070
1393440
1395766
1397808
1401639
1401661
1403230
1403245
1404798
1405835
1406031
1408671
1409706
1413357
1420388
1423821
1426499
1433163
1439865
1440113
1441013
1444731
1445919
1447146
1447709
1448494
1448674
1452491
1461498
1461570
1466031
1467530
1468661
1469777
1470030
1471350
1481659
1482954
1485316
1487053
1489800
1491751
1495121
1504419
1510322
1511958
1512545
1513826
1515127
1520351
1529045
1538646
1541027
1547392
1551229
1554874
1574795
1575833
1577406
1579553
1584356
1589094
1594709
1596640
1611385
1615590
1617823
1617930
1618317
1620698
1624134
1625209
1629260
1635787
1638042
1646539
1647936
1652582
1659997
1660277
1666355
1668857
1671639
1673396
1674697
1677062
1677510
1678024
1679970
1682750
1683017
1687122
1688626
1692830
1719246
1729725
1730049
1747336
1748024
1764335
1766799
1775653
1784584
1785768
1796438
1799249
1799770
1802389
1805680
1810964
1813775
1817535
1818071
1826975
1828368
1828540
1836264
1840002
1850082
1850158
1856422
1859038
1863647
1869362
1876451
1877030
1880081
1880738
1882095
1885251
1891751
1898845
1902340
1904916
1911533
1911631
1913854
1921011
1928886
1929744
1932373
1933375
1943033
1944208
1953730
1953757
1955064
1959140
1959477
1965800
1980993
1982355
1987929
1994447
1997863
2003605
2003810
2008969
2011943
2012085
2012951
2015587
2021833
2034001
2035406
2045381
2056597
2057293
2059842
2060682
2064804
2068587
2072611
2077784
2078121
2080706
2084768
2086918
2096248
2102574
2104539
2114564
2114739
2115272
2121384
2121791
2123113
2124024
2127611
2129895
2133480
2137750
2138848
2143329
2144781
2150057
2158104
2158770
2164818
2167304
2168474
2170325
2174946
2175863
2176568
2177735
2185899
2188857
2193283
2199197
2202404
2204799
2213331
2216481
2217892
2222309
2225991
2228452
2230578
2231102
2235928
2236342
2237494
2239343
2242056
2242587
2243534
2250495
2251531
2254835
2256379
2262171
2265304
2266142
2266878
2269036
2276690
2277234
2278346
2278549
2280536
2288024
2296907
2297562
2302947
2303393
2303716
2304993
2306662
2309911
2314862
2316346
2318173
2321845
2322764
2337473
2343604
2344220
2356589
2359770
2364537
2366926
2368042
2369147
2370656
2375475
2396123
2398896
2399976
2401751
2401784
2403528
2403812
2405724
2408048
2412332
2422292
2422894
2424938
2427331
2427646
2431395
2433937
2436532
2436787
2437074
2439281
2443573
2447159
2450221
2453235
2456389
2457464
2459185
2469269
2469725
2470018
2473485
2473980
2474952
2481001
2483275
2494423
2498063
2521987
2522956
2526794
2531079
2531345
2531807
2531873
2538848
2550465
2552121
2557916
2578483
2586280
2590403
2598118
2614501
2615674
2616546
2616870
2617971
2621600
2625653
2626932
2633262
2633582
2635007
2639391
2644649
2651563
2651708
2654766
2658278
2663585
2665359
2669315
2670021
2676754
2678921
2680626
2689139
2707587
2710599
2710860
2713033
2713475
2715374
2716551
2717588
2721119
2732821
2734034
2734123
2739326
2741597
2743238
2751750
2756576
2760731
2775562
2783247
2797098
2797209
2809614
2809864
2814494
2822535
2824646
2824895
2828771
2830299
2831995
2839180
2841042
2845381
2846013
2847107
2859893
2870785
2874478
2878364
2879431
2889175
2890621
2892878
2903788
2913202
2914327
2915387
2920212
2921601
2926204
2931022
2933452
2936086
2943085
2944146
2951547
2953878
2958817
2959716
2966997
2968491
2971752
2991783
2993897
2994638
3002185
3009780
3025175
3031078
3038037
3039844
3042460
3045690
3050451
3051421
3051558
3055560
3066266
3070068
3070798
3074073
3079259
3081124
3082063
3082399
3085597
3087797
3092652
3094312
3096204
3098228
3098300
3100193
3100901
3103991
3105678
3111821
3115010
3116176
3125567
3126162
3129292
3129793
3141131
3142630
3150464
3154267
3155061
3155702
3159458
3161664
3172184
3172273
3173154
3176084
3178955
3184437
3187098
3187530
3207079
3212112
3213493
3215178
3226554
3231711
3234524
3234697
3238766
3241297
3241898
3251867
3252027
3256823
3263101
3264670
3278054
3279742
3283443
3288285
3310527
3312963
3313965
3316718
3319767
3324955
3326133
3339266
3343663
3346777
3354186
3354305
3366416
3375266
3376419
3378696
3379600
3389467
3399620
3400205
3409291
3423682
3424676
3428211
3432218
3439306
3440921
3456082
3457451
3470521
3472029
3473331
3479262
3481309
3486801
3494563
3495657
3496278
3501069
3502986
3504740
3504745
3512575
3513030
3516326
3526947
3540410
3562678
3565140
3565674
3567658
3569278
3572222
3581179
3581531
3594192
3594337
3596134
3599118
3600987
3602310
3606313
3611044
3612261
3612856
3619244
3623971
3624787
3626753
3627615
3628333
3640755
3648055
3652062
3652439
3652606
3655905
3658778
3661946
3662191
3673243
3678175
3678988
3679272
3680771
3680896
3682330
3688646
3698785
3707420
3711633
3713249
3716153
3722062
3722787
3727021
3732676
3733669
3740420
3745207
3760322
3763934
3767629
3773100
3775795
3778351
3781608
3785104
3787422
3793452
3801185
3807118
3807573
3812950
3818684
3819421
3820823
3824593
3829911
3840153
3840252
3843677
3850857
3853760
3854134
3855976
3859256
3866101
3871909
3872594
3885383
3889481
3890047
3892188
3892344
3892425
3894856
3898469
3903874
3906978
3907261
3909984
3910245
3917543
3918825
3932612
3932834
3934187
3934265
3935752
3938462
3946131
3947571
3962454
3963546
3968917
3974804
3982405
3988628
3995024
3999741
4004679
4005352
4005717
4007237
4012793
4023484
4024774
4026775
4035941
4047781
4069798
4070493
4080103
4080468
4088445
4089227
4092663
4093379
4096769
4108351
4113386
4114397
4115750
4116510
4117070
4125963
4126437
4126568
4128037
4129144
4140604
4142082
4144938
4148554
4149905
4151169
4151272
4159515
4162531
4165039
4167034
4179189
4181302
4195568
4195989
4198755
4201373
4206290
4206377
4206704
4210266
4212264
4212340
4212758
4215685
4217268
4219927
4229111
4230730
4232958
4236257
4239662
4244732
4245155
4255040
4258528
4259867
4264186
4264809
4270198
4277250
4278526
4278758
4292589
4292761
4295656
4296273
4297047
4304919
4310105
4312938
4316704
4323943
4334177
4335216
4342487
4343809
4344655
4352797
4355927
4357164
4362381
4364577
4369254
4371881
4372745
4378131
4385303
4385601
4392605
4392957
4400670
4402188
4402957
4405550
4426832
4433468
4439845
4441214
4452551
4455262
4463180
4466188
4467551
4478529
4481144
4482082
4483127
4487761
4489288
4490637
4493942
4494645
4498312
4501712
4513395
4513609
4513971
4514595
4514807
4521619
4522410
4528103
4528320
4528323
4539234
4554366
4556641
4559053
4560542
4566298
4571575
4571824
4574763
4575803
4577194
4579541
4579623
4597077
4602754
4604070
4607654
4609401
4609571
4614629
4617180
4621434
4625876
4634794
4634984
4638394
4641761
4645693
4647586
4658095
4664517
4666095
4672600
4676063
4678085
4684666
4690806
4691895
4696782
4697189
4699105
4701551
4721083
4729198
4730749
4732742
4735533
4744788
4747152
4749937
4752903
4754102
4758452
4764114
4765838
4770388
4775305
4776202
4782777
4787525
4790528
4790668
4799254
4800430
4804096
4810656
4815745
4820436
4821540
4827844
4836661
4839925
4841991
4844654
4845851
4846314
4856109
4858280
4858360
4866857
4867876
4868495
4872411
4874159
4880229
4881324
4883993
4889738
4898000
4909802
4915522
4916131
4916556
4916563
4919434
4919722
4921578
4924170
4929535
4941264
4949247
4957558
4957800
4958703
4960111
4967333
4970019
4970344
4971858
4975487
4978228
4979408
4983694
4984563
4992789
4995245
4997290
4997326
5001206
5009549
5012732
5021926
5022043
5025645
5025820
5028929
5037730
5039331
5045509
5045609
5045665
5047243
5048282
5052841
5056416
5060925
5076664
5078520
5084572
5102185
5109525
5111054
5112210
5116699
5120401
5122497
5123768
5127648
5128251
5134499
5138565
5146698
5148580
5153907
5157767
5171585
5173079
5174822
5183660
5189911
5198060
5199119
5200049
5204814
5211337
5215296
5218616
5231777
5235517
5237032
5237433
5239553
5240223
5240244
5245615
5250417
5250526
5252595
5267519
5274002
5276413
5281780
5285271
5288691
5298859
5303314
5310051
5313655
5313714
5315226
5326875
5330185
5332639
5332830
5350469
5350482
5353805
5357125
5362646
5363859
5365377
5369108
5371224
5373267
5381307
5382229
5386660
5386801
5387465
5390129
5392815
5394758
5405830
5407781
5409635
5411940
5415456
5417325
5418419
5418579
5430505
5432502
5444543
5449057
5451611
5451786
5452173
5457687
5458046
5458449
5459993
5462993
5464102
5473101
5477513
5490195
5490330
5492624
5501324
5503589
5504164
5506364
5514046
5523238
5534115
5539387
5540947
5541354
5544672
5545684
5551707
5561883
5574464
5576406
5583463
5586380
5595267
5607184
5612129
5620151
5623337
5624364
5624672
5634897
5646190
5651694
5661457
5662378
5662541
5669299
5671766
5676055
5678043
5685072
5694257
5698085
5703187
5703737
5707676
5714797
5719119
5731933
5732883
5736099
5737585
5748401
5750104
5751378
5752321
5758956
5760594
5765426
5770517
5772587
5777483
5779949
5781872
5789950
5796425
5800714
5806546
5808018
5809250
5809708
5816047
5825605
5826380
5827942
5831753
5834812
5851564
5853312
5859463
5859769
5867467
5875927
5878346
5880719
5885785
5895598
5896236
5907348
5910096
5910984
5913716
5915819
5922485
5927526
5933766
5934888
5938404
5943108
5945896
5949074
5949953
5951154
5955429
5955825
5956412
5967260
5969715
5971634
5973756
5976913
5977303
5981815
5995960
5999850
6000536
6002314
6007791
6012036
6014252
6019244
6019251
6019744
6022793
6031313
6036409
6037241
6044424
6045701
6045928
6046735
6059503
6066085
6067027
6069723
6082906
6083833
6088575
6094249
6094520
6096024
6097721
6097930
6106484
6109298
6112336
6118169
6119989
6128787
6136471
6137887
6139651
6144117
6148023
6154503
6157600
6158610
6165530
6165698
6166806
6167339
6174509
6190967
6191592
6192891
6194665
6198533
6199661
6203280
6206148
6211298
6212307
6212639
6219909
6221027
6223947
6228612
6231872
6232098
6234682
6244029
6249621
6253228
6258056
6258686
6261036
6263862
6266162
6267617
6268327
6270720
6289087
6296184
6300610
6306277
6309404
6311028
6311253
6313001
6314011
6316617
6316876
6317515
6326320
6333818
6341643
6348696
6349708
6350660
6356954
6358484
6359259
6359620
6359635
6360702
6361403
6362097
6365518
6367631
6372335
6383635
6385049
6385760
6386964
6398481
6401671
6405400
6414228
6417239
6418299
6421410
6425129
6425440
6430677
6435957
6437273
6442850
6450125
6452938
6455914
6460462
6470384
6471802
6472144
6474436
6479601
6480129
6480579
6480861
6481188
6489911
6492385
6495781
6499588
6504512
6508084
6509244
6510888
6514426
6521617
6524486
6526150
6537615
6538336
6548755
6548795
6552784
6554294
6566030
6571752
6572811
6577737
6581560
6582587
6584310
6590319
6591146
6596620
6601190
6604137
6623466
6623945
6626407
6628827
6633570
6643741
6644710
6645175
6656345
6663690
6673041
6690259
6691117
6709654
6716811
6727160
6733618
6734392
6737885
6743351
6749881
6751308
6754711
6758965
6760252
6760938
6766725
6768428
6769414
6771017
6772456
6778145
6781123
6787758
6794069
6796230
6797496
6803850
6807779
6814452
6816140
6825058
6826084
6829156
6834521
6837762
6840919
6840962
6849756
6849926
6855613
6862066
6864699
6865729
6867772
6868103
6870680
6872618
6873293
6879660
6881004
6882172
6888130
6888383
6893884
6900982
6907812
6915915
6921778
6933767
6941100
6943142
6943679
6948193
6948386
6949242
6950221
6951220
6952283
6953957
6958685
6965383
6965535
6967894
6968168
6969663
6971831
6978806
6980884
6982537
6983659
6984207
6985183
6989077
6990655
6992147
6992677
6997235
6997938
6999800
7000147
7005119
7009272
7009878
7010776
7023018
7026953
7029480
7029964
7037354
7038297
7039374
7041156
7047905
7050648
7052427
7055761
7056364
7056921
7059848
7060617
7061725
7066534
7067906
7072195
7072525
7079437
7079559
7081603
7113533
7117506
7117953
7119976
7123667
7124637
7126706
7127199
7130805
7133158
7133508
7139421
7142774
7143114
7143237
7143334
7148391
7149985
7151235
7160119
7161659
7164335
7180405
7200375
7202508
7211241
7213611
7224731
7225326
7229292
7243003
7245703
7247421
7248301
7248437
7249279
7249779
7254781
7260047
7261079
7269247
7270936
7273223
7277945
7278980
7282870
7293425
7299575
7304139
7308887
7309525
7315657
7318410
7320343
7324483
7328019
7331742
7348752
7349608
7355037
7356493
7357647
7367633
7372890
7377031
7388423
7392402
7393331
7397660
7398730
7401299
7403565
7406340
7409167
7410468
7418914
7423145
7426270
7429368
7436700
7440737
7447897
7452062
7453976
7455571
7457419
7463629
7467153
7472949
7473761
7474349
7484054
7488858
7495447
7500547
7500901
7507797
7510914
7513204
7522935
7529704
7532061
7533707
7538714
7543911
7544086
7547320
7555868
7561523
7562185
7563734
7567798
7577150
7579658
7584333
7592906
7604657
7606349
7607362
7608415
7616598
7621750
7624745
7627665
7628287
7637271
7638723
7641004
7644052
7644998
7645586
7649510
7660542
7661437
7676613
7678834
7679864
7682429
7684987
7686048
7695046
7701931
7705293
7706463
7712650
7713885
7714028
7723452
7723934
7728490
7731013
7734050
7738552
7742592
7744752
7746291
7746309
7749178
7759805
7760126
7764220
7768895
7774345
7775510
7776763
7777451
7785309
7787601
7796725
7808029
7808150
7813503
7814188
7814843
7818200
7827713
7828869
7835714
7836744
7837311
7840999
7842102
7846211
7847874
7858333
7871153
7871403
7874633
7875796
7879443
7880379
7885785
7885874
7887146
7891627
7896524
7896728
7897511
7897769
7898295
7904362
7906335
7908775
7911296
7911744
7925807
7927120
7929864
7930500
7934977
7939384
7940057
7945596
7948984
7951995
7955505
7955728
7960686
7964290
7965544
7969362
7972068
7973226
7973808
7975730
7987392
7988403
7996873
7998256
8000108
8008505
8012625
8013998
8016732
8019600
8022635
8023477
8026502
8033065
8039785
8051993
8057098
8057926
8060119
8060939
8063042
8065682
8066065
8073378
8076227
8085021
8085362
8086442
8088635
8091707
8092103
8094795
8098635
8102105
8103733
8107020
8111026
8123226
8125976
8133227
8133421
8133513
8141612
8141712
8153499
8153551
8155822
8156941
8157780
8158386
8163501
8164486
8168137
8171715
8173557
8179069
8179589
8179939
8185044
8188712
8195907
8204109
8204860
8214640
8215924
8221353
8234656
8243956
8244349
8261024
8266098
8268002
8268026
8272171
8272488
8272777
8274592
8278130
8279200
8279599
8281489
8290855
8291807
8291836
8301793
8305760
8307194
8309936
8313395
8315667
8317533
8328453
8334202
8335197
8336779
8337574
8344380
8344815
8346619
8347301
8347708
8352647
8368993
8386912
8387703
8392104
8393044
8395425
8400032
8406578
8408303
8408444
8409080
8413724
8415646
8416114
8417546
8422775
8423148
8424732
8424789
8424834
8427008
8431052
8432977
8433237
8437678
8444057
8444228
8451711
8457059
8461019
8473112
8478876
8480228
8480710
8483019
8497506
8497676
8504238
8504470
8507139
8517335
8518783
8527986
8534157
8536887
8540757
8544494
8545993
8549714
8553040
8559067
8559134
8560909
8563500
8569170
8569921
8573192
8584007
8589368
8600414
8602274
8613304
8617609
8618555
8623662
8643538
8644766
8648062
8648445
8659151
8679000
8679627
8680469
8682135
8684398
8686896
8693400
8694102
8694323
8697151
8701492
8703044
8708869
8715040
8715342
8717553
8719688
8724305
8727106
8739762
8741474
8744461
8744922
8760293
8762959
8763194
8763687
8779867
8782107
8782469
8786081
8786343
8792565
8803786
8805828
8809700
8814186
8815266
8817426
8822539
8836364
8836957
8849607
8859750
8860484
8864321
8869298
8877618
8887144
8890808
8901518
8907841
8908481
8909120
8910880
8911373
8915857
8920340
8921678
8922151
8930516
8943660
8945541
8960564
8965430
8966245
8971070
8971441
8978163
8983857
8984951
8992299
8997768
8997823
9006851
9011443
9012034
9014297
9023117
9026349
9030322
9030594
9035816
9036500
9042097
9043381
9045818
9048823
9049995
9050641
9051900
9052024
9055583
9062702
9063118
9063452
9065076
9065800
9070780
9074846
9075396
9078092
9078755
9079257
9084496
9085351
9087576
9090323
9094122
9094661
9107274
9107435
9112505
9113616
9122884
9125234
9125807
9131959
9135908
9144318
9162497
9165386
9170366
9187721
9188429
9190693
9194137
9200951
9201095
9208600
9212918
9217608
9217888
9219213
9222759
9230221
9233625
9238801
9239516
9240060
9242855
9248694
9253241
9253741
9260451
9264544
9272588
9276284
9278679
9278800
9279044
9281677
9285109
9291156
9295681
9297442
9301459
9305889
9307076
9309642
9310082
9313714
9318240
9319973
9320378
9331127
9334080
9342819
9344818
9346022
9349256
9354082
9383503
9385613
9387943
9389918
9397019
9400599
9405656
9405735
9407587
9413314
9422830
9423350
9426216
9426581
9428016
9445081
9451455
9453935
9456116
9459215
9461565
9461584
9464493
9467366
9467559
9474115
9479924
9480723
9483879
9484575
9493778
9500666
9513503
9514161
9514997
9518318
9523844
9528934
9534873
9538307
9539697
9542415
9545275
9547077
9559512
9561694
9562139
9562527
9564749
9574632
9579056
9583578
9589107
9595532
9596789
9597060
9604138
9608243
9611843
9617322
9624806
9627935
9628502
9628511
9628550
9635826
9638967
9639280
9639633
9643755
9644449
9665823
9669819
9671826
9672020
9672166
9672764
9677248
9679531
9682835
9683682
9685702
9686567
9690748
9696514
9700955
9702054
9702783
9705232
9719469
9720413
9720737
9722649
9723711
9727307
9730062
9731431
9738629
9738841
9741408
9749011
9750854
9754706
9760763
9762077
9765398
9772153
9772524
9773514
9775241
9788419
9789739
9790888
9795964
9806858
9808347
9809698
9811479
9815589
9823289
9823507
9826759
9826779
9828113
9831137
9831164
9831945
9831961
9841057
9847414
9857308
9862224
9862863
9863522
9876090
9879592
9879646
9880752
9882645
9886555
9889924
9895218
9901923
9902066
9902145
9903762
9909834
9910871
9912238
9916722
9917337
9918722
9921825
9922326
9923967
9924074
9931539
9938325
9940813
9948221
9957595
9961803
9965915
9982115
9984012
9990241
9993468
9993704
9995410
9995833
9998574
9999726
