6961
7487
8883
9437
11183
11362
11915
13498
17772
22168
30810
33589
35173
37025
38306
43567
48820
48949
50937
56615
58083
59406
63133
66469
69471
79150
87945
90558
103863
111972
120211
122408
126556
128726
130775
134124
135506
140262
140551
140837
141329
141434
144253
147250
156223
166176
173892
179022
179450
180316
189399
189690
194809
196929
203901
207546
207625
209056
210033
211785
216373
216524
217471
224129
233363
235737
236536
248757
248784
252094
252770
253526
255683
266739
267873
268828
269320
273410
284329
291183
291464
292286
298221
298786
304710
306764
307729
308248
312042
313744
314873
319091
323800
325469
325565
328430
329612
334800
335937
351735
357524
360172
364621
365723
373687
377262
379535
380456
386294
405162
405187
406821
408086
409395
413557
434734
438613
450287
450304
462656
463332
466566
483395
485857
486440
488953
489343
494196
495778
495937
496205
497294
505010
512260
513480
515259
518102
518400
521388
523806
525552
529137
529603
530482
535083
536026
541635
541677
550070
557602
561447
566893
567371
569956
571652
580573
582609
585974
590179
591621
602193
607909
609423
610588
612322
617516
620254
628723
632824
633182
633977
640987
649794
650525
655530
657016
660331
661972
668920
674149
680634
680821
684349
684790
686553
688077
694864
697524
701086
701310
702477
704136
707858
709848
711153
711253
711520
721782
722866
724477
727454
732862
733090
740243
740404
745809
748613
748805
751197
752322
756651
756652
757959
761874
764651
765231
767724
768698
770057
782333
782466
784666
787207
789616
797388
802214
805823
808080
809055
812840
820263
821371
837746
839038
840041
851540
852950
854213
863055
863791
866168
869161
870440
881027
885360
899358
906273
907388
911010
912622
917880
918468
920430
923889
926376
930060
933756
934835
937722
941341
942148
945157
949077
962363
964288
967135
970825
976636
979725
981113
988237
998639
999961
1001363
1002013
1006829
1007979
1008695
1022067
1023035
1031700
1035228
1039187
1042778
1046918
1053551
1054154
1057440
1058260
1058618
1059353
1061834
1062436
1066435
1067137
1078257
1086151
1087008
1089271
1092898
1096038
1098152
1100397
1103760
1104555
1105199
1105631
1106074
1113709
1117740
1121154
1129201
1129711
1133816
1135597
1137617
1141353
1142288
1157045
1157497
1177774
1181340
1182745
1182881
1190088
1201482
1212613
1214646
1214826
1214862
1223230
1224401
1230517
1242137
1242876
1244122
1244765
1244850
1246332
1262098
1270393
1272251
1282717
1292224
1307057
1307348
1309481
1311233
1311408
1314504
1315285
1320939
1321619
1322026
1335694
1343781
1345653
1347404
1351318
1353834
1355448
1366080
1369646
1371398
1373687
1376179
1386747
1387443
1388946
1390959
1392975
1393261
1400608
1403983
1405419
1407542
1408056
1408379
1414187
1417315
1417664
1422151
1425622
1426382
1434316
1455351
1462331
1463086
1466718
1472745
1476346
1476519
1476768
1477278
1481604
1493872
1494096
1496309
1504039
1505373
1508901
1516921
1526920
1528344
1530446
1564489
1565150
1569262
1569591
1574058
1596942
1606740
1610378
1611041
1611461
1612537
1618042
1629646
1630134
1634109
1642999
1644782
1644924
1659190
1664316
1677366
1689755
1691507
1692920
1695197
1695617
1697682
1711722
1716815
1720049
1725550
1728091
1734765
1740779
1741576
1742392
1743861
1748176
1752651
1760361
1760433
1763547
1768907
1776225
1778478
1797679
1798295
1813894
1815019
1817223
1818736
1821481
1821655
1827099
1838623
1843964
1848629
1854407
1855788
1858625
1864574
1866570
1875698
1892092
1893904
1896011
1902050
1904857
1910601
1918163
1921815
1925957
1927507
1931165
1931225
1931837
1936639
1938519
1941531
1948828
1953094
1954182
1959331
1960377
1966544
1972313
1977192
1979394
1987435
1992521
1995972
1998924
1999000
1999118
1999547
2000000
2007043
2010965
2025303
2029296
2031127
2037494
2040128
2044527
2045558
2049269
2054777
2055683
2067230
2074902
2078912
2079558
2098981
2099459
2100558
2106266
2107857
2114829
2116288
2117384
2117438
2120120
2122278
2123216
2128757
2140288
2144623
2149899
2151230
2161216
2162896
2164294
2167024
2185098
2192968
2196934
2197038
2202354
2217776
2222271
2226700
2228195
2234457
2236531
2239531
2251089
2255201
2259716
2263238
2275046
2285886
2290290
2293470
2296192
2296929
2297059
2311535
2312613
2317152
2323551
2328203
2329470
2333538
2335262
2336982
2338102
2340413
2345592
2351732
2357998
2360593
2369544
2374845
2380705
2382412
2385977
2389892
2392248
2393527
2396517
2398585
2401148
2408195
2410883
2414757
2416375
2419035
2419671
2428915
2433441
2436873
2442622
2443569
2445449
2445805
2448196
2458128
2461711
2465619
2466179
2470039
2470107
2475295
2476394
2480635
2482374
2486732
2489870
2491728
2497976
2498124
2500809
2501828
2512864
2514702
2515698
2517713
2519185
2520105
2528937
2533184
2541221
2542260
2543467
2545237
2545941
2552777
2552866
2555564
2555979
2557228
2562054
2562475
2562630
2565929
2566945
2570468
2576706
2581748
2587572
2588065
2592143
2597181
2600073
2600895
2605807
2611327
2613448
2618992
2620438
2626546
2628889
2634148
2634985
2637808
2638185
2641901
2645355
2649219
2654868
2663816
2665063
2667060
2673153
2677467
2681112
2688135
2691494
2692051
2695373
2698062
2699169
2700407
2726289
2728608
2731151
2734850
2737323
2746524
2751350
2753694
2755659
2758132
2760079
2761263
2763179
2766561
2773299
2777239
2781337
2784752
2786852
2788256
2789327
2795335
2802067
2808842
2813103
2814958
2817747
2818316
2822774
2825641
2828533
2831082
2842219
2850990
2851104
2852543
2858487
2865251
2873607
2873965
2875290
2886257
2888436
2898723
2898783
2898870
2899118
2906044
2906463
2909374
2911148
2914791
2916123
2921944
2936170
2938607
2950947
2961193
2961591
2961771
2969866
2974058
2975048
2977486
2981213
2981438
2991887
2996753
2999482
2999644
3011425
3013018
3014562
3020095
3030377
3033533
3034604
3040803
3044720
3048485
3049742
3053267
3063282
3065231
3065695
3068682
3070591
3075152
3079891
3082202
3083749
3086472
3090599
3091223
3099561
3101955
3103403
3120901
3122345
3124134
3140846
3141346
3143006
3144472
3148717
3152836
3155749
3156917
3159849
3161349
3162288
3166705
3167138
3167867
3173296
3182167
3190820
3194047
3194742
3196888
3204690
3206597
3208447
3212667
3215494
3221423
3229956
3238015
3253793
3255266
3255844
3255861
3260329
3263946
3268445
3280259
3282475
3284864
3290190
3309736
3310101
3314476
3319971
3325660
3332292
3341381
3341385
3346678
3350299
3355780
3357653
3363375
3367151
3368636
3374952
3378510
3382805
3387325
3388036
3388059
3393244
3396979
3401200
3405716
3413781
3420640
3423839
3427746
3428279
3435326
3437255
3445894
3446970
3447363
3449299
3457996
3460026
3461827
3465674
3466249
3474199
3483970
3487887
3493286
3493516
3499741
3513466
3515480
3522377
3528437
3540848
3543818
3549553
3553305
3555125
3561415
3574386
3576507
3591333
3593230
3596969
3599549
3603554
3608839
3609074
3611641
3618457
3621787
3623079
3645688
3651508
3655357
3658539
3659099
3659697
3661242
3665432
3669230
3669504
3672827
3678272
3682263
3683261
3685026
3689088
3693923
3695836
3696503
3696905
3702431
3708565
3709336
3709591
3718902
3734638
3737873
3738897
3744245
3748114
3749842
3762543
3763185
3772648
3777455
3777988
3784135
3789367
3791911
3792653
3794155
3795022
3798483
3802500
3803598
3804881
3805087
3807794
3807863
3808921
3814156
3820681
3821092
3822324
3825495
3827646
3832830
3843950
3846956
3855326
3856625
3857090
3859313
3864808
3867111
3869692
3871860
3875877
3883353
3887216
3887488
3888796
3889759
3889939
3900029
3906241
3912268
3912377
3913694
3914490
3916359
3917441
3921693
3929206
3930387
3931431
3933892
3934586
3936974
3941158
3943635
3948143
3949728
3952962
3969520
3975344
3991625
4007901
4008374
4008492
4010267
4014783
4018970
4020150
4024311
4026867
4027753
4036566
4040877
4044966
4052241
4056694
4059843
4062107
4066951
4075513
4078111
4080170
4080375
4082177
4089178
4092808
4099754
4101345
4102124
4102403
4108327
4117599
4119287
4139109
4139849
4144840
4145825
4147922
4157072
4158215
4161044
4161111
4166359
4169871
4170516
4176952
4181669
4183483
4185244
4191900
4195563
4201431
4209425
4212509
4213229
4217556
4218327
4221032
4223065
4226787
4226860
4227236
4229433
4229970
4233615
4234934
4242999
4256850
4258404
4260217
4263739
4267563
4271061
4283639
4284886
4285025
4286223
4287086
4289523
4292079
4292446
4293234
4298387
4312768
4314678
4314811
4321971
4325464
4329866
4329878
4335026
4335651
4337652
4339207
4340490
4352165
4355530
4357234
4362540
4365546
4367411
4367538
4373579
4374234
4375322
4377123
4386423
4392251
4401793
4410473
4414907
4417496
4417883
4418366
4429752
4437951
4438676
4455167
4466740
4466872
4468414
4469677
4471268
4474711
4477070
4477381
4480836
4490469
4491445
4491719
4494500
4504883
4507471
4514779
4530313
4533033
4537789
4539072
4541134
4542073
4543541
4543545
4553816
4562958
4563782
4565665
4566147
4575553
4576195
4577259
4580360
4581341
4583894
4585061
4587359
4593716
4596472
4603956
4605651
4606936
4609709
4615354
4619857
4624676
4628164
4634256
4637751
4655886
4656181
4679656
4680745
4683341
4685238
4685521
4685867
4692328
4694604
4694614
4694820
4703639
4707619
4710081
4712441
4714475
4715665
4716329
4720970
4721008
4727891
4733256
4735231
4745230
4748255
4748674
4750080
4759119
4763050
4767882
4771937
4772869
4777332
4779347
4779592
4783012
4783166
4785068
4786986
4789135
4801176
4802462
4807186
4807867
4810436
4811152
4813414
4818918
4823454
4825432
4832492
4834596
4841643
4851349
4854231
4860139
4860167
4861099
4861177
4866770
4868981
4870475
4870875
4871946
4877942
4878406
4880413
4885347
4886612
4890517
4894004
4894786
4895097
4908727
4915156
4922206
4925193
4934963
4938027
4938482
4941343
4942208
4944187
4944756
4946103
4952765
4953823
4956239
4957668
4957826
4969508
4971250
4977586
4984494
4989144
5003342
5012018
5013005
5014144
5017059
5018762
5019426
5022864
5028696
5038947
5042063
5046599
5047558
5048239
5052614
5053034
5059920
5060791
5061292
5064857
5074865
5075640
5081802
5084000
5085528
5085679
5085919
5086222
5093491
5115222
5119273
5121958
5124397
5130253
5140482
5142238
5142576
5146445
5149387
5150241
5152346
5158380
5161155
5161899
5185253
5188676
5191407
5202635
5203834
5205114
5210276
5211246
5215133
5220568
5225524
5226748
5226977
5227477
5230911
5234546
5239954
5246808
5249312
5255338
5273334
5274448
5277148
5277766
5278441
5282272
5295746
5296065
5296289
5297921
5306642
5306807
5312509
5312909
5315453
5316093
5319999
5323985
5328575
5341769
5347171
5347792
5350534
5351928
5358620
5365075
5370885
5372889
5373279
5382672
5387467
5391814
5392155
5400945
5406387
5407444
5410489
5416902
5420497
5422343
5424329
5424534
5424973
5425158
5427849
5432011
5434879
5439468
5448647
5451921
5451994
5456013
5456597
5464169
5464196
5465723
5466872
5467540
5469388
5473091
5473130
5473393
5473420
5476532
5476832
5484264
5497159
5500791
5502386
5506753
5512131
5514263
5514616
5520541
5523524
5527309
5527927
5533897
5537084
5539176
5539712
5541348
5553935
5557777
5558989
5565612
5565660
5565759
5567180
5572691
5573515
5575850
5577172
5581833
5594842
5596436
5597656
5598198
5602428
5604446
5606864
5608191
5608856
5609165
5609749
5618157
5621738
5625088
5626695
5628144
5635808
5637408
5646703
5651410
5654483
5662405
5662795
5669483
5669543
5676856
5681837
5697262
5705815
5720804
5730160
5736126
5743885
5746535
5747050
5749798
5750248
5751931
5753970
5754658
5757038
5763420
5763857
5764942
5766764
5768030
5768975
5775920
5776416
5776738
5796582
5802482
5805511
5814129
5819368
5819783
5820962
5822847
5827837
5833330
5835325
5836033
5838619
5839021
5839218
5839386
5844513
5853318
5857985
5864287
5864967
5867133
5880134
5880267
5883710
5884962
5885212
5891870
5898125
5901097
5903461
5904091
5905428
5906158
5907624
5911070
5930601
5935214
5940944
5945730
5957727
5962114
5964891
5971584
5975729
5979038
5994640
5998282
6002442
6005405
6006317
6010574
6018554
6019234
6020448
6034662
6035737
6039327
6044612
6046542
6047523
6049007
6053831
6054247
6056242
6056577
6060591
6064925
6066078
6072937
6074528
6075173
6078799
6089135
6093505
6098199
6100485
6100533
6108760
6115178
6124970
6131547
6132333
6137720
6138918
6156289
6166918
6174177
6176213
6184411
6186638
6190132
6197099
6200061
6207548
6217503
6218831
6227089
6235837
6237856
6239740
6245247
6247333
6251363
6252530
6256031
6267049
6269423
6271914
6272322
6278753
6278844
6285414
6290872
6294603
6300792
6304093
6307547
6314269
6318285
6319867
6321971
6322325
6322761
6325313
6327165
6337076
6338535
6341866
6344155
6344715
6345419
6346254
6347537
6351159
6353570
6355796
6368899
6373198
6382092
6382481
6382919
6385050
6393721
6393829
6394166
6396562
6399424
6400070
6410012
6419390
6420002
6425654
6436748
6456426
6456501
6463377
6469805
6480857
6484886
6503152
6503251
6514411
6520268
6520376
6520675
6522577
6526474
6526878
6532080
6538227
6539911
6541675
6542957
6547830
6557872
6561198
6561987
6565530
6566168
6568810
6570310
6570948
6572534
6574498
6583026
6583530
6583648
6584516
6588367
6590385
6593541
6593817
6594618
6599400
6603915
6604316
6604429
6610456
6617029
6620057
6622569
6626329
6627880
6631821
6632055
6646522
6647143
6650248
6651525
6654921
6656317
6657951
6661354
6681843
6681957
6686382
6689475
6692308
6698662
6698740
6706783
6709257
6717551
6718565
6724967
6731981
6732151
6732199
6739870
6746021
6747588
6755516
6757125
6758648
6765211
6766093
6767074
6767160
6770110
6770800
6780177
6780854
6781726
6786738
6789696
6791754
6795691
6798980
6801648
6804988
6805714
6808005
6808574
6821255
6821624
6823005
6824928
6825694
6828074
6828077
6834073
6836436
6838468
6840550
6840963
6842531
6848321
6853235
6854812
6854907
6859533
6861305
6862529
6865553
6867047
6871989
6872667
6879365
6882524
6884125
6884358
6887857
6891473
6896725
6901051
6902556
6906304
6906892
6915112
6919780
6921708
6924150
6928143
6928739
6931479
6938350
6939580
6940296
6941838
6943196
6947972
6953196
6956708
6957515
6958211
6976883
6979523
6988796
6989952
6993127
6994655
7004177
7011585
7012667
7014219
7019994
7022633
7023022
7023205
7024557
7027975
7028984
7029394
7029773
7033301
7034126
7045603
7045667
7047707
7049391
7050387
7052435
7052509
7065818
7079464
7086435
7093586
7097371
7101065
7105831
7106311
7106337
7111456
7111826
7113264
7118927
7119872
7120692
7121292
7124039
7136435
7139431
7141304
7144984
7156748
7160705
7164941
7165454
7173344
7174156
7180810
7187491
7187555
7188944
7191008
7193717
7194695
7196128
7196940
7200333
7200884
7202002
7208466
7208674
7217721
7218200
7222224
7224503
7224569
7225667
7227098
7230319
7251257
7258101
7259818
7262137
7264471
7265152
7282331
7290164
7290796
7297686
7299892
7303624
7304052
7305290
7306150
7307148
7308314
7308908
7310174
7310420
7314650
7316273
7325616
7330154
7331130
7338918
7344114
7345443
7358608
7364076
7376957
7377185
7377289
7379748
7391253
7402983
7405139
7409687
7413505
7419258
7420849
7421803
7423388
7430830
7441074
7446903
7447860
7448430
7451018
7458450
7460119
7460819
7467873
7477798
7480082
7481759
7486541
7489918
7490515
7491055
7492260
7501815
7502623
7503954
7514948
7515995
7517636
7519422
7526577
7534476
7546345
7550261
7576747
7582192
7594585
7598923
7600520
7603729
7604360
7606620
7607579
7607806
7616646
7624692
7627745
7628038
7636308
7637176
7642415
7644164
7648655
7651580
7654517
7660278
7675672
7676257
7679117
7680485
7681987
7682137
7687572
7689322
7700776
7709533
7709727
7711396
7719783
7722791
7724897
7726331
7735068
7736555
7738949
7747040
7751119
7753293
7753882
7756627
7762871
7769573
7774615
7775665
7781502
7785959
7788814
7797243
7799757
7801057
7802120
7803284
7806089
7807678
7818537
7835072
7844053
7845748
7851963
7853269
7853398
7867711
7868401
7871319
7875922
7876792
7879829
7881271
7885808
7896056
7896235
7896919
7898464
7901244
7901912
7905057
7908502
7914435
7915828
7917471
7922015
7922384
7936233
7940818
7947156
7953870
7955814
7958502
7964029
7964536
7965872
7970108
7970672
7971928
7978341
7979398
7981929
7990540
7996111
8007910
8012531
8014100
8023702
8029171
8029813
8033287
8037092
8037148
8038890
8044795
8045062
8050488
8050544
8050964
8052223
8060372
8063125
8064417
8066787
8071526
8083715
8093601
8098403
8100119
8100216
8102895
8115696
8120961
8126911
8135648
8137766
8145958
8149609
8150358
8160273
8160275
8166828
8171348
8173589
8177152
8187281
8190204
8192397
8192975
8193312
8199042
8199863
8200956
8204656
8207351
8210354
8212244
8218675
8220345
8225175
8235862
8236671
8238108
8238675
8239890
8241343
8243108
8247970
8250124
8253908
8261552
8261676
8271898
8272058
8275087
8281493
8287030
8289820
8299666
8306479
8308395
8311970
8321223
8328968
8329845
8330512
8334066
8334702
8335561
8342104
8347733
8349221
8351565
8351645
8355085
8355735
8358975
8366416
8368221
8373571
8373852
8377943
8383714
8386642
8392801
8393106
8398605
8408099
8410603
8414261
8419557
8421162
8421380
8422398
8422943
8428377
8429444
8432043
8440306
8449252
8452519
8455838
8466408
8467090
8470987
8472386
8479734
8480306
8483503
8489762
8491275
8494818
8495616
8501830
8510768
8518183
8519249
8523518
8527181
8530787
8539754
8540216
8550571
8555137
8568973
8569769
8570267
8571354
8572976
8577403
8581446
8581783
8584182
8584384
8590375
8596315
8596474
8602831
8604580
8616597
8628817
8629763
8640431
8643700
8648858
8656968
8657801
8664243
8664405
8664691
8668805
8671763
8674020
8675725
8677550
8679840
8683869
8685864
8690061
8699275
8699527
8700685
8704283
8714077
8714123
8718916
8728715
8729092
8731211
8736325
8736633
8739535
8740307
8743299
8743337
8744800
8746859
8746988
8751597
8758927
8763063
8765079
8765132
8774241
8778896
8780989
8782553
8785621
8801928
8809512
8810384
8821374
8823170
8840500
8844934
8848563
8849334
8849660
8854082
8864245
8865881
8866010
8866293
8871478
8874338
8876441
8879257
8883581
8890777
8891257
8892740
8896805
8899884
8902642
8905654
8907912
8908213
8909734
8914053
8920050
8924419
8924648
8926028
8928503
8931773
8936274
8957623
8959353
8959939
8961037
8961919
8970529
8972883
8973429
8976329
8978393
8987454
8987648
8999724
9008975
9009749
9011830
9011867
9012101
9016431
9018398
9019983
9025265
9026337
9030556
9036764
9049502
9056259
9059610
9078329
9079591
9082010
9100791
9102533
9106886
9108994
9124201
9124793
9125405
9127031
9127048
9128707
9130511
9143031
9147892
9148003
9153643
9157599
9158947
9160303
9164804
9166291
9167015
9169424
9184039
9185690
9190497
9193923
9195712
9196520
9202071
9213871
9213965
9217507
9235073
9237486
9237681
9239008
9241085
9245433
9250348
9261328
9273100
9275070
9277823
9280025
9285837
9288533
9289000
9298582
9309420
9312557
9324536
9333211
9334684
9337166
9337987
9340208
9341584
9342002
9345470
9349536
9365145
9371617
9375217
9376801
9379258
9387653
9393625
9394558
9400789
9402166
9415422
9416653
9418144
9425405
9428791
9429525
9430480
9431590
9443887
9444368
9446306
9449609
9457024
9468520
9476439
9478026
9486375
9487108
9493957
9505007
9511424
9515109
9516388
9518499
9521154
9528250
9537988
9543024
9543345
9545845
9551031
9556540
9557830
9557905
9566067
9571057
9579933
9583521
9590596
9602878
9603072
9610772
9622196
9629199
9631267
9632865
9636219
9637957
9641332
9652561
9654246
9657280
9657703
9659136
9662582
9662588
9665710
9689420
9690661
9690667
9696278
9697501
9698389
9705093
9706724
9707457
9708784
9718599
9724764
9724941
9725245
9727227
9728983
9729385
9730077
9737331
9738151
9743292
9748177
9748224
9750376
9752418
9753560
9761452
9761517
9767171
9770378
9775821
9778447
9781146
9782757
9789175
9791818
9795006
9797651
9800035
9803496
9808736
9810171
9820566
9829549
9834284
9835605
9837218
9848706
9854997
9861377
9863440
9867950
9868461
9869555
9882503
9889658
9892717
9895800
9895849
9896397
9908622
9914210
9918516
9919880
9925143
9925767
9938171
9940893
9944593
9946150
9946309
9949278
9949661
9950242
9959000
9959794
9960723
9961120
9965790
9968770
9971016
9987346
9988317
9989067
9989292
9994759
