965
2356
5781
14045
20304
29499
31802
42150
46097
52170
54269
55949
63108
65070
79237
80259
80959
84347
86757
88704
94587
95962
96405
100306
100931
102182
102606
102943
104374
106216
110767
113215
121202
121831
125662
127500
131178
136031
136700
140807
147709
154125
156032
162195
163891
165741
167373
170605
175304
179475
192426
195110
198545
202480
204975
205106
214303
216044
217663
218365
225987
236322
236726
241903
246176
247161
248618
250048
250214
252638
252897
253825
262001
268602
271869
288639
296475
301386
303743
308961
312311
313590
320902
322256
324520
331624
335843
336073
336769
344767
346281
346633
348094
363783
366886
367230
367514
368577
369118
378080
378210
386445
399602
399968
401510
405555
416724
416968
419231
424288
424905
433008
434730
434787
435793
438292
444085
444881
446814
447968
452398
457448
457781
461625
461682
469638
472843
477642
478591
485277
489637
491765
494555
502332
507865
507937
516050
521716
529708
536537
542671
549824
550055
551514
556280
557928
560807
568673
568994
569004
577606
582531
587981
600557
603121
604268
605149
605319
615289
616616
624434
627196
638174
646649
649755
655327
656724
658496
659347
666492
667158
668267
668948
677059
689851
691070
694120
702292
708873
711418
711808
721605
729965
737710
737987
738984
739470
742737
747893
749851
756880
765502
766289
769554
772677
773022
774475
780293
784523
784646
790267
799314
801262
806819
807267
807722
808920
809439
810219
810531
819934
821395
824220
837391
842900
862225
869812
878723
884122
884969
889433
891055
900785
906554
911966
913216
915155
924897
926814
926926
937104
939877
946847
950346
952868
959143
960368
961514
967024
971664
973736
975966
982776
983660
992363
996696
998149
998166
1003444
1004778
1008388
1011846
1012213
1017267
1018938
1019350
1026011
1026585
1027242
1028591
1029551
1031789
1037849
1038720
1041061
1043542
1045800
1054564
1061662
1067541
1068363
1069281
1071188
1072694
1079812
1081356
1083978
1084201
1084690
1100919
1101913
1107215
1109614
1110019
1111296
1113344
1116510
1116646
1119570
1124053
1128081
1137602
1155598
1158808
1165161
1167040
1169275
1170425
1175769
1176343
1177460
1181460
1184832
1188246
1191097
1195123
1197101
1215405
1221964
1223263
1228036
1230047
1234984
1235104
1238496
1239570
1242054
1250209
1257169
1260573
1271171
1271664
1273761
1274597
1276422
1279877
1286453
1286975
1292573
1296382
1305218
1316469
1318826
1325939
1328742
1331046
1336403
1337536
1340508
1349630
1352691
1358149
1359193
1359664
1362021
1369081
1375652
1379965
1380318
1385600
1391756
1394071
1395601
1397321
1405156
1405575
1406232
1406903
1407438
1419530
1440568
1441772
1443212
1444488
1444894
1461926
1462220
1467782
1474306
1481996
1491448
1491649
1496190
1497911
1499294
1501336
1511851
1514475
1519739
1520343
1534592
1534670
1535195
1539433
1546085
1549325
1549340
1551024
1551747
1553258
1556121
1559872
1560232
1560415
1563594
1567458
1568136
1569026
1570198
1570953
1573466
1584516
1588121
1589316
1589508
1589870
1593705
1595635
1607521
1612630
1616041
1616473
1617195
1618784
1619725
1626764
1627369
1642589
1642803
1643258
1646326
1649845
1675415
1676366
1680653
1682854
1683067
1685791
1692703
1692999
1697000
1702876
1705302
1716139
1729171
1731269
1738399
1740192
1747152
1754497
1762143
1763040
1766459
1774452
1775883
1777544
1782021
1783280
1784494
1787706
1789894
1790243
1791749
1795732
1798464
1812868
1823850
1825362
1829895
1834288
1844300
1853105
1854778
1856075
1866603
1868965
1878515
1880030
1892698
1893223
1893670
1902428
1904729
1908630
1911692
1913233
1923470
1924833
1926334
1929700
1935553
1943249
1945876
1947937
1948258
1953013
1957235
1959255
1966175
1971383
1973304
1976411
1978446
1980183
1987247
1989879
1991221
2000378
2002005
2002633
2006030
2007005
2009785
2011786
2018295
2019490
2023183
2023619
2023737
2027961
2028993
2029476
2029823
2040777
2041830
2044300
2047998
2053501
2058742
2064367
2064925
2083615
2088619
2089529
2090916
2097155
2097679
2104176
2109910
2113991
2115842
2118319
2118383
2120785
2129084
2134701
2138075
2139280
2143638
2147768
2148077
2153435
2154041
2165377
2171115
2171534
2174265
2174599
2183129
2193152
2193927
2194908
2200672
2203292
2212698
2220031
2222982
2226235
2235652
2235734
2237569
2238248
2239701
2242689
2243444
2249327
2253642
2255950
2256691
2259280
2274384
2280368
2284179
2290222
2291484
2299023
2301590
2303004
2309553
2310393
2312686
2314059
2315307
2315753
2316053
2321767
2322228
2325625
2329323
2335478
2341915
2342293
2343577
2345890
2351050
2354749
2356971
2362921
2368172
2368530
2375192
2377847
2378398
2380201
2391339
2401219
2404619
2407120
2414283
2418740
2429234
2437992
2440020
2442973
2444847
2445371
2449507
2449677
2456446
2461517
2468841
2472226
2479328
2493469
2502181
2505768
2506959
2507329
2510594
2517826
2519393
2520876
2522341
2526294
2526338
2530026
2532630
2537659
2538456
2538777
2539709
2540384
2544767
2551516
2551987
2563794
2573663
2574313
2574491
2574515
2576610
2581190
2585878
2590823
2591119
2591419
2593841
2594715
2601086
2602203
2611465
2617545
2621059
2622492
2630447
2631912
2632822
2634142
2635180
2642291
2651105
2651778
2654216
2656696
2656710
2671603
2672019
2674957
2676147
2679321
2679501
2680250
2683271
2685233
2685545
2695323
2698692
2700305
2702535
2704263
2708570
2712392
2715941
2719992
2722582
2729812
2736971
2740061
2748709
2750314
2755496
2759297
2760188
2766497
2767356
2769177
2774044
2776076
2776865
2779232
2786166
2787723
2792236
2794518
2802948
2817114
2823035
2824543
2851357
2851951
2852376
2853353
2854973
2859141
2870585
2879152
2888160
2912882
2913078
2916056
2924443
2931537
2936818
2938764
2942048
2944739
2957462
2964811
2966115
2971974
2972908
2975748
2977850
2978410
2980942
2987024
2988367
2988951
2999147
3003689
3005256
3008453
3016692
3022595
3032277
3037655
3047293
3053024
3053091
3055502
3063214
3067062
3070293
3082564
3082849
3086530
3086851
3090738
3094473
3098642
3100835
3106859
3114203
3116120
3116216
3120169
3121195
3123817
3125223
3127651
3134649
3136261
3143599
3148226
3151088
3157859
3169658
3171337
3171351
3174269
3181717
3184759
3189373
3204843
3206096
3206323
3208769
3210739
3211121
3213028
3229137
3232339
3235588
3239876
3244841
3250647
3250982
3253043
3254976
3256276
3259389
3259954
3262894
3263764
3266418
3267120
3276094
3278145
3278575
3280401
3295282
3295295
3299375
3300045
3302459
3302763
3304411
3305853
3308141
3308412
3312364
3324125
3327670
3329000
3332333
3335748
3337744
3341560
3343752
3344767
3345798
3348631
3349855
3354086
3354584
3355846
3361466
3364799
3373454
3395352
3411548
3421545
3422078
3426388
3438310
3438404
3454582
3455538
3455665
3464329
3467102
3474052
3474458
3478222
3485934
3489543
3491858
3498956
3505588
3516720
3516769
3519347
3520188
3520795
3522660
3526825
3530932
3541131
3544402
3558328
3569384
3576354
3577288
3579213
3584745
3588246
3596946
3602997
3606781
3611733
3612573
3617765
3618791
3619681
3621962
3623979
3624797
3628267
3641020
3646885
3658360
3674454
3683603
3685075
3687083
3689650
3692672
3700175
3702393
3707450
3710666
3712452
3715705
3728292
3729948
3735375
3744813
3745088
3746827
3752225
3757207
3759401
3761288
3762774
3763851
3773757
3779629
3779741
3780606
3780645
3780701
3787778
3788427
3794073
3799629
3799634
3802210
3804318
3807052
3810972
3812521
3812723
3814869
3817961
3818505
3821007
3822347
3823127
3824113
3827353
3833836
3840692
3852347
3854597
3855117
3858180
3859652
3862293
3864013
3874564
3876387
3877722
3882679
3884734
3888294
3890245
3895655
3897023
3904810
3905578
3910622
3915760
3919085
3923382
3925059
3932089
3937004
3937468
3937550
3938705
3942223
3944020
3946487
3947807
3952202
3952829
3960726
3960748
3965683
3972904
3979565
3980235
3981926
3988480
4003641
4004457
4005148
4016912
4017860
4026288
4026703
4032248
4034536
4038393
4039690
4047016
4051260
4070419
4070887
4072346
4075916
4078212
4078725
4081093
4081719
4093103
4098002
4106006
4106993
4111616
4115546
4122701
4122902
4131017
4132082
4132896
4136280
4138264
4141841
4142052
4144519
4148494
4148939
4149714
4158501
4160601
4161844
4165108
4166650
4173372
4174844
4178713
4182426
4182434
4183195
4186742
4191107
4191762
4191903
4193528
4194910
4199284
4210193
4210514
4218820
4225225
4235227
4236736
4240421
4246773
4251332
4256450
4257362
4262761
4270446
4272875
4273218
4274093
4276077
4276263
4277390
4289863
4293098
4299248
4301352
4301587
4304195
4306069
4309027
4325814
4333079
4336957
4340073
4342955
4345974
4347942
4350202
4351035
4367024
4369089
4370209
4379430
4382309
4382883
4386176
4387151
4396755
4401127
4402646
4423702
4424820
4432467
4435288
4438970
4441684
4442388
4443272
4449175
4456829
4458940
4464132
4464860
4467041
4479009
4479125
4481858
4482551
4485219
4490812
4502013
4504077
4505319
4510923
4513776
4514868
4522795
4535105
4536702
4538024
4549112
4551557
4552377
4554380
4561645
4567929
4568846
4569829
4572183
4574281
4582658
4585663
4600359
4603852
4604307
4613702
4614644
4615734
4616862
4623208
4631520
4634252
4644660
4653731
4653959
4654540
4656179
4659313
4664063
4665888
4668958
4672601
4678801
4690006
4697914
4699230
4707742
4709253
4728012
4729266
4737396
4748352
4750448
4753677
4753995
4760324
4767676
4773835
4785469
4792347
4794999
4812723
4812752
4812903
4813878
4814350
4825757
4828708
4834899
4841485
4848637
4850385
4855084
4856052
4858990
4862947
4867890
4871834
4877718
4880294
4882753
4883490
4884698
4892233
4894830
4897140
4898307
4900125
4905338
4911388
4912258
4912915
4914187
4921374
4926157
4927165
4927978
4931348
4931753
4933309
4934853
4940684
4941773
4946299
4960389
4960630
4980739
4981887
4983307
4995777
4997973
5009860
5012714
5015510
5016277
5016389
5017669
5018227
5020263
5020827
5021353
5026877
5026877
5030633
5031564
5034302
5037961
5039647
5042029
5042637
5043201
5043457
5045635
5051629
5052473
5052756
5053771
5055722
5057369
5059085
5060700
5064490
5078341
5080535
5082742
5084045
5085689
5091759
5107927
5109952
5115609
5115635
5119987
5121021
5122585
5123510
5137329
5137700
5140244
5141215
5144670
5148767
5151891
5154224
5163952
5166207
5170974
5175914
5176361
5176703
5178074
5182068
5191734
5193143
5193789
5194372
5194546
5195337
5196298
5196913
5197917
5208476
5210486
5213624
5215498
5218935
5221093
5223364
5224911
5225081
5225327
5226333
5231011
5231384
5232112
5236679
5236748
5238767
5250789
5269483
5269837
5274823
5282237
5286594
5295990
5298005
5313840
5315853
5326379
5330984
5333375
5338080
5345503
5346740
5346838
5355745
5356137
5356223
5364615
5368131
5370040
5370392
5373452
5377149
5378253
5381101
5383298
5385225
5392449
5395029
5397010
5397279
5400200
5406532
5429908
5430447
5434518
5436537
5441264
5442942
5459348
5463859
5467634
5469500
5471831
5477384
5480307
5483451
5485852
5508290
5508996
5516271
5517330
5527994
5529009
5530537
5531845
5533475
5541824
5543940
5545966
5562495
5565875
5566536
5572598
5574854
5577168
5577392
5578612
5581714
5586330
5592892
5604051
5604096
5606457
5607609
5613777
5615208
5616643
5623433
5635365
5638360
5659102
5659461
5667487
5677736
5682080
5686674
5692681
5696246
5696678
5711388
5718200
5719429
5728520
5734663
5741794
5747930
5755670
5770918
5783676
5783951
5784548
5791993
5793170
5794523
5799331
5801302
5801503
5802181
5812638
5814077
5821057
5829800
5838030
5856989
5858551
5864767
5866410
5883695
5894079
5897887
5898711
5913926
5915049
5917275
5923190
5924021
5924831
5933889
5942231
5943398
5944968
5947723
5949181
5950911
5961781
5962949
5968255
5969699
5971135
5972932
5975224
5980138
5989784
5992314
5996515
5999682
6012239
6012475
6017144
6023401
6024299
6032592
6034731
6034762
6044900
6046589
6048453
6049141
6053935
6058304
6063326
6065141
6065930
6066743
6067877
6069569
6071934
6081821
6083837
6084648
6091556
6093964
6095844
6096033
6103492
6107382
6108466
6121229
6121307
6126700
6133512
6138256
6138947
6140092
6144325
6152872
6154972
6155065
6157384
6167247
6168936
6174839
6181642
6185606
6186429
6190460
6215180
6218761
6228495
6234967
6235556
6242253
6242258
6242613
6244902
6246313
6255027
6255677
6259825
6260179
6267346
6268226
6270561
6273924
6281109
6284957
6287600
6291586
6304075
6314767
6331081
6332081
6333456
6333940
6343043
6344424
6347395
6347547
6352196
6352232
6354406
6356796
6362382
6363567
6364096
6365135
6366639
6370900
6381053
6382088
6385535
6398137
6400348
6403213
6404117
6404626
6405920
6411307
6416099
6431283
6431726
6432241
6434013
6439066
6439827
6441053
6443800
6447542
6449452
6450922
6452216
6457101
6457464
6463386
6467107
6472434
6480472
6502593
6510131
6512523
6516989
6519709
6520544
6521560
6523688
6527298
6534099
6534442
6540655
6542701
6544590
6549071
6563910
6564111
6564850
6567036
6568066
6568316
6588884
6589626
6598051
6601343
6602393
6611611
6611880
6613685
6615665
6627739
6631362
6634048
6636171
6641108
6645019
6649337
6652115
6653904
6655831
6665625
6667152
6667434
6668563
6672978
6681352
6682101
6683572
6686138
6688891
6701801
6707046
6707056
6707662
6711021
6712615
6716220
6716827
6718868
6720474
6720637
6722120
6723527
6723923
6729130
6731341
6732011
6734400
6737286
6741818
6749716
6760119
6762143
6765496
6771665
6778123
6783806
6787118
6788455
6789532
6791705
6795794
6796904
6797692
6799581
6803171
6803193
6803651
6808344
6809361
6817150
6820723
6821130
6831291
6837843
6841853
6846869
6851784
6858448
6870076
6877232
6877546
6881778
6883469
6883656
6887030
6889750
6891462
6900976
6905858
6910859
6912837
6931758
6939439
6941543
6942532
6943200
6946769
6953728
6954122
6954535
6961790
6964798
6967593
6968018
6975674
6978330
6978892
6982957
6997412
6997996
6998763
7000994
7001732
7002025
7002756
7038643
7040746
7046422
7047670
7060446
7062422
7075114
7077424
7077684
7079253
7081343
7082540
7085392
7088058
7095988
7105048
7110360
7116513
7118747
7122274
7125646
7140575
7143361
7149318
7152371
7157233
7165906
7166789
7170138
7173639
7176284
7176447
7179077
7181941
7186198
7187177
7187545
7194147
7195970
7196595
7204253
7207575
7211951
7213838
7216159
7219500
7220829
7221549
7225347
7226553
7232623
7239994
7240079
7248953
7249656
7253975
7259101
7259331
7261488
7261710
7264081
7264618
7271749
7272031
7275817
7277957
7279100
7286502
7299266
7301006
7301101
7301536
7302388
7309528
7309755
7310638
7310780
7322171
7323124
7324451
7335998
7347553
7353491
7355619
7361050
7369292
7372697
7381896
7383395
7384258
7385658
7386244
7389304
7390504
7393215
7393369
7400332
7403587
7409230
7421032
7425242
7431207
7431696
7433657
7446129
7446571
7449844
7455611
7460440
7461971
7467887
7476885
7479603
7482267
7485311
7490208
7495059
7495951
7495973
7502969
7504378
7504730
7509592
7512044
7522539
7523733
7534007
7536900
7544530
7544832
7549057
7555391
7557569
7561865
7567207
7569746
7572599
7572731
7575743
7576459
7579709
7589085
7594004
7600739
7604296
7607712
7612470
7615074
7620280
7620948
7631632
7632861
7636608
7637176
7638843
7639387
7643168
7646041
7648422
7648735
7649723
7650900
7660858
7679729
7694697
7698301
7700652
7707445
7711027
7713720
7721053
7725616
7728117
7729705
7729774
7729863
7730152
7733999
7735623
7736820
7736851
7742290
7743782
7743877
7744425
7745871
7746307
7750146
7754183
7754664
7761807
7775334
7777433
7781575
7782150
7787150
7794257
7800047
7801336
7806674
7809665
7810182
7815339
7819182
7819753
7819817
7820258
7820507
7826549
7830507
7832165
7833573
7841045
7842969
7856703
7861741
7861793
7866535
7868517
7869650
7869835
7871214
7877088
7881274
7890923
7891322
7895126
7895756
7899210
7899822
7900041
7901341
7905625
7911347
7920339
7922506
7923748
7936869
7938982
7940074
7943390
7947303
7952183
7952724
7956702
7960449
7962026
7962159
7963271
7969852
7975198
7976873
7980186
7988402
7988737
7996134
8003431
8005082
8008672
8010778
8021858
8025883
8029431
8031267
8033242
8034059
8037298
8041000
8041723
8044063
8045221
8058957
8062518
8062751
8065074
8066427
8070287
8070518
8072114
8073276
8073844
8074143
8074396
8083092
8085953
8088589
8092521
8095492
8097385
8098286
8104971
8106004
8120928
8122699
8125292
8136339
8139186
8142155
8143917
8146162
8151277
8155066
8159157
8162403
8162609
8166244
8167158
8168684
8168709
8168887
8173536
8174987
8179999
8180772
8181729
8185601
8190795
8196917
8197498
8198513
8211950
8214248
8218566
8220292
8226485
8230544
8232323
8238073
8239999
8241027
8241767
8241920
8245813
8248003
8248270
8250040
8252342
8256498
8262312
8275599
8276292
8278126
8280271
8280747
8287802
8289047
8291533
8300956
8302342
8305488
8306923
8307894
8309517
8310676
8315632
8317989
8319865
8321955
8323271
8325757
8326914
8329156
8329875
8330722
8332166
8334867
8336635
8352080
8352590
8361303
8365275
8368456
8369620
8379630
8385938
8386233
8387749
8390589
8392611
8395540
8400366
8402805
8412242
8412343
8412829
8413513
8423310
8431259
8438869
8441643
8463633
8469599
8473044
8475363
8475536
8479289
8480874
8481268
8482525
8487993
8496250
8499232
8501074
8503360
8505876
8505978
8506497
8509460
8515181
8521877
8534543
8535121
8535444
8536492
8542747
8544336
8544749
8545720
8550580
8556376
8557266
8561275
8562619
8569877
8575632
8582822
8593649
8600947
8602324
8604831
8607467
8610512
8614069
8616657
8617344
8618382
8620191
8620455
8625433
8633913
8639131
8641660
8662633
8664781
8665090
8667935
8671857
8680481
8684360
8692509
8703981
8705771
8710264
8717159
8719564
8719926
8723751
8725660
8727386
8733142
8737536
8738213
8741304
8742401
8748218
8751080
8752047
8757264
8762527
8764060
8765536
8766268
8766419
8766846
8773920
8774854
8778105
8778630
8780808
8780944
8785692
8790894
8794910
8794962
8800677
8802176
8807613
8808525
8808783
8810183
8812784
8815198
8815405
8816036
8816202
8820898
8821081
8833862
8835291
8838491
8838661
8838830
8840056
8844226
8848603
8851350
8852161
8852309
8862059
8863059
8866136
8878088
8880061
8882174
8886786
8891498
8894853
8897892
8902041
8903565
8923662
8924986
8933946
8934371
8934572
8938648
8941958
8945204
8947995
8948113
8954793
8955830
8959435
8963077
8967560
8968118
8973198
8973257
8977723
8978504
8979806
8989435
8989515
8989516
8989676
8990141
8992599
8994257
8995351
9000323
9001039
9016809
9025498
9038035
9039362
9042889
9048057
9048538
9054314
9055026
9061489
9061941
9062657
9069426
9078993
9082375
9085512
9089317
9094898
9096630
9098418
9099871
9101682
9104950
9107088
9111200
9112319
9115703
9117332
9122996
9124819
9128051
9128495
9143441
9148484
9159038
9160877
9168684
9171655
9171914
9191152
9193284
9193286
9194466
9206380
9209059
9217100
9219193
9220508
9224789
9226902
9231401
9231519
9236089
9256251
9257220
9258082
9271666
9276345
9277577
9277617
9280032
9280461
9293752
9294083
9295203
9303688
9304068
9304760
9310545
9319758
9322400
9326235
9333320
9344784
9353536
9356948
9358785
9359282
9360662
9362357
9364079
9371285
9378303
9386046
9388808
9392782
9403656
9405928
9406680
9408488
9410846
9415184
9415238
9423660
9425499
9432518
9432772
9434294
9438182
9443972
9445501
9449654
9463389
9463440
9471065
9481266
9484554
9486133
9493894
9498633
9508091
9511102
9514588
9523315
9530426
9533778
9533795
9536067
9545558
9548030
9551951
9552296
9552981
9583172
9588629
9590720
9596546
9599532
9601602
9601714
9602995
9609688
9613637
9614212
9614312
9629894
9630652
9633517
9638730
9638890
9639273
9643353
9646183
9653387
9653792
9667620
9668469
9668910
9675764
9676419
9680343
9682716
9685544
9688447
9692799
9710216
9711153
9711320
9728639
9729603
9732427
9732966
9733068
9735276
9738939
9741002
9741094
9745200
9748113
9750039
9753658
9755656
9766695
9770511
9771911
9783123
9783489
9790212
9790519
9792662
9801147
9801556
9802356
9805992
9811857
9821489
9821810
9850793
9874946
9879901
9883598
9895006
9904342
9904584
9905888
9909297
9910130
9910499
9912812
9918630
9921582
9927048
9927775
9928659
9933032
9938657
9939115
9940652
9943199
9943885
9946812
9951351
9959414
9960874
9965227
9969567
9975370
9976688
9976800
9980582
9982106
9987399
9989893
9995108
9998757
