11097
28471
43110
47982
49968
64532
67381
85361
86080
89251
91148
103102
121367
122275
123306
134853
136474
137806
153126
158628
165355
168321
174501
176764
178874
185256
186308
191106
193121
195383
211880
213748
216631
217841
219928
223781
227871
238831
241183
249109
255610
257598
264720
267001
272259
284057
286528
325179
329766
331080
340526
341883
346277
349277
349305
365393
377781
380930
397525
411731
430419
431595
436507
436835
464508
466301
468427
483011
486218
489394
494046
500179
503452
507061
516118
522994
532268
533756
535562
540589
541209
543228
544041
553017
563374
564760
566335
569879
577317
581763
586441
595293
601484
604970
614540
624808
636812
638141
639795
645157
653123
678065
679339
683995
686045
688515
693682
694483
697574
699468
711451
712033
725197
725740
729324
738067
738626
745893
746018
749427
762183
768822
769426
776642
780528
782543
786588
786735
787143
792150
795915
798568
800564
820007
820248
821795
826202
846385
858771
867410
867735
870385
877465
878405
890351
890441
905905
913467
914603
922101
923933
925766
929109
938408
938912
941068
950023
952708
954048
955030
955700
956918
960323
967387
972420
975127
977993
993835
994779
995406
999355
1000781
1008008
1009745
1020468
1028190
1028263
1032717
1042096
1059639
1060107
1062675
1078466
1080082
1082681
1085651
1090192
1097673
1102573
1103536
1107062
1110669
1114192
1117266
1118459
1120394
1124985
1129751
1129995
1142472
1156538
1160835
1162765
1167199
1167915
1176412
1186317
1187283
1187940
1191530
1193636
1195437
1199086
1200428
1211375
1211489
1226802
1232436
1237899
1242803
1247190
1257785
1261366
1263929
1280500
1284130
1287090
1287208
1290758
1297189
1307709
1314943
1316443
1319634
1323232
1323336
1326846
1342341
1345746
1350660
1351873
1362903
1367885
1374147
1375073
1380604
1382269
1400166
1400472
1402090
1402377
1407084
1411929
1412227
1413036
1418474
1419236
1430339
1439429
1459644
1468143
1473536
1478834
1481480
1484862
1492232
1497850
1505690
1525483
1533400
1536653
1546488
1551969
1554437
1556393
1563670
1566040
1577973
1583078
1586402
1596976
1599713
1602297
1602520
1603329
1609744
1622705
1626521
1628502
1633690
1656440
1658058
1668439
1673449
1697081
1702121
1709725
1721288
1724641
1739353
1747085
1748626
1750681
1772370
1774745
1781272
1786051
1789786
1793103
1799627
1803740
1809749
1811050
1813197
1816693
1818285
1821941
1842952
1847765
1855540
1860554
1877408
1889957
1905422
1911486
1916131
1924220
1933682
1945561
1950493
1958083
1976980
1981366
1988039
1992213
1994531
1995301
2004163
2011156
2014241
2041459
2059863
2061610
2064048
2073068
2074388
2090091
2090845
2091045
2095430
2103424
2109580
2116275
2116351
2119315
2120454
2126283
2138682
2139832
2150785
2151035
2152895
2153213
2153738
2154169
2159609
2171916
2173985
2184719
2188929
2192317
2195441
2196423
2198200
2200231
2203749
2216659
2223232
2226142
2239536
2259254
2264943
2267512
2271386
2272645
2280330
2282784
2283317
2283998
2301372
2310005
2310561
2314758
2327381
2337781
2338691
2353015
2353017
2356650
2360479
2360938
2365189
2365431
2367959
2371998
2373225
2376461
2388349
2389889
2395881
2397210
2409636
2409990
2413836
2414340
2429201
2434455
2436027
2442142
2446477
2449353
2458596
2460792
2470511
2470801
2471350
2482377
2487754
2490187
2492730
2494394
2497594
2498435
2501550
2504818
2506336
2525448
2530112
2530221
2537365
2543087
2546592
2549344
2565209
2583813
2587624
2589332
2591940
2598484
2600384
2608662
2614976
2625844
2627348
2628024
2631484
2639807
2641280
2642480
2644218
2654442
2655076
2657597
2659055
2659857
2663384
2667307
2687552
2696867
2702977
2703890
2705329
2709425
2710766
2723709
2730654
2734632
2755407
2757674
2764463
2767417
2781761
2783177
2800573
2804857
2807995
2808519
2811850
2815261
2821745
2824752
2835802
2839955
2855105
2868975
2875442
2889354
2900322
2905075
2918178
2918586
2928249
2929060
2929177
2929909
2934284
2935000
2943032
2944954
2945934
2968130
2978813
2983279
2984938
2990003
2992802
2994316
2996526
3003689
3011091
3016142
3017402
3023912
3033027
3035346
3035736
3050858
3061871
3062265
3070908
3074658
3084464
3089576
3090741
3098029
3103767
3107260
3111335
3113706
3118769
3120568
3121331
3121521
3124512
3124984
3128544
3128865
3129465
3136021
3152916
3155383
3167135
3170577
3176515
3180867
3190270
3203303
3206620
3208534
3210099
3214583
3217625
3239922
3244393
3246692
3253583
3268142
3277008
3280458
3294577
3298969
3309126
3311533
3316592
3320363
3332182
3332926
3337881
3339704
3353346
3354743
3355615
3368291
3375550
3395699
3401503
3410353
3411320
3421153
3452559
3468775
3471447
3473442
3476708
3478270
3479807
3483419
3489702
3490916
3495096
3503130
3509036
3517771
3519782
3527072
3533307
3543900
3559756
3560818
3588757
3593741
3601281
3617675
3624525
3630203
3630464
3631687
3636380
3644205
3655775
3655968
3657760
3674689
3675251
3685170
3687307
3700326
3709230
3709765
3710940
3724750
3730726
3741104
3742524
3745417
3746850
3749774
3755016
3762338
3777571
3777832
3786362
3794424
3795267
3805222
3808006
3808999
3815941
3825012
3828125
3832587
3834607
3844491
3850654
3862572
3873052
3874741
3880855
3882069
3890291
3897466
3904425
3906299
3920413
3923117
3924032
3940736
3940905
3948850
3952392
3955687
3964021
3966108
3970802
3988340
3989095
3993927
3998479
4015504
4019918
4021086
4021527
4022996
4025342
4029900
4030703
4034952
4035546
4036065
4044730
4052090
4058203
4058951
4072211
4076321
4078856
4089842
4102602
4106964
4132972
4136571
4138646
4140799
4148936
4153398
4157898
4173061
4173149
4181118
4187170
4207279
4213250
4213406
4222273
4240662
4240674
4242922
4243439
4247767
4259632
4261427
4269263
4271246
4279476
4282007
4308169
4312704
4330311
4330357
4352557
4370570
4374540
4376165
4378358
4383166
4391920
4400753
4406116
4411250
4421220
4423083
4435407
4435938
4442041
4448041
4461031
4462191
4464012
4474209
4477766
4481169
4483518
4487837
4488400
4492310
4492658
4494886
4496158
4497794
4498277
4501682
4516581
4528289
4533740
4538301
4538746
4545325
4547510
4554277
4560280
4573886
4576315
4578216
4580138
4584252
4589534
4591589
4598137
4598200
4599676
4600858
4613785
4614652
4615513
4615908
4628466
4629395
4629845
4637281
4644619
4652066
4654317
4655254
4661475
4663044
4687999
4702807
4706947
4720871
4725923
4731738
4731787
4744259
4746798
4756409
4768819
4769777
4788514
4798872
4801687
4802563
4809091
4814571
4816662
4817794
4832845
4849741
4851599
4852074
4855677
4860605
4860933
4865669
4877343
4880050
4882184
4883594
4890756
4904249
4904679
4918734
4922340
4931425
4934388
4936360
4937682
4947276
4947700
4948560
4948660
4964786
4965654
4985697
4999787
5004612
5013558
5014670
5024295
5026415
5040277
5044142
5046802
5054922
5074343
5082060
5082179
5083177
5095662
5099562
5099944
5101404
5104031
5109363
5110449
5112583
5116060
5133058
5134020
5135471
5154015
5166506
5167338
5170561
5175351
5179073
5182325
5190638
5194467
5194528
5198557
5201464
5202045
5205564
5210329
5224413
5237535
5242761
5246170
5259695
5261266
5263729
5274081
5274535
5282226
5291015
5293810
5301632
5310988
5324212
5336068
5336486
5349759
5355942
5359350
5361611
5391201
5393408
5396500
5396953
5398743
5403883
5407877
5418427
5427979
5428225
5431777
5453960
5455931
5460624
5465237
5480641
5487162
5487428
5496589
5498239
5505069
5516004
5516870
5527722
5537111
5545012
5553278
5556668
5561098
5565430
5566856
5572178
5576357
5619629
5629159
5630003
5645904
5654875
5654995
5661839
5665496
5667335
5668491
5673056
5677462
5677866
5680356
5681043
5683300
5709456
5711982
5714512
5723642
5732112
5733455
5734284
5734630
5735869
5737670
5743320
5748098
5751240
5753000
5757316
5758739
5764837
5780009
5782970
5787257
5791664
5799725
5800488
5815136
5817613
5825093
5829418
5830094
5840857
5842086
5845961
5849028
5851138
5854332
5859019
5859859
5891039
5907379
5928910
5937489
5941105
5949979
5953983
5954862
5973017
5974640
5974786
5980136
5982091
5988619
5995471
5998804
5999318
6001407
6006412
6012443
6023306
6030272
6032126
6037295
6056328
6071258
6076201
6090210
6091186
6096670
6100277
6109329
6110887
6115768
6116350
6117474
6125055
6128811
6136809
6152299
6160552
6166042
6168976
6170470
6182182
6184788
6186527
6190280
6191720
6195293
6211236
6226851
6229625
6230122
6231575
6232815
6234236
6243604
6250953
6255111
6262558
6271275
6276266
6282147
6283088
6285057
6288028
6291535
6292052
6297607
6302459
6317249
6317725
6320095
6321253
6323515
6328717
6334386
6342290
6365270
6379464
6385949
6390690
6405515
6407768
6408903
6409648
6417965
6424281
6428836
6434107
6438957
6440839
6450414
6455840
6461610
6477025
6482284
6490051
6490052
6494772
6495171
6497436
6497967
6498320
6504492
6506078
6517354
6520748
6525391
6531495
6538389
6552704
6554448
6572301
6572464
6576795
6580281
6582315
6586943
6587621
6592858
6599691
6621114
6628002
6636685
6638987
6641693
6644282
6646988
6652665
6656913
6662547
6668035
6673515
6686043
6687890
6688274
6695293
6699370
6701492
6705491
6705652
6705718
6712155
6721859
6739820
6745843
6753211
6754455
6755322
6761178
6762144
6763658
6766478
6769150
6775835
6802178
6809270
6812729
6812884
6815332
6815918
6816186
6819479
6829649
6836507
6837016
6841314
6843917
6848342
6851629
6858213
6872466
6872809
6873907
6875489
6875869
6883475
6885149
6887064
6912273
6937585
6940832
6942541
6951481
6960192
6960391
6960678
6961755
6969805
6974760
6980934
6987387
6992848
6994674
7000385
7004088
7021631
7026960
7030187
7036765
7039027
7040057
7040061
7048890
7051947
7054810
7061322
7069036
7076690
7088454
7101372
7104795
7107165
7110699
7116029
7116578
7119729
7121319
7126520
7127053
7137896
7138836
7139798
7143423
7146421
7150061
7155907
7157210
7169329
7172040
7178006
7182902
7202550
7214934
7215080
7218752
7219822
7227389
7233157
7236110
7242867
7245107
7253018
7255762
7280848
7283702
7305936
7307266
7314039
7315279
7321737
7322833
7328732
7346647
7356129
7364309
7367188
7401005
7402682
7404067
7405133
7405778
7407246
7410345
7411875
7428732
7430288
7436472
7440464
7443235
7448282
7451876
7460520
7465645
7476519
7487748
7489464
7498686
7503208
7504233
7511806
7513935
7516149
7523755
7527110
7533864
7534502
7544330
7551747
7558135
7560719
7561442
7562567
7569424
7570976
7578977
7579957
7605145
7608517
7610886
7613648
7621175
7626806
7640651
7645329
7647292
7672359
7684002
7687772
7688101
7692465
7697689
7699574
7714803
7726860
7728914
7734155
7748070
7760484
7766189
7772105
7783827
7791929
7802946
7803088
7804246
7810039
7815056
7817990
7824859
7827910
7831281
7831958
7832698
7839675
7841335
7845872
7856107
7866443
7874204
7881074
7881516
7883519
7889904
7895430
7900900
7909187
7913087
7928421
7932496
7936720
7939511
7943219
7947003
7955718
7961624
7974851
7976376
8007305
8008736
8018302
8025615
8030738
8032586
8033596
8034816
8050045
8053499
8055131
8059120
8060011
8061257
8064839
8086036
8086899
8091982
8111656
8117259
8127008
8136926
8148773
8154457
8164038
8164379
8166920
8179450
8179551
8186767
8187751
8190218
8194003
8197277
8199959
8204556
8204633
8205253
8206229
8210144
8213727
8214511
8222646
8223594
8232166
8242669
8246342
8252999
8265853
8269955
8270295
8295188
8295464
8300677
8301678
8314644
8316767
8328784
8334156
8335433
8344188
8353435
8376781
8381777
8385114
8398458
8402574
8403510
8407410
8409309
8415874
8421109
8424895
8425565
8428213
8435605
8441279
8448239
8460974
8468464
8469308
8472176
8478285
8486425
8486556
8487893
8505683
8508198
8511888
8514366
8515489
8518290
8518479
8544081
8551153
8558412
8560270
8573679
8573705
8577595
8579035
8579872
8599990
8600938
8616509
8620820
8633148
8639053
8647626
8653406
8654312
8666680
8673268
8673572
8673645
8675201
8684593
8689493
8691386
8700386
8706610
8713840
8720367
8733860
8745640
8752907
8767663
8768974
8786794
8795396
8814745
8816356
8820611
8832439
8836388
8857611
8860158
8863955
8870111
8870910
8875236
8883987
8883990
8884495
8893267
8911496
8912892
8913808
8922730
8924668
8931415
8932557
8936544
8943604
8947165
8951127
8952564
8952856
8970883
8971470
8979380
8983709
8984668
8997251
8997952
9006068
9008235
9009139
9033402
9034873
9039066
9053590
9068691
9074258
9078016
9078724
9084385
9089204
9098315
9115120
9127326
9127987
9130153
9145104
9160554
9165706
9168075
9169188
9169445
9174777
9177623
9195445
9199718
9205327
9214917
9215110
9216536
9217693
9217942
9226641
9234221
9243266
9244712
9254016
9256186
9256301
9271606
9271686
9275267
9289086
9297043
9318732
9330535
9338953
9340216
9352555
9361039
9364213
9380536
9385306
9387424
9403386
9404820
9415142
9418420
9423297
9427352
9428286
9428623
9429062
9440247
9451273
9454466
9459973
9466467
9473485
9476917
9480693
9485748
9493959
9505119
9505965
9511037
9514828
9516125
9520390
9520805
9528784
9531826
9538216
9546139
9554424
9555250
9561989
9567365
9591482
9596632
9598567
9604500
9623297
9632784
9644307
9649227
9661312
9669590
9669752
9691488
9701465
9705031
9714456
9721848
9730708
9746496
9748356
9766936
9770582
9772516
9780823
9781554
9792460
9802713
9804111
9804256
9811686
9811803
9835083
9838630
9852120
9854699
9855220
9860424
9877196
9879638
9883247
9885090
9888246
9888836
9890703
9891655
9893791
9897874
9916246
9928183
9941927
9942689
9955783
9957213
9963263
9966690
9966706
9970087
9972561
9979790
9982999
9984281
9985358
