3660
3852
14984
28910
38401
43637
50324
50664
53102
62094
66184
71186
88748
96047
100914
106732
110278
113157
124970
126001
133566
135171
137130
141266
152573
157957
157984
158992
163810
167050
167429
173762
185271
191041
197141
197987
203250
210795
213072
225788
228169
232036
249853
258821
266532
271261
273580
274385
274722
294290
308633
313050
314646
326041
328355
328683
329484
337623
340263
342486
352071
353450
354975
355504
355985
361178
365523
375549
376455
392054
403513
406569
416653
416885
424527
428802
435099
437190
440692
441298
463665
468182
479834
491776
494903
508983
511219
526530
539838
549672
550284
552572
555793
561448
566897
567650
576590
582060
590224
591862
618516
633793
642312
662696
666832
667117
678407
689001
693613
704295
733025
733284
734754
745899
752578
752751
765329
771738
778304
778353
778728
779118
781698
782093
805399
807335
815630
820759
821650
844367
849794
857956
865280
869679
869824
883690
884365
884847
888597
890892
895455
898036
899040
900389
910067
913454
917608
925434
930102
937362
938409
947132
947852
951881
958695
999110
1001717
1004266
1020131
1022829
1042632
1050597
1054255
1062386
1068539
1068999
1076950
1082411
1087563
1089269
1097164
1099444
1111154
1112956
1118623
1120211
1123822
1124525
1125186
1129965
1133737
1149775
1150828
1171399
1183018
1189319
1189486
1189926
1196074
1203797
1219303
1227704
1237540
1238111
1242094
1254183
1259920
1261228
1262305
1267410
1267834
1299684
1301336
1303509
1318332
1327074
1342546
1353191
1361689
1362810
1366293
1372424
1372819
1421525
1428174
1439313
1446690
1465685
1475678
1480822
1491297
1503092
1509305
1517754
1522746
1536666
1545085
1546673
1547254
1558054
1565788
1576457
1578214
1587258
1591781
1592897
1615924
1615952
1618971
1619653
1631180
1631468
1635787
1650899
1662879
1664832
1665826
1669337
1670615
1671567
1674305
1676892
1677713
1682703
1682843
1683125
1691243
1697707
1709837
1711736
1719128
1721206
1722935
1724409
1732993
1738843
1739787
1746691
1749308
1754702
1755938
1761640
1774667
1782893
1798150
1803451
1805703
1808029
1813785
1822330
1826981
1832025
1836491
1839486
1840428
1854738
1857704
1869474
1872723
1872802
1873216
1881626
1882281
1886139
1891158
1891729
1904563
1906639
1921860
1926689
1929421
1935401
1938487
1950616
1965079
1967243
1971772
1973465
1980664
1983426
1993599
1996692
1999562
2001843
2008793
2024346
2024843
2039128
2047115
2057085
2059258
2063576
2067524
2070532
2079938
2082150
2083166
2090946
2100495
2100602
2105299
2114871
2115766
2118866
2125522
2128257
2142225
2144979
2145432
2145676
2146197
2160164
2164760
2170146
2170213
2170222
2186009
2186858
2186863
2191342
2201160
2211468
2213325
2223767
2232373
2242192
2242920
2243734
2244259
2247423
2263407
2266469
2276461
2277699
2285456
2291957
2295237
2299580
2299787
2307704
2308927
2313939
2318193
2318517
2322714
2323660
2330935
2331052
2341548
2345176
2352674
2353151
2353707
2354964
2355167
2365551
2377785
2383669
2388600
2397459
2404471
2413195
2421291
2427107
2435229
2442854
2451201
2451265
2465156
2467309
2477569
2478991
2481469
2503152
2506545
2517046
2517435
2521451
2521514
2521685
2545931
2557740
2570161
2570362
2571733
2583728
2589085
2590276
2591590
2593648
2597926
2607309
2611998
2633486
2634778
2635629
2652338
2657625
2658114
2672272
2675731
2676188
2681009
2686333
2687729
2688837
2690065
2693259
2694910
2705132
2711341
2724232
2732465
2746905
2750519
2753387
2755742
2756289
2758760
2762560
2763773
2770637
2786038
2787659
2789645
2792035
2800977
2807738
2813278
2818319
2831057
2841080
2841567
2843265
2844668
2844953
2845924
2857136
2862928
2882994
2884458
2887324
2892421
2893537
2895512
2903996
2904324
2904827
2919180
2922307
2923436
2928340
2931983
2932188
2936359
2941428
2946511
2950621
2954359
2961260
2961551
2969706
2971668
2973075
2973648
2976576
2979039
2991067
2997136
3011406
3016386
3018612
3023074
3028727
3045195
3047460
3049434
3052665
3080266
3090142
3103537
3112246
3116910
3124150
3131195
3137232
3155720
3166959
3168898
3175421
3180095
3180752
3181223
3196920
3202462
3203021
3235612
3237143
3238871
3240303
3243321
3246137
3246188
3257487
3275785
3277008
3287658
3289549
3292361
3293656
3306135
3308154
3327743
3332572
3334979
3337087
3337852
3340156
3347803
3362721
3365889
3369529
3372318
3379717
3380210
3389101
3392830
3393743
3398542
3399376
3401744
3412206
3422108
3424610
3426374
3433376
3435109
3441617
3455877
3456402
3471532
3475663
3480017
3483711
3488231
3491201
3512259
3530496
3540041
3542076
3543249
3550376
3550832
3561681
3565570
3581973
3585726
3590711
3602212
3602609
3611917
3613960
3614263
3616698
3619239
3621520
3622317
3623940
3628976
3629473
3639597
3655532
3659668
3665019
3665286
3669655
3670123
3671296
3676624
3679937
3682923
3692874
3702260
3711106
3723819
3725848
3728177
3733452
3737164
3744725
3751634
3754309
3756354
3763407
3773647
3786585
3794791
3820952
3822445
3829818
3834823
3834830
3839340
3842603
3850745
3859900
3869222
3875629
3886546
3887424
3887581
3896776
3907234
3912612
3913443
3917387
3919743
3923353
3926258
3941341
3950380
3958098
3967393
3971479
3980741
3984505
3991033
3995047
3996384
4005105
4005489
4007385
4010625
4016076
4033832
4042157
4048111
4053459
4065485
4071351
4073581
4081006
4082076
4088067
4090121
4102027
4116499
4121466
4125455
4132272
4137078
4138726
4143043
4143779
4144077
4147917
4151316
4151856
4160688
4165007
4169245
4175612
4192053
4203157
4203911
4213598
4214010
4220364
4228336
4247941
4257498
4262095
4262461
4271270
4278630
4279302
4281380
4300931
4302148
4303456
4305224
4317334
4318863
4342351
4348415
4360553
4363036
4369404
4383033
4385063
4388137
4392880
4400641
4415656
4427798
4437585
4438786
4446520
4451163
4458630
4458788
4463902
4469504
4470522
4470821
4474038
4474601
4478176
4491294
4492504
4492639
4502075
4505139
4525545
4535197
4537256
4540036
4548737
4555433
4555560
4556279
4567427
4575329
4576553
4576967
4580352
4581386
4587155
4595774
4598538
4598551
4605512
4609247
4616567
4636406
4636451
4650098
4667719
4671841
4707524
4709989
4710344
4713777
4720151
4730210
4740284
4767047
4772858
4777070
4792655
4806937
4814206
4819601
4823029
4831589
4832313
4845698
4870357
4871163
4871644
4880224
4884027
4886680
4888465
4892474
4898984
4900179
4914270
4921931
4921937
4922357
4923162
4927995
4931469
4937264
4947082
4955664
4961112
4970097
4979456
4987014
4990326
5007339
5010695
5020810
5027404
5047288
5048978
5052984
5054510
5059684
5064905
5069260
5073137
5073854
5085624
5086762
5090319
5106225
5117230
5122453
5125118
5151456
5152967
5153984
5155701
5160375
5162512
5165684
5174812
5177318
5179648
5181237
5182972
5189842
5195117
5199395
5202366
5206973
5209542
5215474
5223235
5239350
5244654
5245668
5259195
5260690
5268807
5276997
5280382
5281602
5291042
5292975
5294938
5295268
5299747
5301309
5312143
5314200
5314818
5315196
5316178
5326103
5326725
5334288
5340679
5351172
5356974
5373421
5388330
5402931
5408497
5411647
5415321
5419318
5426698
5442968
5446205
5447696
5461981
5468466
5475989
5489355
5496473
5497478
5501996
5512250
5513028
5515861
5517988
5521691
5526473
5533214
5538134
5549459
5556900
5565473
5565727
5577282
5582497
5588440
5595651
5598902
5622541
5630272
5631176
5636976
5639121
5647347
5653107
5659966
5663739
5663864
5667750
5668520
5671057
5674108
5701726
5703239
5703978
5704715
5706417
5706801
5709065
5712359
5725073
5727282
5729156
5735990
5738209
5742284
5752014
5753049
5753740
5759484
5761328
5767424
5771420
5778412
5782404
5791665
5797028
5797267
5823732
5823955
5827534
5831661
5835968
5836317
5840334
5849731
5856076
5856316
5858296
5865414
5870325
5870440
5870808
5879564
5882410
5884956
5887977
5891059
5905756
5910448
5919362
5942966
5945384
5960313
5965826
5981990
5984208
5986889
5994834
6005863
6024339
6024857
6025464
6029544
6034222
6036925
6041781
6049238
6049366
6055283
6062201
6062710
6071117
6071980
6071989
6073898
6079216
6080396
6088854
6093914
6097917
6129292
6132153
6134760
6141371
6147776
6147913
6149967
6168975
6172157
6174503
6181916
6192273
6192653
6192742
6197843
6203687
6213808
6215087
6240208
6254387
6269759
6286997
6290080
6290881
6294966
6307614
6309206
6319869
6322797
6331136
6337208
6340822
6342665
6346203
6352814
6361698
6368146
6371728
6382448
6388486
6388751
6397205
6400997
6412974
6421113
6436984
6437649
6439363
6441503
6444455
6446068
6447930
6449746
6453363
6455254
6458702
6463510
6466475
6480872
6484112
6488235
6497700
6522694
6523873
6527016
6530616
6545060
6553264
6557996
6562395
6563712
6581218
6598709
6603531
6620383
6621631
6641879
6645638
6653450
6658262
6667051
6669142
6670539
6685688
6689220
6689361
6691343
6703976
6706929
6720201
6726793
6729047
6753539
6755903
6759031
6760357
6761913
6767785
6769299
6769743
6771244
6775360
6778059
6779814
6783006
6792632
6795017
6819218
6826342
6835477
6843187
6843979
6849812
6853711
6860579
6861942
6867818
6870457
6879467
6891615
6911336
6913253
6917941
6920557
6921200
6923279
6932683
6941175
6948886
6959604
6963637
6964054
6978293
6979469
6992008
6998061
7019168
7020128
7020905
7021135
7024785
7034020
7042291
7049202
7056837
7065044
7083183
7085145
7090776
7098141
7105853
7109975
7115643
7117216
7125852
7127311
7127326
7127699
7129286
7135182
7135378
7135470
7136131
7139532
7144206
7144629
7148504
7149091
7149960
7155854
7160787
7170942
7172500
7172762
7174692
7191760
7203477
7214613
7227103
7232882
7240457
7243277
7243401
7247159
7247556
7253852
7263000
7266086
7266906
7273583
7288096
7291858
7293706
7300936
7302944
7303165
7309213
7317389
7323985
7324818
7325891
7331160
7332785
7334519
7341784
7344626
7346279
7347909
7349330
7361381
7371701
7379884
7383753
7396577
7401375
7411313
7414977
7416024
7418754
7425594
7426564
7430756
7449332
7453725
7469188
7470245
7476696
7477948
7478590
7484470
7488423
7492340
7503698
7510853
7521960
7525117
7528758
7529606
7534885
7543645
7543757
7558110
7561872
7578321
7579563
7583735
7588718
7589394
7591473
7595627
7596991
7603218
7606981
7609294
7610697
7620368
7626848
7627251
7634038
7638977
7653348
7655669
7656549
7659386
7659388
7659643
7689892
7696586
7697150
7704108
7704840
7724509
7734163
7739640
7745931
7755873
7760324
7764156
7781845
7782869
7789373
7806701
7812624
7817415
7825481
7828744
7837116
7838452
7843466
7845385
7851023
7855367
7857422
7859345
7870307
7877395
7889646
7896731
7898839
7903563
7904005
7908366
7911435
7918951
7919304
7919681
7935386
7937491
7941252
7941575
7955632
7960747
7960793
7965780
7967726
7975936
7991072
7994278
7994283
8009454
8013066
8029210
8031869
8066122
8067255
8073365
8088604
8102508
8118326
8125436
8125858
8128093
8134783
8139994
8141591
8154231
8156368
8190462
8195853
8202002
8211951
8214297
8217312
8218278
8221783
8227204
8228296
8238693
8243427
8249750
8255445
8258681
8271836
8279176
8280649
8283241
8283945
8295849
8295985
8303866
8304736
8309479
8317503
8324200
8326053
8344933
8346623
8352858
8354763
8366752
8372414
8378224
8382449
8389154
8390473
8395314
8409542
8416922
8417560
8417845
8423356
8426948
8434688
8443019
8449829
8452448
8460553
8474270
8477827
8486084
8487089
8503370
8511355
8511929
8514998
8522812
8527626
8528138
8534205
8538063
8539995
8548867
8558183
8560460
8561369
8572039
8581692
8594766
8602730
8609605
8614195
8622516
8624362
8627861
8631903
8639225
8644994
8647808
8651743
8674457
8676507
8680215
8681171
8684694
8686887
8688280
8688943
8693399
8695843
8705691
8710317
8710498
8712027
8712678
8717797
8718234
8729547
8735792
8740609
8746953
8747588
8749690
8753126
8755539
8770672
8779709
8789412
8797253
8800071
8806531
8808321
8811012
8820091
8825642
8826822
8834547
8836846
8839402
8842946
8859525
8860598
8865151
8878498
8880846
8890137
8890871
8893189
8898797
8910838
8922668
8928581
8932864
8938364
8940159
8952162
8954219
8964573
8965074
8967788
8968112
8969858
8970725
8979069
8992268
8993421
8995198
9001528
9005467
9025086
9026007
9030256
9033679
9045814
9053723
9078953
9086142
9094870
9095586
9098211
9105967
9119287
9128086
9133073
9135660
9186585
9190727
9192151
9196465
9206091
9207694
9212101
9216152
9217400
9218101
9218162
9226390
9226523
9231947
9232991
9233308
9254699
9259873
9267513
9268529
9277799
9280820
9293301
9299301
9302481
9306717
9310577
9313423
9321883
9328494
9339694
9340193
9340749
9346601
9350376
9355432
9358234
9371235
9375779
9383373
9389840
9397732
9400445
9413930
9416068
9417325
9418976
9427556
9427668
9427958
9428978
9432577
9436911
9444861
9446405
9455850
9458166
9459455
9462501
9468768
9469022
9471965
9473401
9475592
9484601
9485147
9486933
9489884
9497974
9505552
9505968
9506469
9506994
9508639
9510807
9513523
9523477
9530461
9534997
9536282
9548148
9562921
9593752
9594114
9594992
9601074
9611127
9615512
9617192
9618253
9619883
9628706
9628822
9628935
9633348
9633810
9637794
9672713
9672775
9673493
9695968
9700594
9723361
9727568
9732959
9734970
9742390
9743404
9746041
9747538
9747800
9753467
9754055
9759207
9764041
9765288
9780309
9780522
9784013
9785070
9788445
9793717
9804578
9807250
9807935
9814887
9826129
9829417
9831668
9859928
9860897
9865176
9866553
9872654
9873733
9874227
9879473
9890187
9904662
9906851
9906991
9910917
9911306
9925634
9931211
9947974
9967885
9968516
9970718
9974037
9982713
9984333
9992755
9993678
9997324
9998840
