14241
23203
25855
30484
37300
38546
41542
42515
48874
53656
55444
66275
67249
67902
68049
68151
89101
89553
89593
100101
109823
118030
122263
123669
135832
137016
139370
141462
148175
150707
151647
151692
155216
156368
160870
163046
170189
174276
174426
174956
180466
203211
212047
214442
216606
231854
232194
234279
236185
236763
236839
237143
237201
238072
247692
250113
254026
267100
268307
268310
269961
279263
280758
282347
289329
293019
295126
297261
297427
302988
304828
308428
311278
323032
334025
335265
335296
335634
339910
344429
344486
345690
346462
346988
363187
364522
366654
368143
372644
376200
377734
377750
378343
380137
386812
390766
392688
392793
398309
404848
405961
406638
413182
415381
423274
429905
431884
436881
436950
440378
443855
449477
452699
458673
461388
463751
474389
477205
483371
484553
485950
486943
488469
488967
491372
498033
498719
499343
502003
508602
513888
518516
526356
526418
529989
530437
531267
534938
535440
536613
543800
545385
548036
548734
557441
557715
558415
564345
568932
569643
578305
580713
589737
590952
592460
594519
594937
598533
602584
611892
621030
625384
627116
636441
640231
644909
650036
651674
655439
669020
669236
675972
680291
681450
683369
688052
698678
701144
713479
719166
725660
729404
730617
747899
752456
752882
753816
755691
770853
774745
780152
785332
791241
791326
799021
804598
804781
816935
822186
827217
836851
840601
840831
843957
850850
858412
859559
862389
868311
869943
873102
874641
875421
878772
881948
881958
884651
885863
890327
897086
897797
903606
910179
910489
911370
913600
916628
918991
919345
920077
927930
932350
936851
941056
944265
958276
958725
962844
978861
980151
989517
999698
1033486
1037291
1037444
1041231
1042676
1044587
1045727
1047631
1049343
1052734
1063852
1066373
1069947
1075681
1083168
1085380
1089814
1091039
1094261
1095878
1105889
1108546
1111241
1112941
1116826
1117158
1120015
1121016
1122001
1122622
1129442
1150646
1159226
1160127
1167135
1178092
1185166
1187000
1194653
1196600
1197353
1198864
1201940
1208575
1209007
1209467
1209556
1209756
1212642
1214119
1217849
1228652
1229928
1233483
1239664
1240270
1241398
1244374
1248299
1249167
1250728
1254789
1257628
1262065
1262886
1263236
1267350
1268235
1275928
1285011
1287343
1293557
1299524
1301724
1302293
1308074
1309219
1309394
1316978
1319598
1323341
1323748
1340075
1343262
1343473
1353925
1357091
1357694
1360400
1366121
1378872
1381947
1385540
1386874
1391562
1394626
1401270
1403398
1404735
1404782
1405134
1405455
1408965
1411379
1411481
1413325
1416750
1419794
1424771
1427320
1430996
1438962
1444609
1446436
1449334
1451837
1452114
1453233
1457139
1460086
1461399
1465116
1465680
1469814
1471231
1473974
1477396
1478410
1485279
1489421
1495083
1496606
1518866
1521967
1524013
1531378
1535348
1535387
1536147
1537242
1538545
1552372
1553520
1558794
1562510
1564246
1564312
1564484
1571075
1573357
1574915
1577683
1578238
1580123
1593028
1594367
1599659
1600980
1605126
1605989
1606150
1607935
1611892
1611975
1639758
1654836
1655045
1656256
1656887
1661330
1666399
1675824
1677295
1680979
1687613
1688589
1695423
1697322
1698193
1702296
1708239
1715145
1718652
1733050
1733623
1737933
1740820
1740874
1744395
1750360
1759028
1772733
1779288
1785245
1786421
1787680
1788950
1792086
1794757
1795388
1802787
1803035
1806823
1807392
1807731
1811094
1811839
1813631
1814231
1822768
1824430
1828064
1830106
1831023
1837507
1846825
1860518
1865811
1869090
1869156
1872181
1876886
1879225
1881279
1886192
1891188
1892513
1892881
1893069
1894290
1894787
1897922
1902531
1905340
1907732
1912125
1913925
1930125
1931956
1933214
1934386
1938567
1941354
1942275
1943448
1948201
1948428
1948454
1952138
1955371
1955660
1956705
1961797
1963845
1964280
1964748
1965918
1965989
1969384
1970730
1973488
1980079
1983843
1985875
1994397
1994718
1998610
2006736
2010060
2018771
2021965
2023311
2023763
2028668
2038193
2039074
2041247
2041917
2049791
2054940
2056906
2057460
2057895
2064278
2070083
2085488
2096172
2096903
2104422
2109653
2109942
2109949
2116292
2120028
2120305
2126672
2130333
2137565
2139773
2143241
2143319
2144797
2148894
2158262
2160643
2166532
2167447
2188895
2190528
2210187
2210646
2211358
2218511
2219813
2225330
2235637
2247557
2247659
2251081
2253055
2255204
2256312
2263475
2267296
2267395
2268504
2270230
2270333
2270953
2271665
2281707
2282108
2282940
2313212
2316440
2323589
2333604
2333688
2334410
2334984
2334997
2341999
2348063
2349018
2358012
2359141
2359599
2360308
2366674
2370099
2372291
2372430
2374930
2387211
2387796
2388800
2402840
2404230
2409269
2410081
2410787
2418618
2419738
2420524
2423647
2424810
2444353
2444586
2446248
2446672
2448632
2459319
2462478
2472387
2473703
2477731
2477987
2485606
2489422
2491418
2495319
2495581
2505011
2514101
2515810
2516054
2518559
2521625
2523611
2524200
2526377
2528950
2536812
2540218
2559095
2561137
2569929
2573108
2577732
2584947
2595216
2603143
2604641
2605078
2609243
2633222
2636273
2638008
2639930
2646536
2659411
2660815
2665235
2665697
2673828
2684821
2691677
2693407
2693458
2702810
2704466
2712486
2718856
2723116
2723619
2724837
2726344
2731787
2734175
2735407
2736751
2738734
2747400
2755441
2759301
2770773
2771977
2773384
2774489
2776085
2788213
2793798
2794502
2808698
2811121
2811850
2813986
2815430
2815895
2819895
2822845
2826028
2828468
2835243
2836647
2839461
2849496
2850583
2850837
2852459
2857387
2857807
2868831
2870978
2871671
2875255
2880295
2880863
2884701
2886402
2893495
2897164
2898693
2908936
2916672
2922337
2923856
2924668
2932775
2934364
2936457
2938056
2939387
2946632
2956094
2968571
2968738
2975923
2980291
2983032
2987042
2988243
3002930
3020116
3023566
3030526
3032462
3035886
3041182
3043759
3050991
3053875
3055380
3066386
3067111
3074042
3083651
3084962
3088145
3093191
3094925
3110547
3115663
3115852
3118888
3122033
3128938
3131388
3134027
3137075
3137673
3141137
3144415
3153194
3178342
3185057
3189974
3200907
3208388
3208436
3210170
3221134
3224532
3225890
3227413
3233994
3235822
3237469
3247276
3253428
3254463
3254639
3255150
3260881
3264453
3267251
3268638
3273124
3276559
3279149
3279719
3283922
3287831
3297249
3303334
3305657
3310900
3318834
3321442
3330835
3331283
3332548
3335752
3339717
3346706
3350557
3360258
3367175
3371732
3374863
3376539
3381552
3391444
3392013
3397822
3398662
3404160
3405330
3408363
3418668
3419535
3419725
3419924
3420821
3423234
3424189
3428710
3431508
3432045
3432223
3433293
3433359
3433917
3446494
3451941
3453724
3456687
3458273
3462376
3463073
3463884
3463914
3473761
3477211
3479906
3486950
3489954
3493454
3497607
3502886
3503411
3503438
3506616
3515905
3524557
3533939
3535422
3538705
3541620
3541704
3542503
3543647
3552598
3560476
3568768
3574251
3578699
3587598
3588378
3588463
3598678
3603259
3604239
3606918
3609902
3611736
3612275
3614110
3620072
3629033
3640949
3643088
3649750
3655870
3659310
3662516
3666318
3666921
3668181
3669369
3669824
3675793
3678262
3681959
3688422
3689935
3697580
3698908
3709973
3710238
3714026
3726363
3731999
3746743
3749325
3760971
3763767
3767388
3771029
3776492
3781011
3785181
3795391
3809954
3816352
3819152
3819265
3820123
3820281
3824861
3830095
3831129
3838322
3839650
3839858
3841199
3843920
3849020
3849236
3855485
3858496
3866127
3867191
3870566
3873831
3878921
3882007
3884443
3892523
3893108
3896058
3899875
3904514
3909719
3911503
3918231
3931934
3943106
3943427
3944178
3946183
3947790
3949682
3969677
3972082
3975260
3977941
3982112
3985013
3987650
3987909
3989682
3993541
3997102
4001096
4007292
4014765
4016533
4016812
4022724
4023326
4039158
4041187
4044524
4050055
4054008
4058320
4058730
4060035
4060767
4066148
4073496
4081783
4085514
4086173
4088338
4088679
4094510
4098319
4107619
4109813
4114472
4115428
4115463
4116222
4116409
4129159
4132343
4137402
4140113
4144030
4147016
4160319
4162425
4166963
4168999
4170137
4175276
4176545
4178008
4180904
4181496
4181644
4183564
4188600
4200518
4201200
4211606
4212240
4215271
4218071
4236738
4241838
4242221
4243857
4246632
4246870
4257295
4266161
4269751
4275931
4277334
4297586
4301252
4304748
4305263
4314722
4320748
4328185
4331313
4335456
4344856
4355363
4366869
4367540
4392786
4401948
4402727
4404721
4421735
4422902
4427847
4429291
4432178
4436028
4439370
4441593
4444812
4444982
4450314
4450369
4452007
4455284
4461960
4466441
4483241
4484752
4500075
4502062
4503039
4513993
4514012
4515040
4515919
4524622
4525164
4530871
4531675
4534832
4548915
4549491
4550419
4553984
4556585
4557073
4559361
4561439
4564283
4565656
4568264
4573220
4577368
4585677
4586336
4591461
4597907
4604401
4607616
4613683
4614279
4618913
4622491
4622880
4631150
4640998
4641251
4643990
4663371
4664795
4665494
4667751
4668928
4672748
4674765
4675990
4680081
4683624
4684322
4688111
4693218
4693227
4700656
4701528
4712869
4717849
4721084
4723423
4723459
4725098
4725755
4727795
4731636
4733048
4737247
4744075
4745674
4753495
4753990
4754849
4757636
4759944
4766067
4769152
4773505
4797944
4797968
4802264
4807031
4807691
4812775
4816413
4816430
4819509
4819717
4826831
4848218
4871538
4872412
4872486
4873930
4877140
4879394
4880292
4887111
4892178
4893315
4893444
4893948
4896607
4898790
4899916
4902203
4903312
4905566
4907307
4908706
4909414
4913785
4915958
4919852
4924447
4931956
4933476
4938178
4939344
4942548
4943534
4944490
4948724
4950734
4952616
4958451
4964808
4970474
4974097
4976676
4979933
4983271
4988523
4992670
4993010
4995398
4997995
4999358
5007974
5023975
5025487
5029720
5030752
5030810
5031353
5032418
5035739
5036220
5038330
5041195
5041446
5041677
5042113
5044786
5047791
5056463
5060800
5063148
5065994
5066464
5067379
5068867
5073523
5082220
5085070
5087421
5093499
5093959
5094043
5096120
5102056
5102215
5105792
5113318
5113587
5123351
5134146
5137521
5140399
5144631
5146964
5148619
5153602
5154598
5158120
5160640
5163753
5166556
5169115
5170558
5172527
5177834
5178914
5179009
5189542
5189907
5198572
5201935
5211095
5213007
5222984
5227061
5232810
5240154
5246990
5252577
5254586
5261228
5262296
5264266
5268880
5274961
5276623
5291931
5307045
5307510
5310749
5311377
5311380
5311750
5312832
5314612
5315691
5316606
5319772
5321123
5321419
5322429
5323783
5326242
5329076
5334053
5336466
5342465
5344042
5372624
5372654
5380190
5387639
5388324
5389178
5398767
5400746
5407340
5411882
5417124
5418183
5420945
5425430
5429955
5435815
5440167
5445723
5447613
5448855
5451583
5451596
5452551
5462001
5471092
5476469
5476978
5478111
5482081
5490833
5492496
5494906
5503658
5515394
5515445
5517758
5529505
5531734
5534241
5534365
5536950
5537723
5538639
5541664
5542462
5543335
5545146
5545701
5547326
5548360
5552813
5562194
5562198
5574998
5575165
5577822
5579115
5582846
5582968
5584115
5589120
5589710
5590307
5596507
5596893
5600309
5602572
5616300
5616548
5622184
5626248
5632343
5633515
5635369
5639381
5650958
5653815
5659205
5665500
5667231
5671776
5673907
5676775
5677348
5683854
5685179
5695074
5696244
5696500
5699886
5711923
5718877
5722320
5735420
5739760
5739929
5745082
5767366
5771302
5772214
5776109
5780619
5780780
5791679
5796706
5797192
5812439
5818471
5823519
5824513
5824521
5830064
5832722
5836839
5837576
5842306
5844598
5845804
5847622
5853174
5856312
5856316
5856554
5861115
5861188
5861341
5862448
5862529
5870194
5870582
5874270
5874563
5880239
5883808
5885610
5893074
5897721
5899101
5917901
5918131
5939588
5940950
5943252
5947402
5964386
5967727
5973456
5977367
5982373
5983127
5983383
5989240
5994264
5998703
6000908
6001788
6013159
6020715
6021295
6023024
6023867
6024152
6029200
6030820
6033266
6036021
6038179
6041341
6045054
6055914
6057138
6062843
6065162
6069621
6070146
6079684
6082464
6089025
6090806
6092128
6096221
6100924
6105204
6108245
6111550
6112618
6115592
6116489
6123111
6134474
6146211
6148230
6151517
6157882
6158129
6160735
6163584
6164063
6165930
6168099
6190250
6191342
6193260
6193654
6195887
6205069
6212699
6218806
6219532
6222510
6231532
6233725
6241122
6247484
6249606
6252070
6256247
6263470
6263801
6264287
6265843
6274736
6274738
6278183
6284807
6286492
6290442
6294127
6294727
6305097
6305385
6308090
6309398
6318811
6319270
6319588
6322507
6323180
6327619
6330041
6337069
6343394
6349669
6353574
6354645
6360507
6363381
6374500
6379932
6380989
6381139
6385035
6392676
6400758
6402108
6403923
6411399
6413335
6416487
6419408
6428650
6443692
6448069
6458073
6458887
6471568
6474557
6482920
6483062
6483244
6489106
6489378
6508833
6510755
6518786
6519830
6526399
6531158
6536082
6536951
6544692
6547558
6551482
6555343
6556035
6557335
6557620
6563412
6565136
6567618
6567957
6568447
6569359
6570155
6578581
6578903
6579968
6581346
6584655
6589126
6592970
6593490
6595455
6598765
6598979
6600906
6602947
6603808
6606275
6614926
6618336
6619829
6627551
6629578
6631338
6644797
6648452
6657559
6658963
6665620
6667307
6669369
6672241
6673077
6675935
6677873
6680419
6682657
6685059
6685178
6689205
6695172
6696982
6698647
6699872
6702907
6705305
6707316
6709660
6716024
6725304
6737193
6742548
6744804
6745610
6747550
6749022
6755136
6758469
6776420
6777177
6782822
6784510
6785257
6785894
6791257
6793793
6796689
6797565
6800367
6803115
6808806
6814999
6820859
6821448
6821688
6823629
6823640
6828570
6831807
6832453
6839767
6843753
6845226
6851114
6851116
6852651
6855890
6869549
6871108
6875950
6877759
6887746
6893148
6899999
6902533
6909072
6909163
6910072
6914656
6920991
6923994
6924530
6926281
6926909
6936583
6942303
6942972
6943327
6947720
6951350
6952431
6953785
6953876
6954120
6957870
6964407
6964697
6967481
6969490
6969571
6979871
6986524
6995118
7004323
7025076
7030139
7033463
7033972
7034662
7046681
7051984
7052339
7052510
7055498
7057268
7066807
7067225
7069644
7072578
7072980
7073938
7074055
7081417
7083735
7087727
7087730
7093235
7095671
7106320
7111603
7111988
7114781
7115390
7116063
7120736
7120765
7122195
7123682
7124839
7126235
7126395
7131522
7148610
7149169
7149553
7150769
7155251
7161089
7162387
7166191
7167493
7171169
7174657
7179915
7180261
7182320
7183021
7183912
7186636
7186840
7190322
7192150
7193693
7194249
7203198
7211352
7212760
7213873
7215416
7218489
7219674
7219889
7223867
7228852
7232425
7238734
7239572
7241102
7241222
7242667
7247034
7256749
7262538
7267570
7268139
7269372
7277535
7288427
7290420
7292600
7292796
7294988
7295381
7296995
7302181
7308480
7312335
7324620
7326888
7333781
7338548
7340863
7342330
7343895
7348525
7353579
7356995
7357298
7358882
7361580
7364166
7367875
7372988
7377319
7378101
7378751
7380168
7381633
7385387
7408161
7408463
7413491
7413626
7414011
7415842
7418710
7432694
7437970
7443089
7443955
7444360
7445085
7445456
7447406
7451108
7457453
7457782
7458227
7458747
7459710
7463152
7466914
7471581
7471808
7472050
7485770
7487132
7488125
7488905
7489002
7490231
7495050
7505545
7506060
7511406
7515499
7516559
7518936
7521104
7525933
7526906
7530954
7537948
7548763
7551229
7553916
7556229
7557332
7558824
7559829
7562966
7568334
7570128
7570883
7573339
7574951
7580424
7580808
7585650
7590186
7590507
7591800
7592284
7598211
7600819
7603735
7609504
7610078
7612943
7618694
7620504
7622665
7627741
7633196
7639321
7644842
7650614
7657851
7660580
7666910
7677276
7679525
7680342
7681552
7686159
7690573
7691917
7694707
7698212
7699832
7700950
7704768
7711396
7715248
7717674
7719327
7724921
7728070
7728626
7729037
7730841
7737165
7741237
7741964
7743254
7744534
7748959
7749588
7750629
7752926
7753219
7753580
7755224
7756708
7757101
7759751
7768726
7778585
7779809
7783553
7784597
7784957
7796463
7797454
7800026
7800775
7805698
7812942
7828300
7829308
7850633
7850801
7861009
7864327
7865722
7871272
7872002
7874419
7875805
7878291
7879319
7879555
7881561
7885600
7890694
7901908
7902214
7909705
7918562
7924018
7924485
7924884
7930633
7950211
7951075
7951948
7953909
7962461
7963787
7967445
7972188
7973671
7975892
7977931
7978942
7983432
7987311
7988685
7991608
7992195
7993267
7999383
8002566
8005548
8005754
8008210
8017662
8021151
8021570
8025173
8030190
8030865
8031475
8031858
8033741
8034411
8053771
8065665
8076425
8080467
8093329
8098352
8109115
8110689
8121747
8122113
8129492
8132344
8132463
8133204
8137669
8142498
8142858
8142870
8147633
8147641
8151811
8152251
8153647
8160409
8161465
8161662
8162999
8167958
8168077
8175858
8178831
8185420
8185857
8186429
8186786
8193888
8194958
8198524
8198654
8203176
8204562
8206385
8206864
8210986
8213542
8213579
8215481
8222037
8236964
8239599
8240275
8240621
8243112
8245668
8247083
8248282
8250864
8254322
8255940
8256821
8257825
8260518
8260593
8272619
8276570
8276644
8284712
8285323
8306014
8307171
8308023
8310944
8312658
8318019
8318930
8319310
8322067
8335271
8346648
8353206
8355471
8361510
8364619
8373212
8374034
8377197
8378335
8383482
8390358
8392914
8393652
8395520
8399961
8407319
8411336
8412451
8412859
8413534
8414456
8415447
8418331
8418532
8419925
8434336
8443154
8447565
8449802
8450895
8451029
8451261
8455338
8455651
8456909
8457342
8463734
8464534
8473547
8477312
8479542
8481838
8483692
8485794
8486815
8493086
8493515
8500998
8507638
8510473
8510550
8515107
8516461
8517484
8520595
8522010
8522357
8536282
8538482
8546933
8551702
8553924
8554895
8569303
8570019
8573951
8578965
8581089
8584280
8593006
8601564
8618708
8618834
8618842
8637670
8639040
8639585
8643749
8644041
8649121
8651866
8652049
8652406
8653605
8654180
8658476
8662570
8667540
8669822
8671848
8675059
8676601
8683616
8684262
8684589
8685117
8685921
8690120
8692150
8698974
8704454
8707586
8709510
8710173
8710357
8714370
8715821
8716891
8727525
8734307
8737327
8737518
8749317
8751743
8752140
8760048
8766426
8769136
8772844
8776600
8778366
8778548
8779188
8780875
8781820
8785235
8787538
8792105
8795488
8799962
8800571
8804373
8837272
8841074
8843949
8849524
8851583
8859136
8864080
8873572
8883489
8884750
8887974
8889998
8891143
8897762
8898386
8902435
8909434
8909712
8914512
8915032
8917223
8920494
8922190
8925318
8926338
8930218
8933493
8935763
8939043
8940086
8942220
8947366
8948242
8948811
8961899
8966074
8993966
8996993
9000940
9015903
9018543
9019393
9020385
9025864
9028501
9033088
9036256
9053938
9066955
9069487
9073502
9076611
9077444
9082091
9093316
9101999
9102131
9105360
9107431
9112447
9126195
9126762
9128735
9131376
9138555
9144097
9145894
9151706
9154280
9154800
9157910
9159518
9163705
9166317
9171806
9175683
9184201
9195655
9202748
9204733
9204988
9207709
9207762
9217202
9217813
9219864
9220592
9220800
9230031
9230709
9233687
9245417
9247590
9252042
9257316
9259985
9260581
9264286
9265615
9270619
9278150
9278710
9279217
9287819
9291222
9292954
9297071
9297394
9297433
9299453
9318935
9331021
9334497
9340131
9345888
9346237
9347065
9355773
9358370
9359698
9362637
9366321
9368970
9369776
9374708
9375354
9378105
9380927
9387156
9391444
9394796
9406659
9406735
9407486
9408513
9409088
9410431
9410499
9415890
9420786
9423513
9432730
9452008
9454639
9459048
9467617
9469413
9470506
9479939
9482150
9483107
9483638
9490649
9497423
9498287
9499983
9500334
9500521
9508595
9509778
9515805
9519153
9524369
9528365
9532036
9532074
9533842
9540066
9548418
9553697
9555661
9560751
9563137
9574499
9575737
9576181
9576373
9578073
9578759
9587404
9587566
9592311
9593142
9600345
9603557
9604938
9607291
9607543
9609881
9622198
9635305
9643929
9645253
9653586
9653809
9655325
9658814
9668806
9669341
9670959
9672183
9672950
9676850
9677451
9681332
9686639
9688772
9689081
9690288
9697049
9698132
9700151
9702207
9702438
9704885
9709873
9714104
9722422
9731123
9734286
9741529
9741941
9746073
9753225
9755030
9757467
9766187
9767853
9771229
9779457
9791764
9796574
9815318
9816824
9825807
9840338
9846393
9847745
9851374
9853545
9854379
9857660
9867121
9884558
9885284
9887602
9901097
9901725
9903041
9907997
9920161
9921086
9924132
9929369
9929738
9931044
9943412
9956437
9956525
9958212
9963318
9973929
9974198
9978785
9984731
9987519
9987620
9991114
9992884
9995076
