4097
9263
19594
20896
32743
33687
36965
42294
42990
47340
52037
52825
53488
73886
75287
76908
78125
82772
87267
90765
98452
99888
100107
100378
102770
105155
105861
106210
109186
124899
139541
140010
142497
146054
151077
219823
221665
221721
229791
232660
243715
247895
248355
248842
258182
261223
264741
268241
269678
269764
293937
310046
311711
326409
329928
343452
343477
346298
355502
360995
361894
368756
379230
380676
380894
391284
396739
409823
413463
420127
422348
424357
439171
447061
449893
457696
475150
475324
475695
476682
477347
484306
487287
523004
525871
530067
542461
548885
553363
557421
559308
565324
567335
568609
582313
587588
591754
592528
593548
595290
599780
623648
624715
625857
626420
627619
634336
634510
635020
638167
643329
646214
683277
714592
714951
729233
734196
747109
747726
755244
759370
773097
773667
775026
782258
785122
791989
795844
805539
814338
815865
825608
825672
831438
838841
845866
857116
860892
885145
885151
892377
897616
904778
905419
917564
918536
927947
936387
944303
948991
958804
963193
965354
965504
989386
991093
993570
999413
1001925
1002775
1003870
1019442
1021093
1024916
1036489
1040267
1040305
1041832
1042938
1046016
1050911
1053264
1067231
1076710
1078608
1083566
1084744
1087222
1090135
1097552
1104776
1104997
1105641
1106124
1108302
1116430
1124598
1125156
1131503
1132890
1136544
1139485
1140360
1143861
1162903
1183912
1185341
1188258
1196003
1200539
1213137
1216326
1221320
1231280
1243580
1247133
1249194
1249852
1252741
1256375
1256789
1261086
1261434
1261686
1264135
1266654
1281260
1299104
1301116
1317613
1326240
1327524
1349232
1357550
1358635
1363693
1392098
1397398
1429955
1430094
1433028
1473603
1480267
1483223
1503757
1509578
1511891
1519610
1533401
1536261
1538623
1546311
1548406
1552949
1556282
1557622
1562927
1573362
1588213
1588729
1596324
1597949
1607056
1616007
1616707
1616922
1619980
1621354
1636610
1638594
1655335
1675186
1676450
1677011
1679346
1682293
1684471
1686250
1687803
1695670
1695932
1705985
1707767
1712857
1719140
1719675
1720600
1721888
1727042
1727133
1729109
1754967
1760844
1761096
1771738
1773298
1777283
1777783
1796517
1799891
1804070
1820269
1823691
1837379
1852819
1858151
1859102
1859397
1868020
1869769
1878512
1878585
1882814
1883466
1885285
1886551
1891381
1898452
1900751
1901873
1904647
1909529
1913558
1920221
1921330
1922394
1933618
1960190
1979898
1984571
1985798
1991214
1991511
1996700
1997085
2008451
2014937
2015368
2022550
2027943
2032996
2038173
2051518
2053318
2057192
2062642
2068277
2070019
2078402
2089645
2091408
2095290
2096045
2103833
2120627
2122178
2127033
2131022
2139227
2140951
2147808
2149036
2151339
2157570
2166444
2169256
2178048
2185962
2186667
2188318
2191277
2191507
2195389
2200470
2201330
2211883
2221430
2222322
2229328
2230841
2237748
2238247
2245818
2245956
2247688
2248694
2249982
2257845
2264977
2266183
2268247
2270834
2287787
2291468
2296760
2297137
2299238
2314816
2325495
2327137
2336087
2346895
2360093
2361719
2363753
2373290
2373701
2380315
2380478
2398790
2413034
2421577
2422683
2425314
2431206
2431711
2439744
2441419
2445383
2460302
2462657
2476352
2477511
2480805
2482349
2483156
2483539
2496473
2498396
2512220
2529422
2537662
2540909
2549171
2556308
2564852
2566618
2571337
2574610
2585381
2599961
2605653
2606288
2607096
2615285
2649207
2657370
2659322
2666895
2669353
2674475
2677392
2684995
2689715
2692746
2699025
2708152
2714915
2719175
2721563
2723137
2729862
2731305
2740077
2747588
2749973
2761954
2765803
2766780
2768544
2769670
2789293
2799301
2801407
2803952
2806114
2809510
2816640
2821416
2826332
2850208
2856551
2861791
2868468
2869629
2878849
2879669
2883282
2885549
2890151
2890825
2890919
2891783
2897482
2902111
2903311
2908722
2937901
2939241
2947186
2947560
2949778
2958552
2965150
2965920
2966887
2975154
2990546
2991705
2997906
3019623
3022349
3026432
3043223
3068696
3069357
3070285
3083856
3084100
3099020
3100635
3104919
3114570
3115864
3120050
3120850
3121140
3121204
3124430
3135729
3137318
3139713
3140496
3158519
3174453
3182048
3196581
3207233
3216057
3217801
3222894
3227758
3234855
3236681
3237953
3247128
3251969
3257999
3260077
3261703
3265043
3270423
3272704
3274710
3276458
3284562
3298846
3300434
3307652
3308089
3308135
3315417
3317133
3323721
3324958
3326103
3339018
3346700
3349555
3349746
3355346
3373432
3377592
3378370
3383731
3385660
3404273
3404814
3405685
3409385
3411473
3412635
3414277
3416827
3418002
3419736
3436284
3439217
3449032
3456225
3457862
3460726
3461924
3462065
3463658
3478690
3483267
3484148
3487281
3496904
3499201
3504940
3514772
3537179
3537994
3538402
3542395
3548693
3553569
3558814
3570074
3570991
3582951
3586160
3597755
3608707
3613146
3620813
3645004
3653207
3654715
3675776
3690511
3704609
3706707
3707415
3710652
3716050
3740582
3741947
3751463
3757869
3758354
3766206
3773014
3774908
3775498
3782624
3782976
3784014
3793995
3800458
3805623
3820028
3823552
3823747
3828484
3840999
3845791
3848681
3850041
3851962
3852974
3855048
3856764
3857144
3876713
3888944
3919442
3931155
3932236
3939074
3939273
3943650
3954023
3955139
3956259
3964603
3970114
3979401
3979799
3982966
3985205
3988430
3994329
3995093
3996415
4013503
4017821
4021340
4025685
4025852
4037988
4047613
4053223
4062565
4063022
4072243
4074680
4077557
4079129
4083833
4092236
4100999
4102062
4103247
4104270
4105722
4109832
4113141
4117284
4118533
4126583
4127280
4136877
4162941
4163121
4165811
4176822
4179322
4185555
4186471
4202130
4202304
4205809
4210459
4221471
4222041
4226337
4236192
4238570
4244681
4245853
4248159
4251113
4253769
4268139
4273473
4279950
4281079
4283977
4284385
4284508
4286585
4288781
4294335
4302246
4312817
4316165
4319165
4326408
4329035
4330309
4331157
4339513
4340604
4344655
4349618
4355576
4355611
4361383
4363709
4364633
4369438
4391656
4392524
4392822
4402614
4403508
4414330
4438296
4443255
4446346
4456983
4457324
4460541
4466106
4469900
4477259
4480089
4482644
4486675
4486784
4488108
4498602
4511864
4515332
4519618
4520330
4528734
4538606
4544900
4550985
4551405
4555172
4558407
4567880
4568843
4584813
4600932
4606001
4610568
4621891
4629975
4631332
4633189
4639060
4640491
4651759
4662985
4669846
4677163
4700578
4705953
4753095
4753302
4758232
4768253
4773073
4775793
4777856
4781855
4789327
4799522
4800985
4808477
4817072
4835023
4845208
4845399
4845554
4845683
4870831
4880797
4882253
4882925
4885823
4886737
4893190
4897991
4898996
4899098
4912530
4921342
4923211
4926846
4928397
4933288
4935866
4938478
4939484
4944627
4953028
4957607
4967353
4972359
4987791
4992670
4998971
4999355
5010377
5011780
5014321
5035387
5042397
5043823
5044936
5047393
5049320
5054071
5061385
5071649
5075873
5087434
5090674
5097509
5097702
5104863
5114392
5116948
5118516
5121346
5123055
5132490
5134579
5137795
5139630
5149386
5175043
5190723
5197915
5199185
5217046
5221449
5234030
5253779
5255573
5257164
5260828
5261295
5274791
5276961
5277861
5288976
5296078
5296546
5301139
5302613
5305119
5316286
5320311
5323060
5335192
5365136
5387778
5390648
5398067
5401135
5405981
5415353
5417655
5425173
5435032
5462277
5479404
5485853
5515311
5515682
5525190
5525976
5527127
5547056
5549590
5551378
5553475
5559539
5563865
5579000
5581941
5590690
5591146
5609158
5609209
5611864
5615734
5619806
5622372
5623795
5629616
5632498
5636751
5636812
5646110
5663431
5669150
5671466
5676398
5679967
5681891
5686484
5688360
5690346
5706623
5721939
5729723
5733678
5754101
5755984
5756133
5756190
5756312
5767915
5775720
5783529
5789047
5789401
5793331
5802844
5808578
5828918
5828921
5830744
5843610
5848618
5849123
5863787
5884100
5884249
5891059
5893159
5896406
5906433
5906480
5908315
5908843
5909042
5919316
5921235
5933590
5938535
5939148
5943000
5945750
5948089
5959053
5959560
5968067
5971056
5975659
5976966
5986096
5992066
5997719
6005011
6008143
6014526
6023046
6024813
6033217
6038728
6041684
6050296
6055254
6057932
6061065
6067734
6083876
6092196
6106353
6118834
6126419
6143168
6148203
6153524
6154817
6160096
6167761
6176155
6176368
6181972
6191275
6195357
6201983
6215383
6220532
6224394
6232305
6234601
6245298
6246478
6249363
6257962
6260612
6263302
6269267
6271187
6281231
6282123
6284038
6286857
6289989
6297887
6299833
6300826
6303089
6307609
6308262
6309061
6311896
6315949
6317445
6322577
6323563
6324871
6330186
6336096
6339786
6346853
6363830
6364192
6375277
6400113
6400920
6409244
6418815
6424008
6428586
6430171
6437362
6443535
6446750
6463775
6469879
6485693
6486408
6501883
6503910
6516060
6516432
6520152
6533118
6535230
6538098
6542109
6544931
6553038
6558343
6562444
6566717
6570443
6580183
6589041
6590963
6616509
6618560
6618590
6621203
6622711
6630600
6632267
6640604
6649856
6651476
6653507
6672220
6672237
6674905
6679986
6689009
6702100
6722714
6727733
6737441
6751345
6757491
6763331
6786425
6790560
6813087
6814115
6829274
6832485
6839582
6867448
6867590
6867957
6869408
6874038
6890732
6890937
6908895
6909530
6916619
6923270
6925069
6925238
6929901
6934837
6942850
6946125
6965410
6973269
6984267
6988644
6990000
6996852
7011354
7014332
7014463
7024150
7031907
7047108
7051430
7065348
7066349
7074601
7077637
7080772
7082844
7083558
7089896
7090602
7092952
7125688
7128147
7130944
7135537
7136551
7145438
7168438
7174037
7178489
7179408
7181026
7181124
7181840
7183690
7184604
7188783
7213307
7213865
7214848
7215283
7236707
7258267
7266181
7267397
7278291
7279723
7285643
7299603
7304835
7309815
7310828
7312776
7312798
7343761
7355274
7358177
7360230
7365572
7368438
7373308
7374189
7383045
7383731
7384501
7387139
7393007
7394392
7399003
7404270
7425163
7475267
7479174
7479928
7480783
7484007
7488606
7503337
7505601
7510128
7524891
7527864
7529317
7531718
7559336
7564202
7565211
7572188
7578450
7596790
7598355
7602555
7603432
7606449
7623045
7625904
7628947
7629723
7631102
7638069
7645414
7660017
7662440
7674827
7677182
7692558
7695283
7699032
7703126
7703897
7714475
7717218
7719455
7720120
7721722
7722490
7734268
7736436
7740697
7747878
7755394
7756598
7759023
7764164
7764992
7778617
7779017
7781421
7789478
7790135
7799769
7808144
7810402
7815684
7817070
7824092
7829375
7830631
7831858
7838729
7840593
7842391
7843375
7845822
7856480
7862835
7876290
7876725
7877094
7882205
7889155
7917027
7922869
7924726
7938346
7942441
7942618
7950947
7963101
7968744
7974395
7974532
7977791
7982201
7996402
7999941
8002411
8007679
8009070
8011996
8016703
8019134
8025620
8028396
8028545
8031083
8050805
8051206
8051538
8059730
8063658
8070973
8074857
8090415
8104866
8112220
8116236
8118700
8152059
8152444
8152993
8169777
8175956
8181222
8183539
8183588
8201283
8202390
8205950
8209102
8223280
8224132
8228293
8229310
8231839
8247093
8248761
8249828
8255262
8256787
8261878
8262608
8262986
8266232
8267044
8267424
8267826
8274132
8284145
8307887
8309857
8314547
8323204
8337230
8341476
8342470
8346144
8347309
8350612
8369253
8372393
8379891
8382535
8408462
8414067
8421749
8424631
8430162
8434581
8434873
8441074
8441690
8453320
8453699
8457427
8470643
8473857
8474148
8484754
8489520
8493925
8494627
8497949
8498419
8507695
8524584
8525178
8526594
8536252
8538740
8539217
8542923
8543255
8549455
8549654
8551191
8551759
8563417
8569933
8573385
8581100
8583870
8591011
8592030
8593443
8610336
8612016
8625184
8629715
8629877
8634910
8637428
8637460
8646453
8652240
8657094
8668336
8669355
8672900
8673312
8680944
8695183
8695372
8696112
8708101
8713918
8721940
8729666
8730556
8734788
8738254
8745642
8747705
8758622
8760531
8761613
8774178
8787133
8792783
8813822
8814574
8819644
8831246
8832521
8836565
8838432
8840910
8848082
8848813
8849744
8856989
8859658
8876281
8882670
8888496
8897797
8899427
8909245
8911358
8918421
8918717
8935551
8942130
8944997
8954725
8955840
8963745
8964829
8968956
8984636
8992312
8997225
9004388
9009646
9015806
9017546
9036284
9037981
9044284
9067192
9070467
9083351
9088862
9095282
9096846
9102560
9107747
9113198
9115727
9119917
9123463
9128282
9131415
9133968
9142247
9145387
9147667
9150239
9154638
9156255
9157245
9171965
9188839
9191357
9194852
9225135
9230293
9234815
9236982
9239670
9242945
9244052
9246247
9248219
9249161
9250677
9253411
9253985
9270026
9272346
9273432
9273711
9282702
9285410
9289248
9290155
9301704
9310789
9315137
9315919
9316826
9317522
9318982
9329127
9339919
9340686
9342490
9343131
9356488
9368405
9381869
9382651
9391652
9395317
9398015
9401481
9403746
9407072
9408882
9408916
9413254
9418177
9419206
9425402
9427126
9427908
9433021
9434433
9441773
9442528
9447786
9449556
9459084
9466911
9479566
9484286
9490284
9491343
9493578
9494050
9494837
9507244
9516600
9527873
9540799
9544817
9546284
9562774
9566810
9574701
9577171
9581113
9587315
9591637
9599693
9602219
9622071
9635422
9635802
9641123
9646642
9650451
9667218
9681799
9686202
9693889
9694386
9706823
9712833
9716427
9723784
9729516
9732607
9735422
9741510
9745142
9745261
9746316
9751569
9754003
9757089
9758644
9771219
9776023
9776830
9777359
9780597
9790485
9791276
9798646
9804692
9805650
9812330
9813653
9816050
9818689
9823743
9840481
9844215
9854772
9866072
9875455
9879432
9881172
9884062
9888043
9889460
9892442
9894933
9902061
9904788
9910101
9911495
9913873
9921753
9941120
9956119
9959203
9960072
9972197
9979688
9987000
9989870
9992111
