1079
11961
12833
13926
15815
18382
25141
25336
25863
26811
33926
37156
38534
38771
47591
51821
75138
75270
83656
92399
103440
105398
109268
112763
116632
116746
121255
121456
123704
125683
133642
149903
151791
159326
167752
169672
175603
177813
178127
180661
181517
185446
193230
199962
200116
202157
215563
222784
223422
224043
227780
239481
242797
258201
259517
263076
266739
270916
277990
279013
280768
283907
287857
288697
291002
293152
294639
298080
304773
310419
314474
320367
324950
326415
326415
326433
333586
342762
345685
353587
356863
362169
363028
363863
368855
371300
373095
385944
388439
389621
397813
400507
404517
408997
414676
414905
420407
429890
437606
439298
451593
452044
452922
453636
454224
456069
463491
466260
467513
467852
472831
473105
478575
480644
486975
489515
493487
501204
504345
505911
509082
512941
516950
523251
529823
543151
549408
553250
554549
557372
566078
571906
576282
577193
580581
581266
581924
581930
584788
591805
592544
596794
599603
600255
609934
613128
614343
620581
623686
625932
630004
633997
634554
642098
645736
659444
659673
659972
662137
663123
668502
674141
676379
681366
686913
690277
691082
691732
698239
699124
707268
709177
710829
714137
722342
726330
736505
736813
739543
740375
744242
747761
751172
755179
755210
768171
768283
768473
770908
772092
773005
775576
775810
784667
787134
788199
792171
800391
802419
809240
813788
816183
820764
835857
842063
850360
851958
853761
861293
868015
871533
879056
879891
882478
882975
883790
885332
889117
897524
900208
901370
902243
907488
908038
909776
910119
910522
920052
922255
925676
925686
930912
933804
937449
938431
939224
943838
944097
945490
957467
959481
985277
985430
988449
989251
992190
995993
996040
998141
1003007
1007690
1007836
1018643
1023835
1024069
1031910
1033688
1035828
1041211
1041416
1045484
1048993
1049244
1049248
1050610
1056345
1059130
1076041
1077564
1083561
1084384
1086121
1090085
1096800
1098187
1099274
1103333
1106132
1107622
1112989
1113195
1115968
1118448
1119499
1130090
1139371
1150207
1159420
1165469
1166472
1178598
1184325
1187032
1191143
1192760
1193502
1196182
1200728
1201127
1205811
1219294
1224535
1231525
1231535
1248164
1256154
1256344
1258118
1260158
1267191
1267193
1268433
1269626
1271256
1279679
1285472
1289737
1294827
1295861
1300627
1300852
1304565
1307561
1309512
1314978
1328442
1335539
1337018
1345995
1349676
1352472
1355762
1356580
1365903
1372910
1384861
1388422
1392533
1394155
1400932
1407021
1410786
1412151
1414964
1424069
1435787
1443381
1447827
1450716
1452795
1459088
1462200
1465306
1466251
1468461
1469791
1475260
1484811
1490660
1494565
1518785
1521152
1524078
1529699
1548348
1551791
1556311
1561782
1574518
1580461
1580763
1583670
1586315
1588760
1594572
1597710
1598007
1602276
1605952
1608388
1611308
1614306
1616271
1616323
1616572
1618348
1623183
1624047
1625834
1631730
1632386
1635756
1650242
1654444
1660657
1663111
1672481
1674644
1676413
1678412
1685779
1688576
1695973
1699781
1700258
1704072
1707266
1712985
1716450
1716518
1717475
1717494
1729988
1735935
1736502
1739502
1742571
1744113
1745560
1747149
1751267
1754997
1762608
1769433
1775923
1787852
1791494
1792956
1794865
1796845
1799262
1806561
1811664
1816428
1828853
1830345
1835174
1835390
1835880
1837645
1839064
1841439
1842382
1848272
1852023
1854403
1859421
1864363
1866533
1869668
1871505
1872019
1872405
1876106
1877272
1878108
1887486
1888408
1891298
1905202
1905797
1907193
1913274
1929346
1936984
1937638
1938826
1939831
1940910
1947170
1950280
1957314
1957478
1964746
1977946
1978976
1980753
1981287
1982315
1983514
1987845
1990763
1997489
2002945
2011562
2016434
2022947
2036729
2037539
2038305
2039541
2041070
2041488
2046334
2048531
2051541
2054032
2054715
2058370
2059197
2062429
2066722
2072472
2077138
2096840
2099671
2102105
2102651
2104695
2106206
2111551
2125266
2129409
2153359
2154258
2157128
2157461
2157898
2161350
2165061
2165309
2181457
2181598
2182461
2189857
2195456
2202087
2213338
2214041
2214817
2216951
2221068
2224543
2234069
2234610
2235637
2237295
2239139
2239953
2240556
2243273
2246152
2251471
2265180
2268489
2269268
2272653
2279713
2283242
2295353
2300556
2301768
2315312
2322688
2330017
2339164
2343711
2344778
2349150
2349641
2353254
2354980
2355336
2359313
2364860
2368685
2369730
2369762
2371737
2380852
2381881
2382793
2390675
2400723
2409113
2415201
2421085
2428606
2433906
2441073
2446763
2451330
2458836
2460521
2461988
2465932
2466216
2468483
2479427
2480482
2482710
2491331
2491780
2501713
2502613
2503553
2507985
2511664
2514379
2522967
2525670
2530238
2531208
2533421
2533972
2535640
2537683
2538930
2539433
2540058
2548275
2551031
2555830
2562649
2563291
2565903
2568401
2571390
2574559
2577040
2580996
2591657
2596862
2612203
2624048
2640611
2641537
2646694
2648404
2651923
2656636
2659359
2663894
2664921
2666950
2670365
2679826
2697058
2697157
2707747
2716035
2716595
2717799
2725100
2730803
2744474
2745116
2746203
2749631
2752652
2760089
2762290
2773179
2773577
2775042
2777567
2780652
2780733
2784414
2785103
2786128
2801912
2802110
2812018
2814032
2814133
2814146
2818776
2823775
2825136
2826514
2831920
2835443
2837377
2850190
2851641
2852305
2855837
2858015
2873913
2881034
2886744
2887381
2894518
2904070
2904598
2905643
2910107
2911457
2911589
2911602
2913150
2914043
2914192
2919380
2920541
2924009
2928421
2932650
2934193
2940657
2941951
2944652
2946765
2949197
2955581
2960091
2967628
2968320
2970333
2970701
2980537
2982073
2983382
2988887
2992111
2992654
2995321
2999897
3007167
3013788
3017487
3022751
3022781
3028841
3029008
3031060
3036701
3045329
3047804
3049517
3056114
3059871
3061648
3063466
3063532
3067204
3068208
3076918
3078143
3078857
3079570
3079738
3080051
3085147
3090432
3096244
3097298
3097557
3098176
3100307
3109890
3112864
3113277
3115536
3119444
3135957
3144529
3146886
3154445
3160906
3166303
3166374
3172398
3174273
3180398
3181831
3183477
3185503
3185694
3186604
3189942
3194147
3194371
3195828
3196712
3196887
3197034
3200521
3201684
3214384
3214400
3219620
3220613
3221917
3222418
3224906
3228648
3232767
3232811
3237866
3238661
3239845
3251577
3251790
3252420
3253314
3261624
3268707
3273173
3274928
3282037
3284196
3288561
3293209
3304163
3305252
3307746
3308932
3318531
3321496
3323004
3328240
3328733
3330138
3330979
3331447
3336646
3336998
3338807
3345813
3350744
3351718
3355735
3361845
3363147
3375706
3377183
3379528
3380084
3388072
3390242
3394932
3401633
3402651
3405615
3407028
3410563
3412416
3424954
3433337
3438213
3438946
3439780
3446270
3451000
3453773
3467585
3472890
3473643
3479683
3487680
3487742
3487963
3496710
3501423
3504375
3508539
3509714
3511113
3519452
3528696
3530334
3533915
3540613
3546604
3553108
3558466
3560476
3564049
3566406
3567176
3569345
3571065
3571317
3572875
3577992
3580722
3583072
3586407
3591937
3592021
3609399
3609784
3610600
3614645
3619995
3622023
3623205
3624440
3625251
3631931
3641163
3642721
3644100
3646147
3648341
3652310
3658708
3676555
3681392
3683991
3685183
3685993
3686009
3686582
3691786
3696705
3701152
3701493
3705002
3705054
3707523
3709234
3709641
3712674
3712969
3718326
3727779
3728209
3735875
3751235
3752746
3760074
3765140
3765781
3769439
3769556
3775289
3777345
3782557
3786810
3792207
3796884
3796986
3800665
3800773
3807587
3809286
3810318
3815327
3823529
3824484
3825674
3826378
3827656
3828112
3829858
3834280
3840152
3840963
3842621
3842890
3856084
3857830
3860510
3867408
3872151
3875556
3880777
3885858
3885903
3886496
3892232
3895278
3896530
3899834
3902378
3902553
3907548
3908156
3914632
3915234
3918200
3926441
3934027
3934372
3944027
3948993
3949167
3955552
3963133
3963245
3963506
3967510
3977966
3982478
3984935
3991753
3998003
4001913
4013812
4014206
4014780
4015309
4017310
4019704
4020915
4022925
4028403
4028560
4029322
4031310
4034919
4038194
4041198
4045123
4046683
4066185
4070651
4076392
4084385
4084568
4088917
4090053
4092158
4097205
4101739
4102080
4105954
4107725
4112404
4117013
4122378
4126109
4131229
4132985
4133299
4133564
4135696
4141000
4141287
4152615
4155756
4162756
4165402
4166881
4167231
4170762
4171473
4171727
4173592
4173833
4189889
4196855
4213091
4220411
4225391
4227059
4228486
4235481
4236098
4240722
4250069
4253252
4259729
4259948
4267084
4279719
4283526
4288240
4292482
4297760
4298346
4307531
4318196
4318314
4318841
4331454
4332823
4335436
4337057
4346525
4349719
4350440
4361694
4364276
4368513
4371323
4371407
4374392
4376759
4381400
4381798
4383097
4387119
4388208
4392605
4398807
4402555
4403382
4406217
4416900
4417423
4418315
4422363
4424299
4425400
4430091
4437197
4437264
4444880
4447502
4460472
4460618
4460967
4468705
4474935
4476873
4479290
4480251
4483667
4486759
4487786
4493214
4493605
4494842
4494985
4500401
4502395
4504535
4511854
4513387
4515080
4536528
4539118
4548220
4550205
4551134
4553909
4559495
4561398
4564403
4564697
4566009
4568892
4570206
4570512
4574529
4579652
4579947
4580389
4584791
4587965
4594264
4595850
4598305
4602963
4603508
4612219
4627574
4629751
4633692
4636461
4636980
4640125
4640829
4641579
4648013
4648749
4649275
4653666
4657024
4666806
4671450
4675470
4677788
4696142
4699861
4703206
4704069
4706424
4707495
4722736
4725638
4727285
4728664
4732187
4735180
4735662
4738082
4738340
4739016
4742584
4742926
4744679
4746474
4747282
4754350
4766630
4771814
4772980
4773024
4780628
4781291
4781776
4784390
4789585
4792240
4796243
4796805
4798227
4799020
4802352
4802691
4812815
4813486
4818713
4819130
4822830
4826699
4827115
4840639
4840919
4843968
4851483
4851887
4854336
4856714
4860033
4867616
4868517
4880287
4880937
4884343
4887467
4895512
4896036
4898434
4904604
4907381
4908828
4920587
4921666
4924264
4924745
4933964
4937780
4937998
4943292
4944709
4946586
4953607
4957826
4960885
4960908
4960992
4962092
4963920
4964040
4964771
4981997
4983423
5003153
5003357
5005159
5009330
5011379
5011430
5013307
5024130
5036668
5045242
5045261
5052041
5052435
5060870
5062702
5066595
5066777
5079918
5081888
5082743
5092775
5096604
5098825
5101744
5103819
5108109
5109029
5110379
5113767
5113847
5113872
5115782
5120002
5121252
5121677
5129476
5133482
5149282
5150502
5150830
5152075
5159856
5161055
5161080
5161835
5162207
5163010
5163366
5166330
5168411
5173092
5183308
5184453
5189562
5189828
5191570
5192735
5193408
5194484
5200013
5202680
5210518
5211136
5212891
5218681
5218796
5222273
5222392
5223430
5223583
5224193
5225476
5228001
5239520
5240218
5241745
5243804
5244632
5249748
5250413
5255719
5275066
5276709
5278301
5280555
5294217
5298455
5299277
5308166
5310944
5315814
5325534
5330405
5331958
5338300
5338838
5343764
5357809
5358827
5360453
5365853
5366170
5371831
5380081
5389428
5389843
5393202
5395592
5397839
5402861
5406037
5412669
5423643
5424097
5435855
5440340
5444842
5448280
5451195
5455426
5458507
5458706
5463234
5477872
5478975
5479128
5482511
5484742
5487328
5487529
5489016
5493206
5493561
5495619
5495756
5498246
5500580
5514832
5522747
5529271
5532821
5547192
5552245
5555578
5557553
5572582
5576080
5580706
5584263
5595743
5596844
5598252
5598772
5601616
5602487
5605808
5608617
5612340
5613591
5615712
5617004
5618214
5618218
5619748
5623044
5624901
5626294
5629225
5632874
5637728
5644919
5646284
5646346
5652363
5658579
5661848
5666858
5667242
5683755
5688524
5688813
5690396
5700637
5701713
5703260
5705835
5709435
5713270
5714341
5715081
5715612
5726711
5731023
5734891
5736700
5743142
5745006
5746038
5749872
5752595
5752655
5757017
5761321
5765142
5765582
5768272
5769308
5772897
5773219
5773726
5775735
5782814
5783327
5790936
5796196
5796499
5814638
5815853
5817572
5822043
5823856
5827537
5833347
5833687
5835327
5835473
5858559
5866875
5871938
5873118
5877414
5881934
5884611
5886687
5887169
5894843
5908283
5909211
5910312
5912246
5915305
5927657
5932755
5938759
5944085
5950579
5950972
5954664
5964873
5964920
5967032
5967577
5974924
5982546
5989004
5989552
5993343
5994314
5996535
5997518
5997869
6002104
6021222
6024022
6028395
6030003
6039093
6049627
6054069
6057659
6065243
6068725
6072210
6078890
6098273
6102069
6104144
6104197
6109647
6110291
6111135
6130411
6130471
6138612
6140113
6140714
6145545
6148700
6149800
6152923
6153372
6154839
6172607
6182175
6182900
6184573
6186142
6200735
6210625
6212143
6216605
6217056
6218037
6221613
6222330
6223712
6224041
6225367
6228781
6229730
6236439
6244452
6246159
6249893
6250410
6250737
6259155
6275096
6280342
6281798
6284828
6293245
6294030
6294711
6294968
6298189
6299999
6304218
6307124
6307541
6310384
6312018
6317834
6321982
6322425
6326508
6327603
6330787
6344642
6346122
6364544
6370538
6372598
6373044
6375644
6382784
6387755
6390253
6393639
6394473
6394927
6401189
6401753
6401871
6413993
6424682
6436177
6441166
6441561
6441907
6443533
6444244
6444647
6447376
6448073
6448078
6451394
6452125
6456914
6467504
6467944
6475592
6475617
6478159
6479279
6494409
6504882
6505340
6508155
6510938
6511322
6518484
6519343
6527557
6536825
6536896
6541794
6548113
6554124
6554571
6558420
6559140
6562074
6562138
6562774
6570506
6574683
6581807
6585302
6590436
6594368
6598242
6601073
6608294
6615445
6622584
6623805
6626639
6627143
6629031
6632378
6632624
6634530
6641992
6642307
6642382
6644399
6646472
6648917
6657899
6658268
6661753
6663569
6666322
6667907
6676052
6678874
6680479
6685589
6687061
6688429
6692029
6696183
6700693
6717943
6720885
6724335
6736892
6740036
6759512
6761345
6762808
6765949
6768427
6777795
6777816
6778481
6778827
6784754
6795045
6795313
6800514
6802312
6807856
6815970
6822059
6822705
6825422
6828756
6832003
6834462
6836653
6853223
6854462
6854863
6855330
6865540
6869487
6875053
6875934
6876161
6878205
6884174
6889317
6889961
6891537
6892108
6893000
6898537
6903125
6903875
6917679
6930148
6933442
6953681
6956573
6958262
6958295
6960407
6960631
6963396
6988903
6995777
6997009
7001637
7007758
7012665
7014519
7017326
7019194
7020621
7030241
7030327
7031178
7034856
7042471
7052631
7064231
7064767
7077968
7082972
7083472
7087314
7087837
7089063
7091502
7095272
7096173
7104551
7112320
7113716
7123478
7124027
7124746
7141537
7144767
7145342
7148816
7157588
7157914
7158456
7159922
7163249
7172478
7179213
7179987
7181688
7186088
7186240
7190580
7194296
7197060
7199247
7199594
7199600
7204642
7206520
7207647
7210585
7217928
7220273
7222397
7223915
7224439
7227935
7229550
7237404
7246947
7247155
7252869
7254390
7259211
7261025
7261277
7262994
7263822
7271602
7273130
7276736
7278378
7278450
7282225
7287093
7290866
7293732
7294094
7301048
7301864
7306344
7310861
7311353
7317682
7318847
7321686
7322661
7323474
7325517
7328881
7335623
7336579
7337293
7338696
7339936
7341398
7348879
7353543
7362641
7367002
7374369
7376019
7376782
7378187
7378921
7378925
7379278
7379292
7380022
7381772
7382975
7383696
7398909
7403208
7406708
7410530
7412818
7413220
7419380
7423937
7427208
7428187
7431473
7433557
7445154
7451590
7455041
7464923
7475260
7481624
7487618
7489724
7490090
7510571
7517469
7518759
7524762
7532721
7533885
7534985
7541496
7544122
7551599
7553759
7556767
7558137
7558333
7560713
7562859
7570622
7570644
7587966
7591936
7592627
7594654
7599664
7601543
7604022
7611301
7630299
7634010
7641810
7649933
7665641
7671630
7675135
7677244
7681130
7683152
7686100
7688330
7691705
7696055
7700201
7708138
7714289
7714641
7721786
7722075
7722939
7727162
7728373
7728474
7730459
7731724
7731790
7732247
7733079
7739874
7743756
7747888
7755711
7757298
7759807
7762640
7767421
7789994
7814735
7814910
7819546
7822423
7824637
7825766
7830340
7830850
7834184
7836147
7837035
7842569
7846003
7852613
7856615
7861558
7864231
7866173
7871468
7875216
7876053
7878586
7879445
7887993
7891339
7894641
7897143
7899817
7900004
7901816
7902284
7909068
7915105
7915754
7918190
7919048
7919506
7926318
7927658
7937093
7938790
7943319
7959343
7965723
7969664
7971812
7977019
7977127
7980072
7983576
7985696
7988827
7991509
7999892
8002201
8006015
8007229
8008425
8009589
8009958
8020285
8023915
8037063
8040123
8056390
8059216
8063332
8064732
8067810
8070780
8078344
8080089
8083528
8090192
8090637
8093311
8094797
8099802
8102035
8108040
8109997
8115395
8123317
8126014
8127164
8127629
8129171
8130774
8131100
8132667
8137638
8145161
8155942
8166247
8179652
8181663
8195267
8195350
8209981
8212576
8215062
8216893
8234166
8242219
8247130
8249597
8249769
8254701
8255790
8256557
8266027
8287886
8298132
8300499
8301107
8301398
8322182
8324622
8326569
8329055
8334707
8336956
8336968
8340690
8341322
8341583
8350871
8353216
8356743
8362407
8363485
8363761
8364879
8369807
8369822
8379515
8380637
8382788
8383183
8386355
8392316
8393189
8398497
8402496
8403637
8406577
8409088
8413609
8413758
8417345
8419254
8420311
8431268
8436260
8438742
8439292
8440785
8444379
8451920
8452336
8459796
8464229
8468487
8468494
8469336
8474344
8476161
8476958
8488588
8514091
8515054
8515274
8528136
8536939
8544297
8549852
8554616
8560856
8562751
8566014
8567008
8578015
8578731
8578789
8580772
8580785
8587445
8588462
8597939
8598420
8603919
8607073
8613954
8616899
8624309
8626485
8632825
8634611
8638008
8649154
8658136
8659660
8662957
8664674
8679497
8679809
8683681
8690443
8693308
8704347
8710241
8714824
8715285
8722307
8725827
8733527
8739322
8744151
8746150
8755761
8756814
8763733
8775833
8780783
8785559
8789477
8808066
8813799
8819173
8820355
8821480
8821805
8826095
8826154
8826899
8828089
8828299
8837101
8837270
8838975
8842411
8845918
8855996
8858042
8864687
8866119
8866342
8868609
8871292
8871580
8877441
8886775
8890541
8891251
8891913
8894240
8894571
8897247
8898458
8898590
8907759
8909709
8919747
8919875
8919962
8920838
8926970
8932074
8932929
8937673
8942615
8943234
8945591
8948484
8958464
8961626
8962002
8962466
8969131
8969660
8973653
8985611
8987244
8994413
8998340
9000159
9002962
9006978
9007598
9013959
9013976
9017960
9019789
9020743
9020747
9025696
9026494
9031406
9044521
9047820
9051310
9054345
9056802
9062183
9065668
9067632
9069616
9074209
9076402
9084564
9085543
9086948
9087667
9087868
9089856
9090128
9093341
9094052
9098477
9104179
9108799
9109199
9110687
9111550
9113087
9113825
9116929
9118837
9121327
9121841
9124720
9128731
9134120
9142849
9146016
9146427
9146581
9146673
9149379
9155176
9155716
9161420
9164996
9172279
9173294
9180337
9191034
9192543
9199172
9208257
9213267
9216033
9217487
9225143
9227261
9227402
9237852
9243086
9247862
9250187
9250522
9250810
9257702
9260636
9264628
9265816
9273572
9275570
9276293
9279457
9286538
9296819
9300900
9303747
9309309
9309996
9317886
9319649
9329998
9334638
9334827
9334933
9347829
9349620
9350189
9350265
9353290
9354942
9357892
9360176
9360548
9360613
9362540
9369215
9370395
9371324
9383440
9384405
9386349
9387693
9388942
9401381
9405312
9406268
9406389
9411138
9414189
9416114
9423057
9427273
9428304
9432376
9438425
9441237
9441302
9444361
9450247
9467613
9468368
9469618
9476663
9479352
9482827
9490931
9491359
9495692
9500319
9517313
9519048
9522725
9523466
9528697
9533497
9541480
9553659
9557581
9563136
9568424
9570684
9571019
9571858
9580162
9583276
9585028
9593663
9593788
9594647
9594904
9600666
9605193
9606838
9607879
9612116
9622188
9624717
9625830
9633512
9637282
9637692
9640026
9644482
9653240
9658730
9665519
9669022
9669167
9669912
9676159
9689827
9694303
9704471
9704786
9704879
9709506
9712833
9713436
9714686
9716760
9716999
9718355
9719684
9724568
9724632
9725988
9732407
9737522
9746780
9747977
9756295
9762275
9765781
9766260
9771907
9772748
9773179
9773814
9777141
9778453
9779284
9781468
9795048
9801377
9801871
9812111
9817873
9818904
9831813
9834599
9834965
9837944
9839350
9842110
9846792
9851456
9857638
9860828
9865582
9868640
9870967
9871144
9893077
9893119
9893609
9895899
9896834
9898764
9900336
9902499
9908338
9911951
9912268
9919586
9921247
9922111
9937312
9946489
9948859
9951075
9952256
9954058
9961283
9965325
9966236
9969696
9974491
9976042
9976447
9982335
9986198
9986373
9987611
9998024
