18214
18747
21697
27248
28746
36977
38993
39865
44567
62890
66819
69970
70773
71428
74634
77416
78899
83999
87501
88140
89199
113970
115493
125564
133236
142155
159613
162410
167757
190741
193854
197982
198419
213301
222647
231822
232104
232606
239549
241691
265089
266468
275508
282195
283601
287972
298063
299425
302396
303354
309267
310495
312866
313077
335759
336273
337146
346017
356890
362346
362448
385856
388730
393760
398335
401019
403880
412930
413311
421350
429538
434309
437968
442277
445571
450432
455348
479096
491597
493799
497610
509789
517781
528926
530784
530944
532343
533440
539956
549374
551807
558859
566402
570203
572142
579831
589366
594543
609120
619596
625452
630264
652131
658128
663447
665505
669167
674288
678880
686205
687533
691513
696341
700014
716717
718485
719021
723413
729572
732031
739113
743291
750529
754335
754924
759214
762589
774009
774145
783519
787304
792957
793015
795012
802640
807230
807800
807862
817379
818344
823628
832759
836165
839913
843891
850345
850405
851899
853115
855303
859611
863247
863571
864122
871593
872214
874604
877842
896147
897799
901877
905266
910385
928287
933307
941237
945109
951807
966351
971235
974536
975304
975751
979136
993673
994066
1006110
1006664
1008247
1012409
1013118
1016661
1016842
1019652
1029865
1034972
1035170
1037337
1066294
1066652
1069176
1071688
1076274
1078065
1110373
1119295
1132557
1133783
1146850
1147122
1148431
1150137
1151482
1151497
1159072
1161681
1163027
1173640
1181735
1193148
1204181
1216244
1224991
1228212
1235544
1240642
1241151
1249589
1252258
1253280
1253661
1256420
1257893
1258745
1267589
1268585
1276962
1286527
1286841
1298443
1299616
1304208
1304443
1314104
1324656
1327472
1328785
1329460
1342142
1344735
1348457
1351528
1356924
1360111
1366706
1373249
1397925
1421605
1429358
1436308
1452890
1456936
1460431
1471196
1478545
1483094
1484209
1488333
1492793
1494854
1512897
1526428
1532258
1533592
1545402
1545823
1546593
1550405
1572701
1576463
1581824
1586147
1605174
1609117
1609368
1611201
1629781
1629989
1631715
1641710
1642021
1643085
1646523
1647298
1658836
1666686
1692229
1693071
1694473
1704569
1718266
1727751
1735439
1744134
1758920
1764026
1768183
1779250
1785927
1793264
1801354
1807661
1808660
1828822
1838780
1845784
1856867
1858683
1877835
1890234
1893786
1899005
1899063
1900280
1903049
1906544
1909606
1909961
1912615
1913282
1914301
1917808
1920540
1941259
1951115
1955072
1960812
1965835
1969436
1978744
1983839
1990579
1996673
1999636
2001082
2001201
2005679
2006482
2013433
2017711
2020874
2033920
2045939
2064751
2066199
2069980
2074979
2075787
2077643
2086996
2096292
2115883
2121733
2124201
2126381
2135041
2137282
2153336
2158805
2160381
2160700
2161543
2162434
2170975
2176371
2176789
2180247
2183112
2183887
2192670
2193084
2203562
2205781
2205903
2206251
2208271
2210417
2212030
2224285
2232318
2250790
2257722
2259497
2266162
2268779
2269607
2275318
2277071
2277381
2284507
2285923
2289952
2290120
2310412
2324997
2355529
2355770
2363264
2388140
2389180
2396428
2401837
2413775
2415966
2416322
2419183
2432868
2436316
2441566
2445042
2453501
2466828
2467618
2474344
2478684
2484469
2489456
2506692
2506760
2511947
2521067
2535737
2542209
2543527
2551224
2556850
2568135
2570735
2572064
2591765
2596656
2598112
2609697
2611930
2617160
2618233
2620642
2625014
2626290
2631131
2637657
2640051
2645875
2656730
2657728
2664834
2668396
2682291
2683995
2684159
2685018
2694508
2703932
2704757
2710618
2731430
2734948
2762217
2768350
2772949
2776110
2776807
2799180
2801243
2811997
2814818
2821198
2823873
2828011
2833627
2835672
2836845
2837656
2848346
2852151
2853644
2864827
2873417
2877803
2882532
2887248
2893870
2906059
2910306
2919940
2920734
2925164
2927352
2932130
2939381
2941113
2949634
2956795
2959133
2960989
2965407
2966346
2970291
2970410
2974253
2975007
2982153
3005075
3015203
3028247
3044662
3049348
3060561
3060818
3066184
3073514
3075661
3096256
3097729
3104081
3104483
3120489
3121327
3121983
3128032
3128589
3131026
3139199
3140243
3141253
3145891
3160417
3165190
3166460
3183363
3190526
3196911
3200718
3201630
3203315
3210954
3216410
3233911
3244492
3250032
3250200
3265169
3266716
3271941
3272435
3273697
3277462
3283731
3284625
3298234
3299254
3299389
3302568
3307960
3314447
3321027
3322097
3332348
3350564
3356734
3363608
3364014
3366986
3373458
3386028
3408232
3411514
3428555
3431966
3434421
3441141
3448055
3451753
3454674
3457529
3470056
3474225
3476009
3483477
3487191
3492585
3495962
3497026
3502633
3504874
3504905
3507360
3508401
3508434
3509366
3518418
3521432
3525332
3530999
3534483
3539495
3542299
3550100
3558115
3563432
3568551
3577409
3579700
3584212
3586251
3611851
3623232
3627505
3628501
3660342
3680092
3686602
3688441
3697626
3699639
3701043
3703221
3704700
3711441
3712615
3714965
3715101
3740371
3757494
3767190
3769625
3785817
3788033
3789277
3803521
3806543
3808617
3811763
3822496
3826548
3827369
3832215
3856809
3867687
3887682
3893574
3898173
3900600
3905852
3908047
3909383
3926848
3927377
3937229
3942473
3948602
3966653
3974276
3991135
4005185
4006394
4012040
4020306
4026716
4027984
4048759
4048776
4053492
4057628
4062894
4066449
4069228
4074643
4075154
4084628
4094787
4117520
4132899
4136158
4140046
4146380
4165875
4171805
4173477
4174162
4176690
4188510
4190641
4190895
4196997
4198331
4208352
4210642
4215049
4222655
4232713
4237534
4238160
4244758
4247166
4254636
4259079
4259394
4282807
4292277
4297494
4297993
4311263
4312837
4314453
4315313
4319872
4327483
4351111
4362091
4378238
4380795
4384038
4386188
4389592
4390308
4399827
4400862
4401664
4401985
4406895
4411848
4436534
4437534
4449394
4466316
4499011
4508982
4511411
4514702
4519821
4521971
4523176
4527508
4543155
4558395
4562875
4571956
4581196
4581943
4587071
4587129
4592502
4594341
4620530
4622696
4633507
4635663
4646624
4647134
4651661
4659926
4662725
4671696
4672530
4677111
4690430
4692390
4699764
4707734
4712305
4712764
4726477
4731703
4732114
4741892
4743412
4746978
4749534
4750142
4757743
4769943
4770494
4787223
4798432
4802560
4810528
4814334
4819588
4821402
4822585
4825511
4829289
4831952
4834432
4837448
4843861
4851675
4855754
4862258
4863230
4872650
4882726
4884505
4892195
4894430
4902980
4916937
4918600
4919265
4924821
4937399
4939543
4943659
4946749
4955123
4960458
4960642
4960965
4965156
4971646
4971747
4978323
4985157
4986707
4990497
4990827
4992098
5014604
5016249
5018176
5029578
5034055
5042701
5043649
5055101
5056055
5058900
5070098
5078356
5078655
5091219
5093944
5096047
5099961
5100949
5110504
5111951
5120507
5126060
5129510
5131865
5141979
5142507
5153737
5154893
5169092
5172156
5178762
5196401
5203517
5212365
5214893
5217465
5218438
5227764
5241292
5248892
5250874
5253718
5259749
5264397
5285538
5295289
5303700
5311373
5313286
5315967
5316832
5317481
5325350
5325679
5329872
5333004
5338541
5357452
5359979
5361051
5369281
5379141
5383082
5389073
5391692
5393124
5396470
5398031
5415869
5424761
5428282
5429331
5430682
5437487
5443593
5444385
5445817
5452718
5454782
5459604
5459805
5471190
5480013
5480798
5491140
5491640
5493750
5501310
5515761
5517376
5532618
5532691
5537197
5538444
5539839
5543680
5543690
5547155
5549601
5550411
5552337
5552349
5553927
5554778
5564920
5569282
5571089
5584850
5588697
5588869
5597277
5597636
5600012
5600823
5602579
5604637
5604893
5606036
5606415
5611693
5617947
5625677
5629979
5636265
5637630
5660333
5661497
5663044
5663474
5668857
5672884
5677643
5681588
5686140
5686988
5687626
5696840
5714578
5721553
5733431
5734933
5755353
5763850
5766542
5768905
5769339
5771107
5771719
5781769
5797704
5799471
5801347
5822159
5823206
5829689
5840727
5845600
5849779
5850465
5851008
5853981
5855646
5867702
5884988
5890685
5892063
5896470
5900431
5924314
5942015
5952679
5955220
5955867
5957171
5972124
5973675
5975702
5982828
5995311
6001184
6001991
6019931
6022570
6023416
6027421
6035827
6049008
6053022
6055038
6060312
6061361
6061910
6063688
6065639
6077993
6081191
6082153
6091501
6115498
6120017
6128233
6138534
6145312
6153939
6155071
6166118
6168425
6178853
6179709
6179795
6184436
6186829
6189765
6205906
6214238
6220456
6225190
6240125
6243942
6250438
6276713
6279884
6280543
6287225
6296920
6300411
6304214
6305954
6314461
6316286
6323776
6327378
6329698
6330594
6332437
6338101
6342267
6343174
6356078
6356790
6359827
6360391
6369129
6373160
6375724
6385870
6400673
6401280
6408965
6412427
6415925
6420203
6432902
6444460
6445096
6449360
6457495
6459688
6461852
6467787
6470378
6472718
6472987
6473723
6475487
6485427
6488273
6489816
6493448
6495692
6496221
6497343
6498401
6501471
6513206
6526332
6527125
6533489
6535646
6547296
6551357
6560941
6561733
6564329
6574375
6580668
6589909
6596968
6598639
6599273
6602915
6610029
6610840
6611763
6617022
6623260
6624773
6625105
6628879
6640777
6644978
6649793
6653882
6670818
6688557
6702369
6702934
6703801
6711683
6716234
6717019
6722900
6731232
6733323
6737284
6747446
6752522
6759649
6793406
6797274
6804792
6825203
6826939
6839131
6839580
6841049
6847661
6862881
6864294
6883847
6895122
6901239
6901467
6907384
6910310
6914296
6919959
6921755
6922013
6934494
6934888
6936222
6950769
6954372
6958578
6964349
6968757
6972697
6973146
6976778
6979723
6981776
6983090
6986947
6993060
6996230
7002266
7014942
7027885
7032800
7057666
7062603
7066804
7072155
7076434
7080291
7081505
7086011
7090279
7091814
7099749
7109161
7118011
7118764
7120412
7121463
7125224
7127351
7141702
7143105
7143310
7154896
7158521
7173699
7173791
7175484
7178691
7185905
7193202
7204099
7208246
7210906
7210998
7218537
7223286
7245593
7248697
7288517
7302017
7304620
7310415
7317142
7323503
7336142
7348929
7353372
7367897
7382823
7382841
7390326
7409597
7409853
7412358
7418503
7429499
7439130
7448876
7453756
7457144
7467419
7470918
7472757
7481149
7482974
7486839
7494532
7501933
7527011
7528341
7533190
7539354
7539812
7540269
7546396
7558076
7563484
7566513
7567125
7569419
7577532
7587467
7596435
7600760
7602866
7622300
7624001
7634657
7639010
7644032
7645715
7649357
7650164
7651433
7655558
7660842
7663927
7669006
7670370
7671340
7674420
7679663
7687697
7688591
7699885
7701397
7702535
7710298
7712483
7720731
7723827
7730829
7745354
7748570
7750979
7752848
7754879
7762960
7763839
7770630
7772641
7778305
7800412
7806159
7811869
7815472
7817587
7820824
7831180
7835542
7845078
7858992
7859863
7861668
7868348
7881825
7882846
7892718
7893740
7902785
7904346
7907248
7907610
7912701
7917914
7922003
7923229
7926134
7934755
7947381
7950599
7954863
7955701
7956015
7964331
7969931
7972834
7976558
7988964
7992830
7996092
7999180
8008315
8021789
8030570
8040830
8049923
8053730
8061400
8068886
8070873
8073171
8074852
8080359
8094538
8102056
8103218
8104585
8111960
8136298
8148158
8155786
8164926
8185799
8197708
8199922
8201311
8201614
8201803
8203312
8203985
8206089
8210984
8212324
8222374
8230210
8232938
8244894
8251121
8251703
8253977
8259841
8262197
8270467
8273162
8278341
8290434
8310284
8316975
8321333
8324718
8325158
8330018
8331599
8336140
8341427
8348619
8354568
8360855
8363357
8385665
8396231
8414764
8421187
8423343
8430755
8457985
8462812
8463212
8468677
8470383
8484726
8490032
8507711
8514761
8520989
8527193
8528470
8529338
8531047
8531229
8558769
8566609
8569205
8569900
8581771
8587796
8588883
8591712
8599120
8600668
8602176
8609988
8629497
8669350
8672517
8674072
8676664
8688182
8696906
8697447
8719576
8724215
8731394
8732631
8732802
8735091
8737588
8740868
8743299
8743797
8756917
8767759
8771104
8775808
8777023
8777245
8780341
8781891
8789715
8794606
8801204
8804503
8812860
8815962
8818506
8823365
8834356
8835881
8848212
8849071
8867805
8892979
8893151
8901071
8904369
8904504
8912223
8917990
8921721
8929484
8943796
8952568
8958827
8961286
8962132
8962839
8975000
8980214
8989048
8991849
8992263
8993880
8995415
8999794
9004207
9010717
9010797
9011282
9011679
9017311
9022876
9029408
9034785
9047777
9052738
9055610
9055670
9058060
9070031
9101071
9102650
9106039
9115157
9115254
9118353
9118971
9124136
9132224
9137304
9137341
9142389
9155343
9164822
9169234
9180383
9182255
9186192
9195986
9197224
9209708
9212859
9215864
9227581
9230959
9235647
9236276
9242859
9248929
9249338
9251853
9258183
9261397
9262743
9267110
9271412
9280454
9302887
9314749
9318313
9323593
9343269
9347480
9349917
9355843
9371602
9388443
9396724
9398744
9405851
9410952
9414778
9418875
9419409
9421204
9421471
9422178
9427926
9429838
9434325
9434408
9434730
9457579
9463038
9468053
9473304
9475022
9476005
9483521
9486067
9486628
9505261
9514642
9520334
9521942
9533922
9538413
9538431
9539960
9541689
9546638
9565483
9569966
9570100
9579322
9581390
9582005
9593077
9595579
9604495
9621961
9626092
9627767
9637520
9640745
9652940
9686045
9689361
9695117
9697983
9700976
9708945
9718001
9728403
9731750
9735780
9739127
9740317
9746875
9748972
9752637
9754615
9755610
9759813
9766401
9772455
9780952
9790561
9794356
9798753
9802569
9808311
9821402
9824215
9827045
9828227
9833822
9841109
9841888
9842997
9848078
9848862
9850124
9851531
9854922
9856259
9874147
9874897
9875461
9888934
9891899
9892495
9894280
9895115
9898759
9904066
9947357
9950899
9950927
9960383
9962895
9970068
9972516
9974644
9976343
9985788
9989605
9997571
9997842
