5012
6093
12716
13446
16226
18325
24089
24893
29886
31030
34007
42139
47236
52222
54652
56322
64371
74351
75421
76959
77577
82740
86412
89975
91464
92939
93068
93757
95672
96159
98214
99324
105001
105638
106096
106597
106852
109295
109456
111853
120428
123774
124896
125095
125645
142708
144861
144989
145315
150625
158051
164988
165634
165980
168082
169774
170160
170457
177141
179458
182643
190329
193553
194981
197257
201784
203008
205122
206630
206779
208834
210975
214954
220320
233399
235055
238713
241311
242127
243306
243516
246400
247607
248931
253219
258255
265296
276639
283126
284319
286012
298454
299814
300506
310240
324715
325644
339110
341948
342527
347633
352143
352836
357062
373973
377566
381385
398701
399565
400135
402259
403289
408441
414835
415170
416059
416341
417922
419463
420605
424178
427819
432367
435056
435079
435201
435337
439525
442070
442573
444417
450578
457238
462519
463012
468357
486901
489498
496405
496930
501887
502345
503971
517932
518246
518282
522875
532863
535276
537099
539968
541245
544882
557818
562411
564926
569216
570902
570914
576626
579126
581981
586489
587161
588084
594866
596982
601116
602125
605117
606224
608431
609782
615019
619168
620930
628486
631685
638569
638904
641287
646863
650105
658283
658840
659762
660956
661856
668293
674720
676314
677055
679706
680388
681339
681892
686466
687968
695412
704752
707480
711109
720229
721582
725337
729002
731768
735528
743697
744151
747151
747656
753212
769104
772263
774383
778618
783201
787699
789659
792279
796473
798006
800778
802976
808173
808786
817620
832354
837248
842994
848993
850933
850984
856777
857454
880667
881873
892374
897367
908629
917936
919109
920261
924758
938224
943370
948678
948815
957371
960665
961751
964766
966066
968913
971918
972089
978543
983299
996754
998742
1001723
1008422
1009918
1010483
1017493
1018517
1028179
1031941
1034466
1054413
1055896
1075738
1082469
1090174
1093414
1093957
1094904
1109294
1110690
1111052
1114054
1121950
1122622
1132777
1135879
1137123
1142224
1143400
1144436
1147986
1148102
1151137
1151329
1157198
1160987
1162154
1175888
1179030
1180221
1186020
1190091
1190662
1197747
1202439
1203133
1208333
1208365
1210629
1210992
1216264
1225364
1226450
1228486
1245145
1246197
1268065
1271871
1272554
1275685
1282741
1284384
1286760
1288645
1289981
1302279
1306199
1310124
1313463
1317226
1318073
1325760
1328507
1329507
1330058
1333948
1335100
1336427
1339148
1340282
1340771
1340914
1341502
1341647
1343592
1346807
1346937
1348029
1351345
1360503
1360893
1361281
1369300
1369542
1371842
1377719
1382892
1385892
1390137
1392859
1394022
1396590
1398487
1401042
1408448
1410217
1413779
1416462
1417264
1417648
1418561
1418640
1424181
1426246
1432349
1435723
1441827
1446356
1446990
1451124
1451989
1453039
1454615
1455468
1475415
1479486
1483343
1489609
1492701
1493033
1493836
1496328
1497149
1497619
1502431
1506157
1507565
1509928
1521948
1525067
1525545
1527852
1537578
1540260
1541811
1543311
1554264
1556751
1559275
1566086
1566277
1571943
1576456
1579667
1579707
1584654
1585291
1589357
1591930
1592507
1595297
1602991
1613646
1616100
1623204
1628713
1632191
1633266
1635946
1636199
1642343
1644877
1647573
1648314
1652509
1657454
1664700
1670509
1671455
1674187
1674687
1676370
1682804
1687313
1696875
1699267
1700430
1704976
1705812
1710108
1712135
1720169
1723912
1725507
1729046
1734794
1738812
1744593
1745957
1747553
1748204
1763427
1768930
1772539
1774770
1775884
1776237
1777366
1779177
1783584
1785138
1786851
1789171
1789761
1793560
1797070
1798796
1809350
1811765
1812966
1822177
1824553
1826239
1835926
1836542
1838971
1843120
1847127
1852550
1864580
1867492
1869930
1878443
1880201
1891288
1891354
1891749
1894391
1904541
1905470
1910560
1915223
1919128
1921586
1922421
1924017
1926614
1927061
1930378
1932275
1938154
1939598
1939955
1948963
1950655
1954100
1956056
1956409
1960299
1962634
1963904
1967003
1967154
1968846
1973197
1981334
1982920
1987042
1989482
1990047
1992335
1996723
1996936
1997537
1998423
2004038
2022439
2023070
2024152
2027434
2031705
2035623
2037172
2041109
2044438
2046448
2050413
2054975
2058181
2065519
2071691
2071953
2079968
2093857
2098986
2101290
2102401
2104004
2104157
2105706
2108482
2108566
2108770
2109283
2110542
2113467
2115264
2117377
2124219
2124511
2129182
2130864
2133050
2134592
2135698
2139000
2140931
2146450
2148866
2150940
2151761
2159089
2168874
2171520
2173403
2177058
2186125
2187855
2191306
2192270
2199302
2202646
2204632
2215982
2216070
2223452
2224707
2225665
2227842
2228208
2230024
2232922
2239579
2242582
2242908
2245145
2257216
2261703
2267539
2270101
2281735
2291151
2291939
2298205
2298892
2302717
2307815
2313133
2315066
2318453
2320547
2321366
2324291
2325366
2326846
2328836
2333141
2333808
2340058
2341375
2351113
2357476
2361839
2370749
2374355
2382888
2383176
2383923
2385454
2386333
2386512
2390668
2392305
2393798
2394611
2395371
2402809
2408798
2409735
2418776
2426865
2427034
2428865
2433267
2446629
2449426
2451224
2452445
2454531
2463344
2464513
2486621
2496400
2497295
2497476
2500125
2500817
2503429
2504385
2505741
2514261
2518917
2520943
2521303
2525153
2525214
2527108
2527281
2530426
2551135
2557387
2559702
2561786
2564647
2566056
2571035
2571124
2571429
2571521
2573521
2581447
2583001
2584085
2589071
2595093
2595828
2631788
2641600
2641646
2643887
2648078
2668259
2676093
2676994
2679063
2686278
2687422
2689053
2691654
2695861
2701612
2709202
2712359
2715009
2716171
2722334
2731092
2731513
2732780
2735020
2737077
2743196
2745602
2762368
2763923
2770445
2773256
2773360
2774415
2774666
2776290
2781056
2783052
2787407
2789679
2790550
2794278
2795053
2796773
2799614
2801746
2802600
2808358
2819333
2826718
2831281
2831819
2835931
2839319
2843166
2846952
2848466
2849920
2853041
2860647
2871873
2872851
2874314
2874447
2880596
2881053
2883823
2884609
2888365
2890913
2893494
2905261
2906756
2908793
2911957
2914751
2918819
2921541
2925708
2928579
2928757
2932777
2936191
2939465
2941929
2952188
2952959
2959646
2967027
2967693
2992258
2992588
2994081
2995091
2997069
3000683
3002498
3011704
3018169
3020917
3021090
3023900
3025859
3031239
3035797
3039163
3039736
3039736
3045241
3050315
3050601
3051426
3057266
3061635
3063666
3066444
3066694
3072380
3072558
3075642
3080387
3082739
3084071
3089080
3092866
3099765
3100401
3100404
3101738
3104021
3104544
3110074
3112828
3115439
3117470
3141228
3143044
3144921
3145154
3146587
3147058
3153725
3158677
3170912
3176243
3180404
3185333
3189480
3192716
3195283
3197820
3199571
3209167
3222693
3233065
3236392
3236600
3238406
3239989
3242274
3244608
3250299
3257486
3265142
3265292
3268712
3273231
3274100
3274793
3275081
3281507
3282663
3285464
3288423
3298405
3300665
3302969
3315079
3315376
3319528
3323747
3324955
3331399
3334676
3340789
3347532
3349226
3351390
3353534
3359103
3360747
3366886
3368658
3371143
3371326
3372968
3375313
3377501
3382242
3382421
3383717
3384136
3389109
3393726
3395734
3400795
3401320
3402765
3403176
3408063
3411646
3414667
3414722
3421038
3430592
3438868
3440276
3443390
3449575
3454436
3457899
3459978
3461288
3463509
3467417
3470528
3473348
3474368
3475843
3477460
3482969
3484225
3488626
3496159
3496877
3503118
3508815
3516319
3520177
3522028
3525272
3526327
3528426
3532720
3533667
3535456
3541831
3542517
3542859
3545742
3546766
3552179
3555162
3563329
3568622
3570215
3571424
3571945
3572878
3585775
3590336
3593855
3601917
3601933
3603897
3607690
3608595
3608748
3617682
3630038
3632556
3636056
3643232
3643655
3647728
3650712
3650999
3662596
3664865
3676142
3678654
3691917
3696110
3696282
3707441
3719720
3721115
3726134
3735042
3737328
3742879
3746002
3750382
3751164
3756746
3758267
3762616
3777959
3781819
3784733
3785399
3786545
3809434
3826481
3827997
3843488
3844349
3851822
3853822
3854153
3858076
3862728
3867069
3868240
3868520
3877881
3883638
3884126
3885978
3890509
3893678
3894095
3901122
3904138
3904479
3915840
3918301
3918747
3918793
3923332
3923883
3924393
3926234
3926662
3927710
3928580
3929756
3933652
3936623
3940676
3943764
3948948
3949330
3950975
3969579
3969669
3971201
3971862
3977644
3980700
3983406
3984113
3984683
3987831
3988526
3988570
3996377
3998475
4002162
4002646
4010017
4010930
4015044
4018739
4018969
4019004
4022526
4023386
4034965
4035218
4039987
4042570
4044435
4056360
4057380
4071939
4076387
4081379
4088499
4088561
4089927
4092400
4094421
4094429
4095248
4096702
4107866
4110364
4113309
4116597
4116734
4120668
4121891
4124310
4131348
4137824
4157628
4158991
4159781
4161487
4170873
4171652
4171777
4172895
4179247
4183678
4185938
4187447
4193002
4203667
4212903
4214218
4215243
4215483
4217285
4217382
4218063
4226149
4234797
4239370
4252258
4253487
4254333
4259724
4260135
4261488
4261978
4263077
4273664
4275045
4287177
4294117
4311040
4319148
4324223
4326799
4330279
4338596
4338856
4341551
4342305
4342601
4345272
4349044
4350438
4355455
4358734
4363656
4366500
4374873
4379361
4384053
4385660
4390732
4392665
4393224
4395472
4395769
4398107
4398722
4399051
4401942
4402047
4408959
4415579
4416597
4420962
4435950
4439065
4440344
4442318
4447427
4457690
4463658
4465771
4470708
4472083
4473589
4473751
4474123
4488512
4491155
4494537
4496404
4499563
4500054
4502924
4517281
4521886
4522317
4523709
4524851
4529302
4531681
4532310
4537808
4539663
4541997
4542514
4543520
4548969
4554338
4557393
4559155
4575155
4612772
4612965
4615705
4622821
4632902
4640401
4651235
4652009
4656877
4658371
4666132
4690839
4704475
4706715
4707016
4717105
4717948
4719671
4727822
4747012
4754118
4760645
4761070
4763503
4771804
4772236
4778752
4784317
4786362
4786628
4787016
4790771
4804247
4805939
4812632
4818656
4818883
4827026
4837008
4838087
4840606
4844094
4844897
4849633
4852323
4853334
4855784
4856411
4856807
4857506
4865409
4865921
4866444
4867802
4876342
4877337
4887422
4891246
4900720
4902790
4903919
4912927
4913737
4915264
4918682
4924272
4930713
4934560
4935523
4939789
4939819
4941316
4952170
4955046
4957615
4958123
4958265
4959216
4967940
4970448
4974362
4974621
4976115
4981800
4986205
4990003
4990302
4991549
4994839
5002327
5003686
5007515
5011290
5014105
5019025
5027623
5028498
5038295
5038542
5041302
5043120
5048741
5049048
5053909
5054192
5055171
5059403
5062084
5071538
5073923
5082578
5087053
5096249
5097469
5103175
5104754
5105077
5108495
5109979
5113468
5116254
5119529
5132230
5134270
5137057
5138205
5139083
5144600
5145147
5145976
5146147
5146683
5150521
5155376
5155464
5157982
5161858
5166655
5174369
5177418
5182851
5194926
5199406
5200059
5203185
5204762
5211887
5218724
5221525
5225568
5228447
5230755
5243807
5246729
5248950
5259015
5265387
5266048
5267126
5270712
5271213
5278287
5280226
5281087
5283293
5287862
5297786
5307098
5308400
5312576
5313081
5321311
5322168
5332591
5357429
5368339
5372723
5376971
5378866
5381853
5383321
5394059
5397704
5413908
5434586
5439154
5440050
5445318
5446668
5464875
5470157
5474779
5476744
5479980
5481678
5481689
5495182
5506600
5509685
5511359
5511880
5511925
5517885
5519063
5524969
5525984
5527876
5530906
5533538
5533625
5540087
5560436
5560909
5561527
5562514
5570877
5571823
5576333
5579048
5579246
5579483
5581972
5587997
5589687
5591547
5606875
5608119
5611281
5612697
5615826
5619050
5619266
5622461
5624576
5628912
5631093
5632319
5636402
5638360
5640903
5649820
5655357
5655841
5656319
5656479
5659262
5660135
5660402
5662098
5662416
5664190
5665396
5668069
5671076
5679598
5683307
5689063
5700018
5703656
5713555
5718006
5719900
5724720
5731833
5734838
5740071
5745904
5746388
5748039
5748991
5751868
5757178
5759037
5764722
5778527
5780164
5781278
5797202
5804336
5808200
5809652
5810611
5815372
5825037
5825964
5834968
5840449
5842064
5843705
5858821
5867405
5868821
5869800
5870895
5878175
5882395
5883881
5886823
5900554
5901259
5901750
5906102
5907403
5909085
5916037
5916415
5920271
5926657
5933081
5934150
5941679
5954279
5967999
5973236
5975089
5979161
5990489
5996979
5998426
6006335
6008158
6013469
6013946
6024963
6036331
6037021
6038405
6040446
6040962
6050381
6058423
6058451
6066647
6079593
6088661
6090169
6108223
6111262
6112290
6118861
6121701
6128935
6130569
6132221
6133161
6134748
6135819
6146484
6154498
6159234
6159636
6172382
6179188
6179276
6189988
6190258
6194970
6195700
6197452
6201882
6202267
6206301
6212258
6213437
6214698
6216878
6223641
6225476
6227252
6228244
6228387
6233698
6244773
6246228
6253407
6275858
6279230
6281173
6282375
6283395
6287829
6295140
6295446
6309130
6310536
6317529
6320559
6321211
6322340
6325339
6328730
6334826
6358548
6364138
6364782
6375757
6380705
6382266
6388532
6392883
6394387
6403064
6409223
6413214
6417607
6418316
6419822
6423382
6424962
6425032
6432692
6433128
6435376
6439755
6444800
6446026
6449021
6455765
6456765
6460592
6462438
6465198
6473630
6473786
6477040
6477085
6482866
6488059
6489842
6492864
6508039
6508403
6513792
6513944
6516874
6521392
6522925
6523970
6528660
6528664
6532919
6545315
6546049
6550425
6557882
6558270
6566831
6569111
6571982
6579281
6585280
6590658
6590822
6595220
6597264
6606344
6609591
6611417
6613168
6615558
6616916
6622311
6632675
6642898
6646068
6646080
6659285
6660192
6664305
6671050
6672371
6675204
6678020
6682870
6687291
6688850
6689670
6691508
6692961
6697373
6698928
6702566
6715597
6715826
6718404
6720809
6722067
6733161
6733837
6735542
6738986
6743805
6746480
6752663
6755827
6756957
6757862
6759118
6761187
6763203
6770457
6772756
6774491
6775176
6775375
6780534
6780857
6782176
6782665
6783577
6793854
6794985
6796128
6797272
6806643
6809163
6809747
6815505
6820352
6820653
6820780
6827995
6833308
6833575
6840166
6846591
6862688
6863100
6865245
6865793
6874825
6878346
6879061
6885819
6893032
6894573
6895386
6896570
6898797
6900171
6901977
6907131
6908203
6909674
6910862
6911940
6913944
6914075
6918465
6921302
6925771
6928381
6931868
6934755
6936411
6940365
6944908
6955334
6956635
6957071
6964130
6966600
6967089
6971152
6987579
6989095
6991649
6991877
6994169
6998821
6999432
7006969
7009557
7018498
7024265
7025860
7026033
7030121
7035950
7040954
7050605
7051193
7060840
7065688
7066058
7067267
7069061
7069902
7070803
7080460
7081049
7081403
7085955
7088319
7088900
7090780
7099009
7103916
7106724
7107262
7111247
7115187
7132625
7137638
7139202
7143261
7146857
7169053
7170677
7170945
7172558
7172716
7178479
7181862
7187041
7188596
7190243
7190569
7193338
7209993
7220647
7224675
7227886
7232056
7234356
7236509
7237405
7240827
7248159
7248370
7248953
7252322
7257439
7261431
7265571
7270668
7273258
7276031
7276669
7279920
7281295
7287073
7287110
7293132
7297101
7297627
7298966
7299843
7301660
7302577
7303472
7305039
7307858
7309906
7316237
7324709
7328649
7328940
7333180
7336775
7338729
7346451
7348222
7349018
7353997
7357844
7362721
7368648
7375418
7377729
7384192
7387335
7391277
7393888
7397720
7399243
7401387
7412379
7412819
7422235
7422350
7425528
7429627
7430248
7431439
7434274
7436601
7438180
7439826
7441687
7446600
7448701
7449792
7451369
7454851
7456246
7460875
7462714
7483430
7484066
7488185
7490512
7500263
7501641
7511325
7512774
7515784
7516375
7517800
7520911
7525696
7533516
7541652
7543967
7551844
7562936
7565162
7575049
7578291
7582763
7585402
7589607
7592071
7597738
7607363
7615783
7620962
7622688
7626066
7629178
7639943
7641749
7641978
7646083
7649838
7649882
7654338
7654592
7655372
7656778
7656822
7656846
7658138
7662566
7664256
7668956
7673767
7681593
7682964
7685074
7685145
7686957
7687690
7689749
7690635
7691264
7697586
7723086
7724588
7727329
7731525
7732521
7735109
7739173
7746278
7752081
7753525
7756907
7760514
7765697
7773544
7780282
7782325
7786632
7797222
7806428
7811047
7811610
7815163
7815365
7818534
7820256
7820765
7823433
7828472
7834761
7838866
7842146
7849676
7851749
7852153
7852415
7863291
7866885
7870081
7875218
7875713
7876313
7882987
7884026
7888298
7901891
7911701
7925054
7934303
7937634
7940785
7942345
7943460
7948054
7949153
7953000
7956524
7959332
7961837
7961911
7964454
7965206
7968225
7970657
7981942
7985704
7989703
8001765
8006686
8007827
8018135
8018271
8026831
8027050
8031662
8032651
8033084
8039932
8040320
8041122
8042553
8043096
8047650
8055090
8060661
8061488
8063449
8067009
8067521
8069171
8072582
8075493
8076651
8080608
8082044
8083807
8086365
8088445
8090169
8102163
8106656
8112657
8116269
8117621
8123371
8124854
8139191
8139905
8139905
8143297
8149883
8151198
8157862
8159175
8162623
8164689
8165655
8166514
8168975
8170266
8171259
8172775
8187432
8198963
8203990
8209533
8209855
8214815
8217556
8219543
8220075
8228255
8236359
8236394
8238172
8238391
8245336
8245742
8251813
8252367
8257604
8257794
8259820
8260213
8263785
8273224
8280853
8281583
8287658
8289362
8291225
8298069
8300929
8310986
8318241
8322697
8323219
8328534
8329647
8329916
8342130
8344911
8346597
8347127
8349748
8357690
8369464
8370816
8374881
8377514
8385042
8386534
8387077
8390341
8396516
8398302
8402588
8407840
8408433
8414362
8418032
8426842
8426990
8439375
8443058
8445054
8455108
8471845
8475046
8478592
8480747
8485466
8486617
8486640
8487186
8487407
8495030
8506786
8514216
8519682
8525121
8527754
8527948
8542629
8542927
8546732
8550761
8555728
8557289
8558122
8561387
8562416
8574805
8578867
8590081
8591408
8593509
8595355
8611528
8617204
8618957
8622168
8627815
8629156
8634585
8635238
8636255
8646948
8655576
8664019
8673821
8687285
8688943
8690492
8692087
8704749
8714312
8716641
8724827
8734823
8735635
8742556
8745205
8746782
8748447
8750464
8756434
8761042
8781739
8790767
8793427
8797235
8799302
8801922
8803209
8809773
8813920
8821277
8823037
8824543
8829798
8832190
8843357
8846319
8847471
8850541
8857567
8862619
8866639
8867838
8868348
8872930
8876581
8879562
8882116
8891932
8892756
8897902
8898510
8907918
8909022
8909725
8917737
8918771
8922310
8924899
8925523
8926177
8930284
8935754
8936281
8937752
8942739
8961543
8972283
8973605
8974240
8984926
8989732
8995025
8997725
8998648
9004111
9004577
9014877
9015696
9021948
9025138
9027943
9040278
9042122
9051624
9053345
9055089
9062353
9063052
9063704
9071067
9076605
9086542
9091108
9093453
9094795
9100441
9101213
9102812
9107242
9114843
9121399
9124170
9124250
9138315
9139924
9140784
9141331
9145732
9146769
9146906
9162239
9164942
9167345
9167747
9182051
9188596
9188866
9194180
9197056
9203966
9210080
9211726
9218472
9218894
9219568
9222824
9231102
9233406
9234996
9239262
9242610
9246378
9246455
9246689
9247056
9252945
9256910
9268439
9271547
9274154
9274951
9276134
9284160
9284573
9288962
9297526
9299163
9302787
9305838
9305910
9317575
9326047
9331437
9339446
9342616
9352783
9355794
9362900
9365344
9366692
9377824
9380173
9383469
9387889
9391045
9395067
9402276
9405551
9407368
9428355
9432154
9433869
9436959
9439325
9441899
9442875
9443536
9453917
9455654
9459947
9460818
9464510
9465997
9467702
9470911
9472334
9475873
9478742
9487101
9489074
9492293
9495248
9495717
9499347
9503044
9503328
9506535
9512101
9513388
9515031
9516921
9518350
9520953
9522327
9524274
9524404
9528599
9530524
9539229
9539352
9541824
9549721
9555915
9556451
9563703
9569837
9576824
9580356
9581856
9582072
9582956
9588061
9588798
9589791
9598500
9598532
9605362
9606345
9618942
9621132
9624217
9624657
9624858
9632461
9637106
9643210
9645829
9653669
9660373
9661258
9665856
9668383
9670526
9672137
9672178
9674695
9681713
9687827
9689188
9692545
9693179
9694595
9702340
9715877
9717637
9719272
9726151
9726554
9735697
9742174
9743993
9744316
9744957
9762740
9768163
9771120
9777223
9788616
9800747
9803681
9803709
9805572
9810806
9815726
9823025
9835176
9839241
9839404
9854910
9856461
9863347
9865136
9868751
9872568
9875753
9879353
9882929
9894990
9896967
9897169
9897617
9901587
9906704
9907453
9909425
9914399
9916086
9916771
9918326
9923241
9926195
9934088
9935821
9941067
9951461
9956527
9957390
9968387
9971171
9973548
9979827
9981485
9986728
9987292
9998560
9999835
