2822
5540
9280
9932
15955
17011
27321
30827
36816
38650
50245
55480
57954
65030
73924
74114
77116
82327
84768
86513
95510
100049
103315
111340
113973
115040
116337
131228
144244
148722
153057
154064
156183
157018
158046
168636
169615
169622
178145
188791
189698
194872
195602
200832
208257
210606
214779
222782
224920
226151
227306
230586
230938
233440
236381
238945
239757
239959
240506
242884
245968
247548
249615
252169
254739
258647
262463
278236
278256
282829
284417
291354
292231
307872
310282
312574
322048
324684
328234
329907
330033
333944
342804
343069
343299
349764
357028
358427
367796
368063
370343
373269
373305
374473
377011
382675
387224
387261
390295
398135
402042
404632
405217
410589
410905
412927
413373
417834
420151
424701
424815
428221
431378
434453
435080
436344
437053
437093
437377
441508
444162
455527
465171
465595
468870
470438
473933
474678
480603
490653
490959
504260
509103
510640
514577
523952
526515
526950
531862
533884
538736
539914
544234
550759
552776
557684
559102
563833
563892
564138
567472
570380
572390
577914
584160
586236
588906
589354
593439
595172
596894
600561
602280
602932
619419
620334
621740
621830
623501
639186
643432
645720
656411
659190
659769
671623
676159
677434
678754
679987
684399
692192
692713
695844
708508
709666
722142
725496
725690
732104
736098
737100
741178
741236
742816
744653
745547
759918
762839
763308
765838
767187
769786
770101
770855
770978
775848
776824
779085
780728
785426
790288
793728
793974
800093
800603
800750
805131
809923
814866
815292
816368
823979
826175
828971
832543
833448
835863
839179
841226
850364
860139
871783
873064
875205
875391
879918
890477
891338
902993
906932
914464
920842
934600
939378
942268
943057
947839
952955
954770
956965
957663
962854
965505
970719
971530
979512
980524
982199
982314
992961
993413
994017
994127
996421
996867
1001140
1010902
1016583
1017725
1019409
1023434
1032092
1032491
1035368
1041434
1041764
1046883
1050053
1054323
1055362
1056870
1060675
1062479
1065141
1066563
1068668
1078888
1079213
1082620
1085150
1100305
1103548
1104576
1106873
1107354
1109575
1110809
1117906
1118402
1118583
1120221
1125166
1129910
1133907
1138922
1139742
1148778
1162151
1164378
1167072
1171397
1178894
1183514
1185717
1191658
1191818
1193005
1196601
1197038
1209326
1209911
1210234
1211180
1223554
1230659
1232768
1234458
1235088
1236504
1237560
1244869
1250795
1251589
1252007
1252857
1256535
1260166
1261156
1262651
1266353
1269933
1270069
1273644
1278753
1280847
1284312
1288538
1291184
1294197
1297170
1297492
1298938
1307513
1317524
1321822
1330990
1331230
1332016
1341011
1346849
1348754
1349321
1350263
1350839
1352445
1356128
1357342
1372434
1373689
1383300
1383448
1384017
1387263
1387754
1390027
1391807
1396842
1399677
1400479
1400561
1401826
1404175
1407424
1410314
1414476
1429388
1432016
1434284
1434815
1437958
1448123
1459363
1463331
1472175
1474231
1481816
1487926
1488790
1498332
1498367
1499335
1510600
1512309
1519110
1523671
1526496
1526695
1526743
1541513
1541959
1542128
1552113
1552420
1558345
1559811
1561048
1571486
1576258
1576290
1576746
1579369
1583070
1584101
1585288
1589296
1593206
1593309
1596364
1598015
1603182
1615605
1621358
1628670
1640040
1646633
1647137
1648565
1652940
1658038
1669884
1674093
1675939
1676352
1680251
1681022
1684309
1690009
1691899
1693886
1695095
1701446
1704086
1713596
1714688
1718061
1725427
1726145
1726435
1728909
1738931
1745017
1745284
1745444
1749252
1755477
1771707
1778270
1779550
1780331
1783132
1784911
1797072
1797340
1808439
1812582
1814318
1814835
1814996
1824563
1825553
1834181
1839548
1848074
1859236
1859494
1861452
1865560
1867185
1871978
1874866
1876032
1881384
1888260
1888555
1892709
1899094
1907938
1911412
1911667
1914874
1915388
1916246
1918679
1937150
1938615
1952477
1959901
1963697
1965638
1976812
1979221
1980141
1983842
1986672
2000027
2004261
2006804
2020356
2022695
2022761
2033032
2035570
2043206
2043443
2050258
2052487
2054055
2057931
2067880
2071847
2072199
2082089
2087117
2089407
2100105
2102917
2107006
2109515
2112988
2120403
2125474
2129317
2129406
2129417
2133557
2134277
2135846
2138878
2143330
2148222
2158677
2165040
2167919
2169240
2169611
2173586
2175954
2177299
2180330
2184435
2189348
2191940
2200049
2203250
2204223
2204579
2207232
2214352
2221981
2226468
2231039
2232221
2233933
2235400
2235921
2246043
2246823
2246942
2251271
2252704
2253829
2257349
2257635
2264241
2268402
2277252
2285671
2286500
2286775
2287923
2297252
2300460
2304105
2306284
2306610
2312530
2313891
2322021
2322082
2322866
2325304
2328145
2334591
2354820
2358083
2359590
2360231
2362009
2367738
2371227
2378841
2381046
2382296
2385060
2388987
2396155
2399404
2400789
2400794
2400940
2404869
2408757
2417742
2421983
2442600
2451671
2454666
2455085
2461846
2462961
2463384
2467349
2469459
2471463
2472906
2473270
2476941
2485120
2501294
2504387
2504677
2509097
2512347
2519001
2537319
2549465
2550327
2553387
2557478
2565313
2571381
2571402
2584395
2587064
2587956
2589866
2593907
2596717
2606828
2609227
2609737
2612502
2623924
2626817
2627908
2628046
2650168
2660188
2665564
2665668
2667060
2675458
2682729
2683231
2683379
2685117
2689162
2693691
2699473
2707942
2708052
2709003
2709616
2719285
2722365
2732254
2738420
2744313
2749103
2749849
2755043
2759392
2759518
2760944
2762268
2767759
2770791
2778521
2781975
2785358
2795435
2796251
2797677
2799090
2801433
2801444
2801904
2810780
2812101
2818616
2819506
2820423
2826014
2831836
2835099
2845336
2854606
2859245
2859567
2865001
2872194
2874743
2885043
2886476
2888907
2895291
2904833
2906428
2911720
2915684
2916418
2917899
2924888
2932840
2944417
2944421
2945495
2945999
2952480
2958863
2962194
2964393
2969016
2971109
2971872
2971948
2977090
2978182
2979478
2981836
2982788
2988054
2990711
2993819
2994583
2995059
3002434
3003808
3004214
3006186
3007018
3008277
3015583
3023940
3025882
3036014
3043980
3047895
3051600
3053512
3062067
3065365
3073635
3073870
3080821
3083088
3083774
3084828
3087037
3092881
3097718
3097833
3100492
3103177
3106877
3110825
3115369
3115488
3121324
3122958
3124631
3131654
3134265
3137235
3140539
3142912
3144476
3147368
3149925
3153776
3163684
3172267
3173722
3175845
3177913
3183964
3185986
3191810
3192756
3197833
3217845
3222707
3228468
3232248
3233297
3238293
3245103
3245965
3249818
3252274
3252415
3260680
3264825
3269284
3276389
3281562
3285459
3288282
3288840
3289849
3296626
3301611
3304072
3305212
3307459
3307830
3307983
3313370
3322035
3324599
3327470
3328762
3329744
3330174
3341408
3344209
3345364
3351013
3351762
3368430
3371507
3375698
3376848
3377105
3377419
3390041
3391069
3393195
3400635
3402739
3411293
3412770
3420918
3421089
3425193
3428860
3432575
3433195
3433828
3434130
3436443
3441217
3444157
3456194
3458965
3462453
3472137
3473411
3475038
3480611
3481481
3482689
3488046
3492613
3499534
3499544
3503165
3514562
3515877
3518355
3534354
3534703
3540503
3544938
3545622
3545937
3554039
3558305
3564994
3581770
3583526
3585233
3586756
3603112
3603453
3606446
3621318
3631318
3637965
3637979
3644587
3645477
3661064
3661729
3665527
3670935
3671153
3675248
3679372
3680635
3687840
3688878
3691261
3691287
3693249
3699648
3700912
3701607
3704301
3708205
3708966
3710862
3711864
3716638
3725831
3726258
3727028
3728716
3730064
3733356
3733552
3734477
3735154
3735329
3735725
3738978
3743276
3744583
3746217
3753427
3753790
3755017
3756769
3761481
3770069
3773324
3774461
3781366
3781680
3784391
3787112
3789004
3793660
3800015
3800071
3800668
3821222
3822742
3842781
3854453
3856541
3860001
3875112
3877444
3879062
3880408
3880726
3885999
3886065
3899993
3911211
3916359
3920273
3924595
3927580
3928738
3938639
3950258
3952495
3960652
3964337
3973320
3973886
3982233
3990127
3990408
3992687
3993830
4001014
4002639
4003677
4004167
4011666
4018634
4019425
4019718
4028617
4037397
4048704
4050025
4066136
4066905
4072488
4073111
4075170
4075490
4075579
4078002
4078135
4078564
4082960
4085192
4088659
4092032
4092730
4105223
4122655
4127943
4128929
4131130
4149465
4149526
4152035
4152083
4153336
4153690
4154504
4155069
4156786
4163142
4165153
4172092
4177366
4181838
4183492
4191936
4199273
4209309
4213474
4219160
4220008
4229510
4234846
4238536
4240750
4247393
4247916
4249841
4251791
4252537
4255514
4260325
4260373
4260712
4263152
4264580
4265450
4268389
4275286
4280140
4280505
4284061
4285633
4289283
4290160
4292182
4293220
4295210
4295389
4295771
4298044
4300848
4302697
4309787
4314362
4323909
4324533
4328284
4329687
4330319
4331808
4337079
4339450
4345936
4359198
4362267
4368039
4368954
4372890
4373975
4376284
4381535
4385955
4391085
4394114
4396166
4401227
4413573
4417764
4420110
4422110
4426486
4434126
4442249
4443709
4447461
4448440
4454691
4464586
4477187
4481253
4482802
4491677
4509990
4514507
4518448
4527427
4530971
4530984
4535264
4540149
4541314
4542570
4549247
4550730
4561207
4563108
4566621
4574916
4580141
4585574
4586730
4591369
4594302
4606035
4609185
4611282
4612426
4616038
4622900
4623602
4629644
4630027
4633409
4635021
4635526
4642928
4646185
4653776
4655231
4655762
4656894
4662102
4671784
4679232
4679338
4679339
4681754
4708198
4712213
4715516
4716312
4722891
4729135
4734349
4760326
4761337
4770701
4778822
4779032
4779543
4785773
4791174
4791792
4793074
4793239
4797415
4798231
4804080
4806365
4808465
4816666
4817231
4820119
4833110
4836179
4836637
4841785
4843192
4847927
4852140
4854023
4857895
4859791
4861191
4866036
4866855
4867088
4867550
4871083
4876221
4877117
4878540
4878767
4881530
4882609
4890202
4890232
4891972
4896619
4899585
4904282
4905046
4918105
4919319
4919325
4919753
4931763
4934081
4937933
4958116
4967998
4973252
4976126
4979632
4992205
4994760
4996079
5004562
5006035
5013180
5016351
5018104
5020147
5034215
5036550
5038485
5064616
5067859
5068483
5071812
5078720
5086867
5088216
5104993
5108936
5109245
5109787
5113140
5120577
5122896
5126668
5138432
5139956
5145687
5160771
5166480
5169114
5180564
5185768
5191249
5200866
5202033
5205550
5205957
5209460
5212838
5224758
5226358
5227384
5232470
5235155
5235353
5239609
5244339
5250526
5251265
5254363
5256442
5256878
5259370
5262965
5266339
5268689
5269166
5277286
5278236
5284581
5287737
5293841
5294500
5297687
5298885
5308125
5308986
5334684
5337410
5338275
5340231
5345406
5351480
5358734
5358925
5366856
5369806
5378214
5383630
5384934
5387548
5395152
5402687
5405173
5407914
5408158
5412192
5420733
5423266
5424928
5425636
5426348
5431005
5434997
5439601
5445377
5445448
5447684
5448562
5457415
5461438
5464328
5464672
5465299
5466060
5466151
5467111
5468731
5485894
5489841
5490736
5494360
5508343
5510447
5512132
5515001
5518268
5520289
5522264
5523545
5527104
5529733
5535546
5536954
5546285
5563602
5564425
5569462
5578726
5580387
5590182
5592906
5595570
5595810
5596149
5598567
5599054
5603422
5605830
5608536
5609042
5614270
5615655
5615661
5616498
5619884
5620069
5630652
5632593
5640145
5650188
5658227
5659915
5660528
5663308
5668322
5670471
5674761
5678228
5680018
5686226
5687976
5690583
5699602
5706919
5709526
5717889
5721057
5725735
5727552
5729395
5735167
5742439
5755169
5767245
5768162
5770148
5772135
5776615
5778412
5781901
5782373
5782965
5789604
5792580
5796767
5798322
5803553
5811214
5822460
5831012
5832824
5839152
5844276
5847619
5855122
5856856
5858648
5862524
5863715
5865320
5868094
5870233
5870473
5871720
5877711
5878450
5879439
5883273
5884187
5886629
5894945
5905517
5908654
5908789
5910065
5910868
5913518
5919273
5930522
5940489
5942482
5948926
5950704
5951541
5954463
5954565
5954745
5965487
5966745
5972846
5977930
5979626
5981353
5982102
5983230
5986065
5992284
5992584
5992645
5993412
5996520
6000162
6000291
6005206
6019020
6021350
6022782
6025131
6027901
6028132
6028475
6030637
6033503
6034312
6036835
6037416
6046675
6050728
6053612
6053772
6061442
6062455
6067230
6072380
6074637
6075549
6084373
6087780
6090054
6090388
6090515
6091968
6098711
6100919
6103639
6103839
6105233
6107448
6110660
6129708
6130008
6133360
6134980
6141032
6142638
6146738
6153366
6154099
6159248
6170005
6172459
6172655
6181326
6193263
6201636
6207418
6209989
6220758
6223845
6236702
6237170
6238042
6243247
6249714
6249723
6252458
6266861
6268009
6270150
6270868
6271063
6279781
6280923
6281946
6282772
6287324
6295973
6296908
6298699
6301079
6306918
6309760
6316096
6320313
6321836
6322783
6331157
6331483
6337911
6341850
6345699
6351587
6359764
6362537
6370833
6373854
6378259
6380224
6384542
6387004
6391442
6400167
6401178
6404645
6405516
6412958
6419132
6420056
6420527
6427262
6428560
6430494
6430708
6437705
6445949
6449965
6457815
6458757
6459389
6459552
6471669
6474696
6477300
6485334
6489996
6492358
6498240
6498328
6499584
6500402
6502685
6507351
6509863
6511697
6520211
6523562
6529786
6530602
6536387
6538726
6540959
6540966
6541372
6544292
6546468
6563775
6570109
6572752
6579609
6585707
6590824
6591296
6591740
6595376
6599154
6605757
6612415
6614904
6620318
6625118
6628629
6628898
6636475
6643003
6643067
6643970
6646687
6647832
6652840
6654617
6659591
6662073
6665072
6668208
6673607
6674558
6675420
6691163
6695920
6696326
6698343
6700735
6701844
6706784
6709947
6712315
6729478
6731207
6734193
6735333
6738528
6747708
6760220
6762824
6767226
6785055
6787223
6800881
6809638
6813420
6820345
6822800
6823844
6826963
6828499
6829038
6829256
6831776
6836430
6836679
6837131
6845170
6845328
6864079
6867180
6867403
6873650
6873758
6874600
6875476
6876077
6876219
6877260
6880874
6882408
6884933
6886264
6887931
6888201
6890235
6899756
6904465
6904842
6905931
6913831
6916170
6919117
6921154
6924647
6927523
6934779
6935114
6958585
6963373
6965825
6969242
6970399
6978336
6981166
6983913
6989236
6993729
6995917
6996808
6999279
7001778
7005201
7012942
7013506
7019996
7023681
7024314
7025577
7032395
7037290
7038051
7042513
7045133
7048490
7051495
7054667
7057449
7061298
7064053
7072186
7072357
7072755
7085235
7085616
7086122
7092776
7094534
7095077
7101604
7104196
7104357
7104543
7105516
7110709
7110735
7119368
7122548
7123186
7123694
7124497
7126940
7127726
7133308
7136485
7141097
7163159
7173390
7173814
7174556
7174559
7174699
7179401
7181272
7183018
7191611
7191999
7193384
7195074
7198700
7200786
7202706
7204265
7206267
7209799
7213530
7213540
7220958
7221508
7224638
7224825
7228749
7232007
7233045
7234525
7237074
7239755
7244365
7250609
7251339
7251517
7252038
7252565
7254039
7254925
7255728
7265438
7267362
7267421
7269201
7273059
7275893
7278763
7279492
7284268
7284343
7285503
7285593
7296207
7305172
7312451
7313170
7324499
7325130
7326063
7327415
7336231
7336453
7340562
7340915
7341010
7344140
7359515
7360128
7365259
7374568
7377160
7378260
7386762
7397505
7397983
7404263
7411626
7419340
7421740
7425304
7426980
7429056
7433284
7435315
7453589
7458919
7464143
7466757
7467664
7469218
7469575
7473081
7473624
7473716
7475664
7483945
7488684
7488756
7497695
7498356
7510629
7515271
7523174
7524151
7525833
7526537
7533539
7536562
7544183
7548722
7552305
7554487
7558908
7560155
7563460
7570304
7570492
7585177
7591037
7593528
7595149
7607231
7611305
7617993
7622632
7628860
7629076
7632034
7640649
7642680
7650406
7651835
7657960
7667819
7669583
7671346
7673031
7676826
7683299
7684352
7686219
7686405
7686505
7692105
7692543
7694895
7700314
7703990
7704460
7705391
7707062
7708200
7713554
7721917
7726153
7726767
7728526
7733195
7733674
7737997
7738407
7740455
7743606
7744677
7744977
7745388
7750402
7755053
7759419
7762707
7766473
7767804
7777088
7777927
7781830
7783682
7792579
7793186
7795708
7798323
7804249
7804589
7807376
7807610
7810736
7816908
7817081
7818017
7818183
7819565
7824182
7828104
7838591
7839871
7841356
7850464
7854346
7860771
7861363
7862134
7864796
7867166
7869420
7873775
7875742
7884301
7886221
7900034
7901170
7901332
7921113
7927691
7929723
7936491
7954561
7954666
7961844
7965693
7966579
7979518
7979575
7979642
7983678
7987389
7991454
7995945
7996085
7997957
8002128
8002194
8003260
8003720
8018357
8018654
8025968
8028764
8030925
8033121
8033197
8035306
8036119
8036187
8038258
8050603
8055557
8060897
8062014
8067103
8073086
8073527
8079614
8079832
8099217
8101650
8102013
8102206
8130924
8131365
8133283
8135869
8143105
8146481
8149108
8151956
8153140
8154966
8155134
8156471
8158999
8162133
8163649
8167681
8174159
8177242
8184317
8188436
8195442
8196352
8196726
8203818
8207581
8207958
8208110
8209794
8216967
8222241
8222697
8230497
8233556
8235189
8236966
8237612
8239923
8240394
8243312
8249519
8258475
8259210
8267331
8268618
8270677
8271693
8274441
8276791
8276963
8284384
8285612
8288465
8301576
8317156
8317602
8318745
8318824
8319410
8321347
8323973
8325654
8335669
8340023
8344146
8353512
8355432
8358163
8366984
8376637
8381387
8382375
8382604
8384302
8388566
8391867
8396464
8402403
8403195
8406497
8408440
8418601
8421117
8421379
8422008
8425128
8428530
8429106
8429491
8431926
8433441
8433502
8434218
8439141
8446811
8447267
8451288
8453677
8456142
8467232
8483463
8489031
8489082
8498693
8502487
8504114
8504990
8515799
8517174
8518418
8526212
8527157
8527345
8532023
8532224
8534155
8534282
8538925
8542344
8551468
8551798
8553521
8555413
8555440
8557460
8559851
8560325
8566639
8568847
8570880
8570930
8573278
8574842
8579783
8582170
8590662
8592342
8592749
8594298
8594721
8596743
8602152
8617702
8617733
8625622
8630356
8631940
8635083
8653921
8659591
8665413
8667605
8682475
8682678
8683313
8694424
8695570
8695721
8700973
8702541
8704397
8708755
8717465
8718284
8719495
8723385
8726324
8727374
8728938
8731588
8738930
8740442
8741229
8749557
8752590
8757230
8762704
8764521
8765474
8765626
8767824
8768605
8772672
8779520
8781048
8781317
8793871
8797557
8799066
8802922
8804038
8806581
8822915
8825389
8840500
8843318
8846173
8848492
8852289
8858499
8884190
8885420
8899601
8914367
8914622
8923856
8924054
8934437
8934721
8942690
8949035
8951569
8958118
8960024
8967169
8975566
8975901
8977144
8981134
8987283
8997507
8999950
9000085
9013263
9025218
9031149
9032759
9035178
9036022
9058676
9063029
9065915
9074478
9082380
9085735
9089682
9092267
9093487
9093661
9096311
9099137
9099308
9099678
9100116
9101542
9104806
9105638
9114089
9122587
9128224
9132198
9135703
9138281
9141267
9144780
9144961
9146311
9148768
9166396
9166546
9169748
9179058
9188406
9192560
9195496
9201877
9209431
9229743
9230934
9242924
9253601
9265788
9267658
9270304
9273173
9277462
9299240
9305041
9313233
9314463
9323615
9326234
9326785
9327604
9333773
9339713
9342732
9348886
9352498
9359118
9362050
9368844
9370699
9378447
9384886
9388379
9392210
9392665
9394305
9400601
9402040
9402996
9407040
9407261
9410009
9413319
9420986
9429433
9435435
9438393
9439327
9439422
9442797
9442889
9443129
9447168
9447209
9452998
9453160
9455247
9456120
9456788
9456990
9459785
9463897
9465175
9478132
9486579
9488443
9488495
9492854
9493237
9495460
9501868
9502369
9502380
9503782
9505161
9507499
9512278
9512658
9513053
9515345
9517764
9519861
9519993
9525589
9535075
9536033
9549942
9550462
9550684
9551267
9552661
9556438
9560677
9563816
9574471
9582530
9584143
9589300
9591823
9593439
9605236
9609556
9610890
9611408
9614676
9618552
9621120
9626964
9639061
9639141
9639974
9644305
9658347
9658649
9660222
9665073
9666262
9671047
9671482
9676560
9678233
9684404
9687406
9694441
9695434
9695750
9702568
9711339
9713329
9716869
9719605
9721587
9725910
9734479
9737367
9737883
9741191
9744183
9754911
9756028
9756997
9759688
9761697
9762771
9763603
9765270
9770927
9771231
9777482
9793482
9796844
9809130
9817206
9821252
9825822
9827854
9828036
9836350
9838016
9838809
9845451
9846807
9847018
9858088
9862903
9866283
9869379
9872662
9875138
9875544
9876966
9881086
9883710
9888343
9888776
9889695
9896854
9900944
9901315
9908582
9911002
9911754
9927586
9929676
9932057
9936675
9937056
9939551
9951673
9954256
9958887
9959032
9961415
9969058
9972721
9978753
9987467
9988747
9990921
9992175
9994383
9998603
