5309
6214
13901
13936
25289
26764
31443
32042
34102
36992
38004
42666
45652
46002
47603
47677
48844
57533
59421
61206
66696
72382
74743
74885
94734
98921
100974
113007
113096
115536
117833
123752
124974
127860
129163
149987
150019
152920
155369
172565
174093
179971
183462
187486
193304
196208
198837
216042
222438
225406
252744
256341
258214
263048
263914
270204
274387
277949
283523
287069
293268
293749
297886
299650
300871
303300
306827
324109
324197
325080
334681
335564
340603
341375
341509
342167
348336
349616
355225
357105
362403
364397
366303
369980
373688
381803
381843
382768
384816
388001
389245
394767
395580
404652
407616
409730
412340
418124
419452
420915
425789
428839
447176
449015
449938
451366
451740
455453
455634
456367
462949
462957
466898
470732
471104
472666
487431
488256
489620
490480
492544
494500
496948
512154
524997
529740
530253
534398
535298
540281
542408
553427
553462
557869
558080
572720
573038
574466
580472
587722
591939
596635
597674
600587
606739
606807
615391
623499
630574
632633
637646
639855
646337
648095
650640
651558
653420
653940
657129
665685
671020
672946
673445
674405
681158
686580
702395
703607
704921
705227
708502
709214
709691
711110
711130
713709
715381
720836
725167
729086
732212
736295
736747
738014
745058
745693
766492
767847
780474
781387
781781
788779
788960
789222
789476
789790
793038
807446
813138
814901
818274
819719
828318
832958
834783
835072
845080
847899
850872
851903
858506
858615
861700
865510
866639
880080
880776
883948
888551
891544
893309
896045
898155
901257
904139
911924
915771
920736
929474
931385
937733
941129
943734
947720
951401
951833
957522
961658
961833
975100
976799
977054
977290
979706
980951
998064
999784
1006672
1012611
1013840
1015076
1015465
1027971
1029575
1048248
1050933
1055860
1056065
1058680
1059598
1059804
1077951
1093098
1099575
1101023
1104631
1106988
1112427
1120459
1123637
1125347
1126256
1127339
1131050
1132620
1135221
1140094
1143892
1146292
1150163
1151393
1152603
1153356
1156581
1159927
1161819
1163419
1164977
1170980
1174306
1178167
1184270
1192122
1192600
1197665
1208020
1211042
1212987
1214460
1214480
1215971
1225631
1226888
1227552
1234855
1236156
1236164
1241628
1244356
1247377
1250541
1256278
1258506
1266619
1274876
1276247
1278660
1283528
1284708
1286154
1288137
1291501
1296846
1303771
1310941
1311956
1312438
1332327
1334257
1335429
1339528
1343197
1343883
1347449
1354860
1359231
1363157
1372465
1377962
1382995
1384892
1386056
1389427
1398787
1400978
1403183
1404267
1412546
1413633
1420794
1421538
1438908
1439471
1447933
1449062
1458188
1460685
1471406
1471973
1482054
1483204
1484321
1485670
1486889
1488533
1490633
1492491
1493804
1495449
1497132
1498587
1502292
1506494
1506622
1507993
1508826
1511085
1513000
1520418
1524049
1524295
1529409
1533372
1537539
1539976
1544183
1550601
1559098
1567335
1575150
1575853
1576217
1578074
1586205
1589921
1596064
1600350
1616586
1616772
1622756
1623850
1624279
1631751
1633357
1637456
1637688
1648218
1652912
1655506
1656298
1660270
1660846
1665404
1674676
1687545
1688531
1701391
1704388
1707381
1717256
1723870
1725557
1735265
1735421
1740068
1747107
1752790
1754301
1757442
1760348
1763877
1764041
1773127
1776192
1776919
1777131
1778362
1790282
1793178
1798634
1798728
1799590
1802478
1804038
1809827
1810580
1821025
1826974
1831571
1833036
1840756
1843878
1845696
1846969
1858191
1858250
1858305
1861276
1867498
1869363
1871804
1873944
1875234
1875319
1881277
1885744
1890935
1891595
1900248
1900852
1901654
1911400
1917550
1924079
1925636
1927383
1927896
1936890
1942112
1954028
1959072
1959498
1970395
1972482
1978711
1980144
1982932
1984535
1985675
1988277
1988290
1991245
1998646
1998695
1999398
2005962
2007010
2007326
2007881
2012410
2014249
2015982
2027766
2027785
2031740
2032105
2045316
2045351
2047789
2050539
2063000
2073539
2074862
2076855
2080199
2080329
2090758
2093556
2101562
2106038
2106128
2106183
2106513
2109911
2110034
2110045
2110154
2111626
2115217
2123428
2123588
2127361
2128030
2128645
2128953
2136572
2144061
2150681
2150801
2152926
2154660
2154892
2161415
2161720
2164489
2170959
2171064
2171080
2177403
2177753
2178719
2180771
2181893
2187408
2188806
2191992
2193009
2193208
2193492
2203792
2211404
2218272
2219682
2224661
2234859
2238759
2239119
2244172
2260165
2262894
2267063
2268322
2271265
2277116
2277907
2286825
2292507
2297585
2298211
2308821
2322313
2324540
2325628
2332511
2343662
2347140
2350443
2353215
2375910
2385656
2386745
2392055
2395932
2398107
2400194
2407212
2410739
2416866
2418493
2418570
2420803
2426569
2430307
2431016
2436483
2442599
2447914
2455667
2455871
2455952
2461398
2463176
2466889
2468038
2469711
2476047
2477966
2478973
2484597
2485780
2486120
2486455
2493187
2495808
2497711
2497730
2499855
2505631
2509636
2522149
2523348
2523567
2524546
2524840
2536140
2538654
2539838
2549769
2559765
2560280
2571821
2576849
2584848
2601624
2607023
2618384
2635014
2637526
2639084
2640192
2642736
2646577
2650294
2652654
2653659
2654757
2662906
2665614
2672090
2675327
2677342
2682699
2686849
2687069
2688959
2691734
2692272
2703984
2713203
2714593
2717413
2718961
2720509
2721407
2722630
2726974
2751483
2752364
2752590
2754056
2757879
2760264
2763068
2765362
2769002
2771289
2775386
2778496
2790193
2790217
2795405
2799069
2800092
2802011
2807600
2809850
2814850
2815708
2816711
2817699
2820625
2822504
2832290
2832510
2834916
2835593
2845552
2854287
2855891
2855932
2858549
2860724
2866221
2873479
2876434
2884884
2886357
2893882
2896415
2902658
2914807
2917658
2925676
2926715
2933422
2934243
2934638
2936822
2939062
2948433
2951186
2956295
2968366
2968780
2972369
2972942
2980610
2984213
2992762
2994233
2996420
3002889
3003848
3009064
3009878
3010964
3011123
3011499
3012577
3021851
3030005
3034654
3035725
3036837
3038118
3039492
3040791
3041329
3042113
3044674
3045624
3048649
3049001
3061175
3062181
3073471
3083403
3086036
3087335
3087947
3088383
3089186
3092918
3093327
3096368
3096597
3098808
3103466
3105415
3109933
3111568
3123049
3124561
3128111
3133673
3135383
3139945
3141635
3146282
3147610
3149854
3155328
3159429
3159832
3169843
3170488
3181952
3190305
3193048
3195472
3202680
3205901
3207522
3216186
3216771
3216828
3217858
3221120
3235702
3237546
3248579
3249126
3254015
3255133
3257912
3258420
3264871
3271946
3277983
3279638
3284380
3284482
3286213
3291828
3292172
3292204
3293575
3298415
3301357
3303737
3304821
3305586
3308444
3311286
3314615
3317121
3319183
3319894
3323666
3326899
3327665
3328223
3329366
3334896
3336728
3340363
3351759
3354552
3356936
3363212
3374341
3375900
3377243
3383729
3388123
3388512
3392611
3392977
3394687
3398607
3410654
3424818
3426006
3428865
3430578
3432075
3432404
3433599
3434090
3440262
3441412
3442024
3443911
3453469
3454995
3459573
3460288
3460471
3463581
3469591
3474485
3478695
3478811
3495700
3495761
3497628
3498638
3498679
3507841
3513652
3515877
3519657
3520313
3523028
3526581
3526901
3527394
3528457
3528674
3532305
3533978
3537203
3553751
3554530
3564606
3571228
3579933
3583649
3588754
3589746
3594602
3601947
3618023
3621213
3623926
3624861
3626478
3634373
3638682
3638963
3644685
3646395
3649388
3649881
3652175
3655444
3657293
3671557
3672321
3674060
3692549
3699345
3706528
3711992
3723566
3723928
3724595
3725027
3725359
3732718
3743293
3751179
3752567
3757983
3758751
3760002
3761871
3766637
3773947
3774985
3775401
3779873
3780651
3781220
3790333
3797103
3797356
3806016
3810128
3811282
3811719
3811749
3812970
3814482
3819441
3822409
3824572
3827885
3832578
3835365
3848216
3850921
3854747
3856812
3862067
3870356
3870762
3871371
3874083
3878684
3880877
3881077
3891356
3894018
3896946
3899885
3901096
3902907
3903992
3904548
3905989
3906872
3907471
3912304
3914666
3918595
3919810
3920033
3927101
3927964
3929402
3930195
3933769
3938009
3941738
3943412
3945131
3946849
3947933
3948005
3951124
3960161
3962585
3967232
3968631
3979594
3983117
3984378
3986622
3992288
3992730
3994834
4000984
4001325
4005000
4006054
4016580
4016649
4022759
4024219
4032008
4032825
4042336
4047035
4050605
4050962
4051126
4051407
4055292
4063838
4070932
4072168
4079090
4088577
4091154
4097886
4114037
4115666
4117729
4126075
4138202
4142353
4142371
4143774
4147689
4148572
4151178
4156851
4158325
4161901
4165799
4175725
4179088
4184922
4190711
4190924
4193312
4195830
4204227
4209168
4209627
4212645
4213542
4213655
4213857
4214763
4218000
4218380
4219548
4219575
4219606
4225094
4225402
4226425
4227007
4229999
4238574
4239889
4240692
4252761
4257326
4257349
4265994
4267715
4270521
4270947
4277974
4281281
4284374
4286736
4289529
4290977
4292439
4293757
4293971
4297568
4300017
4300621
4301697
4310439
4317528
4326758
4336711
4358124
4361078
4362380
4364452
4365592
4368499
4370120
4371711
4376264
4385313
4386464
4388944
4389391
4393724
4408130
4408630
4410779
4414165
4415853
4423340
4426543
4432872
4434816
4437068
4437314
4439258
4440591
4444110
4447311
4447788
4452008
4454190
4457630
4462668
4463926
4466136
4467690
4470551
4483235
4484609
4496380
4497730
4503850
4506516
4506743
4510657
4511197
4511600
4512732
4524598
4525508
4527420
4528063
4531413
4531827
4536794
4540956
4542059
4544435
4550296
4550512
4560836
4562572
4563261
4565627
4587193
4593136
4600048
4607414
4608796
4609387
4612324
4613753
4615009
4615212
4625996
4635766
4650650
4653744
4664877
4665179
4665717
4665866
4668275
4685435
4687365
4691248
4702549
4702925
4706120
4716116
4718308
4719528
4723827
4728659
4729163
4730273
4732611
4733236
4739824
4740764
4742805
4742838
4744589
4746274
4747613
4752775
4759754
4759955
4765358
4770684
4774479
4780715
4781578
4790100
4794065
4794385
4798057
4806922
4814528
4816264
4817327
4819075
4833033
4840363
4853586
4858417
4866214
4866872
4869609
4869699
4872930
4873331
4873933
4883762
4893698
4893713
4909814
4925473
4935257
4939227
4941085
4943920
4945985
4951952
4956356
4957897
4959236
4975241
4977097
4984073
4992560
4996613
5002094
5008563
5016273
5022704
5036031
5038105
5047853
5050503
5053257
5054373
5056096
5058183
5058272
5059189
5067552
5073824
5078825
5083574
5085250
5086075
5086782
5087973
5092716
5103853
5107372
5109883
5112020
5113759
5114507
5115029
5118256
5118334
5129549
5136194
5139926
5141547
5144748
5148212
5153323
5155028
5159328
5168669
5168717
5177689
5196590
5197627
5199257
5202661
5215352
5223932
5226249
5227208
5234947
5239645
5240091
5253620
5269888
5278094
5278619
5282679
5286972
5298619
5298786
5306163
5307725
5310448
5310468
5312357
5314226
5315236
5315286
5315824
5316653
5321215
5322238
5322691
5333873
5334011
5338916
5340602
5341697
5343385
5352763
5359099
5369558
5369703
5371658
5374494
5378857
5381937
5383544
5389552
5390384
5392288
5393896
5399524
5414383
5415469
5417614
5433838
5439908
5448345
5451258
5452355
5454563
5459896
5468228
5469753
5472853
5472867
5475053
5475757
5480303
5480475
5487393
5491941
5494586
5495149
5498452
5508425
5509700
5515546
5515847
5519179
5525929
5529999
5534956
5536782
5551319
5552639
5553633
5555165
5555868
5557889
5562391
5569203
5571908
5580566
5580666
5581394
5585566
5585664
5585831
5586003
5589012
5599511
5604565
5609060
5616130
5631183
5635034
5638304
5638502
5638720
5643334
5647337
5648589
5649942
5654359
5655731
5662713
5665353
5667172
5673178
5679760
5681420
5682565
5691768
5693629
5693722
5695580
5699285
5700414
5701728
5703035
5703578
5704039
5708830
5710780
5716721
5716859
5719325
5719711
5723473
5723989
5736927
5737341
5740719
5743607
5751859
5760777
5761771
5763126
5764699
5766460
5768581
5769663
5775539
5778773
5779413
5786525
5789223
5792537
5795496
5796515
5796553
5799111
5803520
5804355
5805061
5813205
5816962
5818309
5820081
5821541
5828970
5829334
5829372
5832293
5833094
5835351
5837645
5841178
5845312
5846775
5851208
5857324
5858113
5860394
5860857
5880437
5887652
5888307
5891249
5902404
5903152
5906992
5909870
5916180
5924030
5924215
5937107
5938929
5940317
5941557
5950551
5953485
5957142
5957407
5958361
5960870
5964396
5966350
5981667
5991744
6004951
6006783
6024358
6025890
6028896
6033529
6037778
6038073
6042945
6053805
6055279
6056886
6060525
6066167
6068242
6071177
6073677
6077300
6082968
6084749
6087184
6092145
6096257
6122157
6129820
6130837
6136656
6139627
6142736
6143439
6146428
6146847
6148510
6148846
6155048
6155201
6178652
6181836
6184195
6187956
6188590
6190346
6193201
6193567
6197980
6201830
6207050
6215834
6217357
6218313
6220735
6222748
6224718
6237114
6239997
6241509
6244169
6247037
6250206
6252406
6254303
6258923
6262197
6262315
6262964
6264529
6266717
6290378
6294190
6300312
6300711
6301092
6307321
6307703
6311912
6313996
6315492
6317106
6318402
6319919
6324149
6327512
6332398
6343060
6343623
6345874
6352359
6361802
6362891
6364407
6365087
6369263
6369659
6370578
6372991
6374244
6396702
6399909
6409291
6410072
6410363
6412648
6414326
6423732
6423915
6427554
6430362
6455324
6458823
6460527
6468861
6473171
6474960
6476123
6482884
6489015
6491023
6510026
6514676
6516783
6517877
6525371
6525973
6534842
6551189
6552049
6558647
6562890
6570073
6575642
6585485
6585614
6586500
6592454
6595262
6595940
6600072
6603456
6605348
6617471
6619243
6619570
6623049
6633857
6634969
6635020
6635982
6639338
6641280
6647552
6653619
6656505
6662638
6663177
6664391
6664412
6666984
6667304
6668923
6669316
6671938
6688202
6688294
6691118
6692702
6706998
6708815
6709788
6710845
6717596
6719981
6720030
6728398
6730066
6730414
6731970
6749185
6755206
6755692
6755945
6757050
6763034
6765697
6770162
6770483
6777156
6784817
6789929
6812978
6813080
6814175
6820514
6822190
6825849
6829324
6830653
6833546
6833868
6835506
6835783
6837281
6842056
6847983
6850995
6856134
6856311
6857537
6860831
6862653
6864698
6865885
6869563
6876409
6878123
6881504
6884343
6885314
6885933
6902326
6902918
6905571
6912998
6924096
6924637
6927411
6929170
6931199
6938837
6940459
6945890
6948498
6949889
6952029
6959170
6964021
6966451
6973187
6973666
6975217
6981530
6984545
6985144
6987133
6992431
6993232
6993843
7002859
7008545
7016793
7017444
7024345
7031004
7037732
7038310
7041405
7047438
7049213
7050445
7051053
7051573
7056703
7056834
7061106
7061677
7072484
7076831
7079174
7082045
7088819
7089969
7097893
7101668
7111149
7111276
7111854
7115064
7115872
7120519
7126748
7126932
7129786
7130914
7136324
7147032
7147433
7151792
7156079
7158421
7160759
7163703
7165221
7165780
7168034
7170326
7170837
7172826
7177094
7177497
7178574
7180481
7180898
7184025
7184765
7188034
7194337
7196222
7202134
7202800
7211653
7216862
7219130
7223002
7226792
7235645
7236444
7237234
7248331
7249160
7249820
7253472
7255183
7256625
7258626
7260081
7260473
7261911
7262485
7283516
7284895
7290076
7290432
7290919
7290934
7292720
7296409
7300262
7300789
7305286
7305489
7306593
7310404
7312022
7313578
7316080
7329567
7335848
7337549
7342951
7349275
7356326
7366313
7383043
7386316
7386618
7388709
7396168
7397642
7398057
7401468
7406456
7412519
7412850
7418964
7434023
7438088
7439031
7443667
7448598
7449654
7452279
7452364
7457813
7458913
7462417
7464867
7474297
7475100
7481841
7484016
7490999
7491649
7492629
7498374
7503991
7507520
7512340
7518567
7519233
7523757
7524847
7532477
7535079
7537694
7539255
7561125
7564834
7569514
7569755
7573836
7577435
7591248
7592182
7596596
7602844
7608932
7614206
7615979
7616459
7635409
7637721
7642605
7642923
7647428
7652649
7653068
7665788
7672370
7677715
7687580
7687934
7690788
7694155
7695118
7700396
7700971
7704848
7723450
7729484
7730821
7733583
7736745
7742702
7747853
7758769
7765201
7766241
7766947
7773268
7774567
7777183
7781880
7785936
7786717
7788767
7789970
7791592
7805367
7805386
7815101
7816804
7829101
7833508
7837110
7848903
7850592
7850889
7851784
7851910
7853235
7871817
7881110
7892356
7896907
7904395
7908066
7908504
7910709
7913702
7914963
7917266
7921537
7922676
7923530
7924202
7935726
7939490
7950816
7956203
7959022
7961017
7961980
7963873
7969638
7976448
7987603
7987853
7997645
7999394
8001429
8002879
8006325
8007502
8010702
8012375
8022539
8026222
8026556
8029795
8032567
8039208
8040178
8041660
8041902
8047586
8047717
8047854
8049764
8050605
8051016
8066157
8074076
8074085
8076120
8078606
8080449
8083745
8087702
8088759
8094098
8097081
8104658
8105228
8111037
8118062
8118291
8123041
8125617
8127472
8128160
8128652
8130071
8130573
8136400
8138572
8141089
8144017
8146747
8149757
8155503
8157122
8159344
8165387
8166265
8166982
8167717
8172033
8189505
8191423
8192257
8193377
8194792
8196561
8197786
8200651
8202337
8207303
8209563
8210281
8210929
8212190
8214542
8219375
8227068
8235848
8242796
8250456
8252493
8254887
8255967
8261225
8277112
8287987
8290678
8290843
8293057
8297989
8306219
8310569
8314484
8315779
8318922
8320202
8328198
8330436
8333575
8338349
8350454
8350971
8363837
8363949
8369564
8370601
8372913
8373619
8378947
8379688
8379849
8381820
8383155
8386724
8389683
8390044
8395548
8396633
8397292
8401741
8405904
8412884
8419124
8440032
8442698
8446008
8446967
8448539
8449100
8455031
8456275
8459458
8463080
8463403
8466396
8468673
8472641
8473195
8475932
8478580
8493048
8493929
8500428
8503482
8504600
8505319
8512943
8518559
8524789
8528440
8537450
8538817
8543520
8546946
8547760
8549400
8554726
8558646
8565035
8582494
8589094
8592350
8593650
8594651
8595979
8596634
8599257
8600635
8602174
8605908
8616519
8622521
8626054
8627290
8627901
8628410
8628504
8629201
8635620
8646014
8648233
8648995
8652057
8652199
8654404
8661184
8661642
8664956
8670262
8677561
8687963
8688390
8694627
8696208
8707304
8713035
8714425
8722975
8724258
8725980
8737137
8743994
8744054
8744891
8746346
8746827
8747016
8757443
8764536
8764959
8775207
8783391
8792136
8794909
8806493
8806872
8812227
8812354
8820379
8823191
8824290
8829044
8832496
8835357
8836532
8839320
8841175
8852877
8866039
8866369
8873414
8876481
8877496
8879121
8881011
8890023
8893242
8896712
8897302
8899250
8901104
8906181
8907591
8913932
8915636
8924951
8925296
8941787
8948136
8948400
8948826
8956572
8959899
8961178
8963874
8966937
8968089
8972010
8974424
8977595
8985435
8991320
8994429
8995544
9002353
9007009
9008294
9008322
9009732
9010066
9025986
9037600
9042233
9042873
9050809
9057922
9059188
9060777
9061471
9082296
9082491
9085394
9085901
9091669
9098983
9100110
9101492
9109834
9110178
9116863
9117638
9122366
9130131
9134521
9137946
9138744
9140087
9142514
9144228
9148281
9149134
9149472
9161883
9175621
9178554
9180106
9183057
9206521
9209103
9218756
9218952
9219002
9222179
9223379
9224773
9240395
9245000
9245373
9248018
9254914
9257021
9258459
9268825
9269330
9278443
9281059
9302434
9303500
9304326
9307421
9313785
9315827
9319131
9325152
9329873
9334333
9337492
9339095
9339767
9346260
9352730
9363353
9363439
9364168
9373620
9373951
9376044
9387541
9388060
9388634
9389285
9394200
9398712
9405244
9406956
9412215
9412834
9429822
9431026
9436386
9442192
9443474
9447014
9447112
9448246
9448639
9449232
9449917
9461607
9462715
9466236
9481960
9482665
9485068
9494848
9495966
9496174
9502538
9505392
9509271
9509618
9513123
9517282
9528045
9532947
9546736
9546824
9548392
9548931
9554318
9555826
9557747
9557758
9561157
9562632
9563523
9564661
9570306
9575800
9583827
9588247
9590943
9596955
9603387
9614870
9616100
9616475
9621739
9624161
9631586
9635222
9635531
9638842
9651923
9658559
9664435
9668125
9669576
9687000
9693279
9700050
9703047
9705792
9708284
9714227
9725057
9729890
9730668
9742409
9745702
9747018
9747085
9749536
9752832
9754162
9755625
9758445
9761051
9772467
9774564
9775846
9776062
9784244
9790189
9792390
9792774
9797422
9798503
9805193
9813022
9814190
9820529
9827887
9827998
9828566
9829173
9835343
9839880
9844507
9846073
9852834
9858218
9858299
9864639
9864889
9868034
9869234
9869346
9869660
9878675
9886355
9886831
9894063
9906932
9907320
9907488
9907856
9908385
9909687
9914048
9928418
9930903
9938870
9949858
9952650
9964045
9973014
9973024
9973872
9982234
9982238
9993511
9995881
