9138
17382
21079
42662
50160
53888
59888
65540
71808
86296
91655
109148
109240
116311
120630
132746
143925
145924
165143
169893
189986
199168
205845
207462
220539
221381
227494
230310
233272
235455
241386
244115
254045
257040
266994
267262
272452
278246
288400
299778
314628
324643
332289
334079
337083
346456
350990
362226
371108
384651
410462
418569
419674
424466
434864
447126
450605
457260
470025
479212
480462
485527
494079
497104
499532
504104
508400
516538
520764
525172
529812
542098
549675
550181
557072
562664
571981
572465
574243
575674
578187
588127
592847
596171
606635
608330
614842
616609
617358
619049
626984
634648
635946
639567
643547
644180
645451
646336
651057
672620
678453
689834
692529
695084
708097
708302
717364
725977
727397
728718
733889
742257
744530
758211
769055
777808
789648
790020
793630
812794
832891
833547
833952
834277
839138
840170
840741
842577
847740
865177
865280
869379
872579
880516
882225
889351
908561
909787
911797
915801
921617
923558
924049
936713
940265
953957
957728
958239
966162
967473
969510
971061
973573
981026
994289
1007169
1007407
1023921
1028128
1032137
1034549
1034991
1040136
1040459
1046095
1046730
1046963
1054422
1054647
1056926
1057323
1062059
1062997
1066801
1069263
1069489
1074734
1075859
1077572
1077675
1083211
1085368
1085375
1085838
1087057
1089413
1101140
1114005
1124822
1130077
1135488
1137607
1137990
1141786
1147949
1149106
1151547
1154826
1155509
1157657
1158016
1159592
1164350
1165487
1178979
1180199
1182510
1184320
1184324
1200658
1214677
1218875
1222114
1224686
1233142
1236012
1237141
1239975
1244021
1250081
1256071
1256904
1258357
1269121
1275438
1292604
1304348
1318699
1321338
1323570
1327012
1327456
1347634
1358477
1359516
1362344
1373376
1383829
1384744
1388334
1392355
1394349
1400611
1402752
1407956
1420896
1431577
1434452
1459588
1470589
1473558
1482708
1493477
1497440
1504149
1504488
1521288
1522234
1522441
1530070
1535852
1550024
1550453
1562986
1571517
1588995
1590616
1604441
1620664
1623329
1633785
1635857
1638447
1646066
1647649
1650902
1662965
1671680
1687014
1689487
1693524
1696531
1699055
1700506
1702620
1705573
1705917
1706717
1708597
1709995
1711169
1711618
1718289
1720240
1723113
1727169
1732202
1733059
1735445
1743036
1762024
1763362
1769887
1772221
1786549
1788741
1808565
1817978
1826674
1835686
1852784
1860856
1869753
1877035
1893635
1930271
1935324
1942734
1955876
1963258
1975472
1976988
1978609
1994737
1995389
1996433
2001693
2009765
2015770
2028396
2033606
2038769
2055849
2058808
2060686
2064155
2076063
2080964
2091110
2099137
2100720
2104355
2106587
2111014
2114805
2129995
2134332
2142048
2146762
2148960
2157578
2159930
2160633
2162940
2190161
2200703
2204962
2205638
2210244
2213130
2216650
2220429
2223963
2236080
2239007
2243132
2244358
2254907
2264323
2265968
2267994
2269691
2274003
2286915
2290608
2291415
2293997
2295181
2296707
2300879
2303394
2321972
2325734
2327889
2340375
2342373
2346603
2347705
2354307
2354886
2356829
2357855
2372962
2377936
2391599
2391685
2394149
2419156
2422539
2423764
2423916
2429003
2430949
2435808
2438550
2444687
2453728
2456107
2457625
2462237
2463184
2479086
2483698
2489678
2494989
2502183
2506349
2513414
2518200
2521172
2528588
2531579
2542689
2543810
2546318
2554200
2574792
2580903
2581981
2582376
2592169
2593263
2598951
2599595
2604575
2607588
2608590
2610220
2634920
2637970
2644295
2644918
2669751
2670867
2671291
2673823
2683290
2688044
2689388
2699635
2700487
2707527
2709108
2712785
2713588
2716788
2721062
2731143
2739513
2739562
2747226
2747538
2749318
2750504
2753528
2758555
2783044
2787837
2788522
2789714
2798922
2812420
2821352
2843918
2850281
2868898
2886334
2896387
2899326
2902269
2905928
2913751
2920840
2928070
2934146
2938922
2962493
2962502
2967537
2981193
2982816
2989901
2996076
2998891
3002081
3009291
3012402
3013951
3015780
3016386
3023279
3023461
3038138
3040460
3047720
3054189
3057589
3057815
3058208
3059031
3067119
3067489
3071577
3086150
3087803
3095764
3099244
3100099
3100524
3128637
3133425
3136173
3138606
3162644
3175505
3185981
3189717
3200022
3200094
3203777
3207984
3220630
3224336
3224747
3225202
3233952
3241154
3248446
3249919
3258135
3272684
3278622
3285484
3287950
3288496
3291711
3293735
3297990
3300518
3312602
3314742
3316621
3316789
3319791
3331270
3334839
3335082
3350164
3354955
3360323
3364846
3365582
3375376
3401201
3404659
3427428
3441865
3448980
3468113
3470074
3482693
3485816
3521294
3525192
3536088
3536466
3539931
3551322
3551527
3552036
3564487
3570904
3577207
3584969
3585607
3588350
3589520
3598208
3601817
3604666
3607380
3613627
3619471
3622038
3629117
3639304
3652725
3659411
3659634
3663713
3667917
3670753
3680726
3681611
3682584
3683064
3689089
3692644
3694123
3703994
3715040
3734234
3734448
3736904
3741020
3743334
3747915
3763259
3778081
3780643
3786965
3793777
3797566
3800505
3814230
3839485
3840121
3849047
3857372
3880910
3881933
3890246
3893391
3905819
3915906
3922361
3922589
3937280
3943486
3946962
3949596
3954650
3960822
3968214
3969256
3990565
3991690
4011552
4012488
4016444
4017341
4033406
4034695
4064818
4082423
4084791
4089895
4091375
4106973
4108396
4111818
4116133
4126532
4127785
4135608
4165448
4165634
4166177
4166456
4179302
4180837
4203922
4209489
4211727
4222490
4228724
4229353
4230481
4232699
4232779
4232940
4234714
4234856
4236496
4246243
4250780
4252620
4262899
4263423
4263557
4264306
4264563
4279073
4281200
4282448
4292025
4300657
4315025
4317191
4321333
4328913
4338240
4338794
4345721
4346409
4352111
4361852
4366065
4368750
4375810
4376874
4376934
4395933
4397016
4399849
4399957
4403275
4403503
4404985
4411319
4414513
4414934
4416239
4422347
4425228
4434437
4435225
4440065
4440966
4444861
4445140
4457442
4466339
4473249
4492148
4499877
4502419
4506698
4516162
4516488
4520403
4524194
4527867
4533083
4549901
4555763
4566113
4578547
4582726
4587167
4591001
4592011
4592758
4606655
4609563
4615180
4625908
4639807
4646152
4657948
4667036
4674325
4681541
4681897
4685156
4704530
4712781
4713235
4713685
4717380
4724033
4724412
4729046
4731020
4741158
4742364
4744232
4757971
4758639
4762285
4763444
4770309
4786709
4787100
4788399
4804664
4805658
4807414
4822933
4825772
4827358
4828846
4834367
4842411
4846099
4847649
4848309
4849836
4865935
4870063
4894055
4896102
4898595
4903413
4904877
4906270
4907592
4909168
4915441
4922118
4924660
4926588
4927341
4930077
4930109
4937000
4944589
4945285
4963158
4968699
4970898
4974205
4976086
4978890
4990985
4998254
4998393
4999181
5000710
5011736
5028557
5038238
5041411
5042319
5052083
5058387
5060808
5066760
5073908
5075691
5076361
5097032
5101508
5102442
5107210
5119723
5137994
5143649
5151367
5162552
5171966
5175011
5176367
5178770
5184775
5191419
5194400
5208485
5215801
5217628
5220843
5227978
5228668
5234627
5243334
5244328
5249394
5258311
5277739
5279824
5280024
5293711
5295578
5308621
5309099
5313516
5335555
5350122
5350217
5362632
5370731
5374081
5392154
5397273
5400017
5404462
5405334
5414688
5414969
5420330
5422171
5423308
5424380
5432527
5448622
5454640
5454890
5461412
5461685
5466284
5511345
5513464
5514396
5514638
5527498
5540413
5559007
5566351
5588785
5591003
5595502
5598262
5600886
5610218
5610577
5611933
5624071
5632839
5638411
5643183
5662077
5663113
5663604
5665360
5665801
5667437
5670101
5674736
5677033
5678677
5680333
5687770
5695263
5697187
5708089
5716919
5718189
5722224
5727677
5729948
5734358
5734778
5739151
5750224
5754721
5759378
5766358
5778502
5799050
5808732
5810659
5811949
5818921
5819257
5823955
5826366
5831726
5835637
5850234
5854369
5855846
5856186
5866923
5872732
5880698
5886135
5894564
5905976
5906080
5911172
5919803
5921662
5925216
5926959
5938684
5941182
5951217
5956247
5971247
5971843
5974492
5974853
5975796
5977716
5982757
5994838
6029447
6031784
6038155
6038978
6042926
6043351
6047274
6047786
6060829
6062800
6066375
6069421
6070543
6072132
6078503
6079737
6081780
6082437
6091599
6093356
6101120
6113085
6114183
6115152
6119732
6125057
6140435
6140704
6151530
6153328
6155999
6161417
6169168
6174359
6180184
6181359
6186223
6188532
6190563
6190806
6197551
6203686
6205222
6207119
6216092
6220362
6238735
6239477
6247443
6249033
6256075
6265802
6267323
6293214
6296648
6301140
6319528
6319963
6320213
6320963
6325327
6332561
6344772
6345844
6357444
6357738
6361199
6369895
6377978
6380637
6387559
6406243
6413487
6416754
6418497
6420019
6435633
6435740
6437462
6442247
6452956
6465380
6473722
6482163
6489946
6491212
6492334
6492817
6504995
6507207
6508231
6511030
6516736
6521361
6546087
6558498
6590015
6600647
6604423
6638565
6639838
6640982
6643011
6644125
6645375
6657156
6662863
6667559
6670391
6671646
6675151
6678541
6694554
6710345
6714142
6714410
6717724
6726099
6735654
6744640
6744691
6752316
6757169
6762027
6764596
6770871
6775208
6776182
6786449
6788995
6796301
6800870
6806317
6808968
6824321
6826054
6827368
6831449
6835571
6852396
6855190
6870507
6871771
6907148
6908606
6911885
6914019
6914358
6917339
6918732
6923679
6926180
6931472
6932263
6935269
6936462
6936832
6941357
6945208
6945543
6952017
6954179
6959959
6963142
6977768
6978614
6985118
6987300
6991109
6995211
6997563
7015909
7018996
7020315
7027256
7028366
7029465
7037108
7038582
7044031
7046119
7054437
7064143
7067153
7070169
7071432
7072225
7076711
7080781
7109331
7115016
7123760
7126733
7133193
7142168
7185724
7190455
7193544
7202295
7214616
7217844
7221322
7231614
7235927
7240138
7244805
7249204
7250036
7253640
7259761
7261270
7264817
7266307
7267242
7270126
7270170
7270886
7277461
7279456
7284173
7289388
7291173
7293427
7300796
7316822
7325309
7331174
7334159
7339130
7349519
7357510
7358779
7361817
7365360
7365785
7367804
7368137
7371371
7381110
7382740
7396890
7399496
7400398
7401167
7409379
7412026
7415289
7417082
7417084
7417171
7419683
7435566
7436506
7451723
7457851
7468156
7473028
7483597
7485829
7488926
7493455
7495674
7497303
7503460
7507029
7509866
7539018
7547032
7548701
7587473
7590254
7595609
7599802
7602270
7603920
7611009
7622594
7626797
7630014
7641462
7651044
7659500
7660017
7661345
7662023
7665660
7669244
7679769
7684969
7686813
7690742
7700574
7707908
7715439
7717859
7722022
7723845
7730428
7736920
7744284
7748511
7752776
7763997
7770420
7791126
7798124
7798212
7809536
7811958
7812091
7824260
7851702
7854207
7855508
7859883
7862610
7869782
7875526
7881181
7882275
7886182
7895773
7895971
7899405
7904329
7909115
7930107
7942958
7946108
7950228
7950885
7952707
7964844
7968582
7980143
7995915
8003736
8018230
8021033
8021626
8026105
8029655
8032184
8032236
8038194
8040724
8045602
8049119
8055333
8060882
8063827
8065955
8074325
8079316
8080531
8085721
8095585
8116834
8129017
8130588
8146760
8147576
8150239
8156324
8161776
8164069
8165387
8182426
8190920
8190976
8227856
8230636
8233400
8241631
8244192
8245186
8258441
8266139
8267552
8278253
8280268
8281661
8282882
8289425
8293541
8296536
8299440
8299805
8324594
8326498
8329445
8331540
8339597
8346150
8351304
8351597
8358238
8362765
8367499
8368335
8371608
8388322
8399757
8403533
8403834
8405299
8406166
8432915
8433068
8441736
8453749
8460189
8460841
8468595
8474182
8487942
8488464
8496453
8497736
8545263
8557061
8558075
8560274
8565622
8572661
8577993
8580102
8580354
8594738
8601036
8605206
8607075
8607814
8614359
8615150
8618893
8624602
8633007
8633877
8644501
8656209
8663155
8663579
8664985
8665781
8675057
8686317
8691973
8693223
8700341
8701599
8704084
8710554
8715923
8722060
8743205
8748229
8749375
8751837
8760886
8764796
8776353
8781759
8783743
8788154
8798319
8803202
8815861
8822831
8831643
8833130
8835941
8840666
8843259
8849819
8858360
8858496
8869554
8871801
8874437
8892920
8894160
8913032
8914169
8916271
8922370
8925159
8925588
8926889
8928450
8931633
8936744
8943904
8953842
8955021
8957900
8958141
8962307
8963003
8971698
8972948
8986789
8987590
8997112
9002447
9004866
9010617
9020542
9021036
9023512
9031604
9043333
9049253
9054949
9055181
9055212
9060676
9069030
9077674
9094685
9104731
9105174
9107678
9109077
9109230
9112144
9125764
9130577
9135865
9138368
9139255
9141272
9153097
9154900
9156559
9162179
9175608
9175782
9178388
9179188
9182988
9183920
9184935
9193289
9205002
9213233
9213699
9220031
9223583
9234013
9237166
9245994
9249160
9250806
9258730
9260075
9262153
9263507
9264616
9277120
9290891
9300322
9327302
9337200
9339616
9341327
9342153
9346211
9347003
9353330
9371936
9389746
9394789
9401486
9417766
9420332
9420781
9434937
9439614
9442596
9449194
9453028
9458827
9459129
9466684
9476000
9480824
9482033
9483313
9484283
9492099
9507182
9514840
9519054
9519726
9527197
9531387
9537139
9543790
9544557
9545224
9560913
9572104
9581058
9581519
9583838
9591053
9603109
9605456
9608561
9617176
9620601
9621094
9624789
9625738
9640573
9661318
9667258
9672102
9672218
9675495
9681384
9690110
9690575
9698036
9703758
9704522
9719707
9722365
9723192
9726342
9730936
9733690
9735872
9736769
9746239
9746650
9752709
9757032
9760270
9766399
9769720
9775261
9778684
9779090
9782842
9783372
9801707
9803660
9809899
9815750
9825859
9842163
9846944
9865600
9865723
9871494
9878806
9880962
9881932
9884914
9885777
9901416
9906207
9906756
9933692
9936576
9943432
9944069
9945818
9949762
9952134
9955714
9970236
9978672
9979703
9980778
9995031
9998398
9999814
