3305
9180
15421
16211
17611
17689
26843
33236
36915
53373
63586
65255
68963
75108
75872
82074
83474
89819
94454
100628
108109
121299
123301
144897
155247
182876
185053
191825
219149
219347
227900
230012
238765
240505
241710
246785
250917
266883
266989
267723
273359
277342
278444
279018
281654
289855
301477
306016
316331
324933
328216
332718
354163
361732
375311
380025
392607
394177
397447
397522
398409
399116
408221
413198
417503
425030
425852
427267
427529
430957
439320
445715
455699
463327
468546
470416
473030
474505
478961
479583
483763
496119
501416
504325
514786
521298
523832
532879
538018
538915
568941
579143
579536
585033
600793
605136
612619
613535
618360
620741
621033
633667
634473
640281
643890
645040
646639
648582
648657
651984
660495
660682
662354
667331
679378
682548
686962
697843
706732
719889
726264
726447
731758
736417
742791
745179
764344
771066
771092
772664
776772
783438
794631
797483
798140
799605
802520
805894
820871
830237
831295
840238
840781
843932
847043
849555
856887
859580
867158
872202
872473
878851
884250
885405
887879
901624
906355
913748
914248
915720
915870
935514
950156
954300
960650
967757
978124
1011260
1019356
1019805
1024534
1026504
1039295
1040272
1042987
1047990
1053705
1061826
1062287
1073696
1080411
1107368
1109457
1110240
1116477
1127849
1131567
1137388
1141406
1163139
1168491
1175686
1180560
1182945
1187963
1189339
1193313
1195883
1198902
1204452
1206795
1211499
1212263
1216019
1225528
1227968
1229898
1232174
1238456
1239169
1252373
1257881
1258954
1266576
1273947
1282444
1284072
1290392
1292585
1292743
1293935
1311537
1311947
1313253
1314726
1328284
1333324
1352427
1354514
1357757
1392228
1401527
1415385
1416297
1425477
1427330
1428154
1436994
1440558
1441027
1446861
1449963
1453522
1462450
1473035
1478354
1479250
1483922
1488193
1499698
1508500
1508881
1515755
1527437
1527616
1539386
1557330
1565904
1568698
1581514
1585293
1585738
1590098
1592640
1598903
1611320
1613156
1615488
1617446
1620635
1631032
1678648
1685633
1685641
1685960
1687730
1691346
1694816
1696630
1698705
1715631
1718813
1719831
1727418
1731164
1736600
1738280
1752027
1759856
1761587
1763528
1786008
1787113
1788257
1793149
1794066
1800868
1805527
1805935
1809381
1820261
1825726
1836367
1836895
1844289
1858476
1869586
1874502
1882890
1888181
1888498
1914778
1916378
1922158
1935342
1935959
1965725
1972194
1975557
1983490
1989791
1991278
1991796
2002895
2003151
2006562
2007426
2012034
2026687
2034324
2048855
2059074
2060625
2063431
2065378
2068386
2068941
2079625
2085184
2098886
2104540
2125225
2138039
2139194
2139279
2143739
2155075
2157585
2167983
2170555
2170897
2174778
2180432
2183942
2185825
2200120
2206212
2206703
2208950
2218031
2257793
2258806
2259682
2262898
2264199
2273988
2277887
2282737
2285803
2294734
2295318
2304331
2305533
2309002
2309034
2326701
2329468
2333530
2333760
2339386
2356278
2371053
2373742
2383033
2383904
2384664
2389779
2390378
2397408
2406300
2407974
2412023
2412760
2418873
2419489
2425506
2427492
2449948
2449948
2450371
2455998
2456025
2465379
2485643
2487313
2487334
2493743
2497537
2497589
2501175
2511178
2517150
2521591
2522072
2522805
2523672
2528695
2535917
2541614
2548148
2551046
2553866
2553927
2556901
2560019
2586593
2594749
2605561
2606437
2612000
2620477
2621202
2625209
2634380
2636357
2656066
2657317
2659483
2666962
2669583
2672489
2673145
2674432
2676092
2687461
2693495
2710928
2746626
2748395
2751875
2754306
2756168
2757589
2760006
2774126
2775070
2792894
2800351
2815037
2820475
2820608
2824153
2828008
2837721
2844106
2854634
2858994
2860485
2860749
2862922
2872676
2878783
2889594
2891206
2899565
2909399
2940835
2945319
2954027
2976546
2987241
2994476
2998365
3000077
3002325
3011399
3025143
3026579
3035679
3041301
3048843
3051777
3053703
3059083
3068683
3069238
3072405
3074561
3078584
3080585
3080821
3086604
3090752
3091026
3092173
3092307
3092443
3103304
3106557
3118846
3126442
3150032
3161950
3161977
3165894
3183431
3192501
3203285
3208828
3222494
3240212
3244406
3247096
3249103
3251316
3259186
3259417
3282962
3311105
3320968
3329957
3344174
3351917
3352228
3353866
3368132
3371666
3374685
3388964
3391516
3393070
3395571
3396103
3399246
3400590
3401851
3417203
3419709
3425028
3433042
3433924
3452794
3459413
3462995
3470853
3486049
3488829
3491120
3492857
3496243
3499416
3503326
3506492
3516646
3518086
3520535
3524106
3526640
3531624
3534278
3540834
3542296
3544922
3549299
3556527
3559004
3559633
3561268
3563114
3567182
3572922
3579913
3586494
3596072
3602342
3605415
3613030
3616966
3617998
3625797
3628820
3630644
3633212
3639736
3645334
3648737
3658278
3658444
3659842
3660266
3672320
3674443
3677223
3695519
3696431
3698741
3717437
3731293
3732752
3733228
3741000
3748250
3761899
3765521
3768714
3769440
3778277
3780271
3796436
3800345
3802341
3809808
3821517
3822067
3822130
3827118
3831659
3835085
3840730
3840932
3842819
3850983
3856463
3858905
3859525
3861432
3862132
3871250
3882057
3883318
3889324
3898287
3899525
3917371
3918354
3927558
3928646
3929563
3937584
3940168
3948852
3949334
3955525
3964871
3967643
4002470
4003130
4004495
4012646
4025479
4026981
4043269
4043451
4048243
4056417
4065843
4067722
4069904
4069949
4070137
4071328
4071378
4086214
4092189
4098072
4099364
4101522
4104973
4109237
4110330
4113506
4117472
4132710
4141000
4149004
4158979
4160143
4170842
4171972
4188100
4191672
4196367
4204958
4209210
4218618
4220083
4222990
4228119
4229902
4230897
4234131
4241842
4243272
4245640
4247255
4252630
4257206
4261182
4262380
4274481
4279653
4280428
4290319
4292058
4295526
4304148
4313967
4322860
4334757
4336624
4340231
4340887
4343813
4344511
4352453
4352928
4355049
4364590
4365117
4383025
4385194
4385795
4395429
4418490
4421524
4422449
4425020
4435254
4439305
4446394
4447468
4448390
4451392
4453278
4459381
4461221
4462856
4469893
4477942
4478844
4479715
4481117
4483609
4485001
4486077
4487508
4489234
4499898
4500444
4506499
4518781
4529616
4546198
4555350
4560489
4572424
4578513
4579595
4580576
4585454
4589635
4597077
4598822
4598880
4599248
4605108
4606782
4609343
4617408
4632449
4632841
4649394
4649408
4650933
4654421
4665529
4681526
4700451
4703848
4705829
4708961
4716302
4719727
4725052
4726038
4726576
4728784
4732277
4733390
4735021
4749143
4752398
4770739
4774081
4779459
4780016
4782699
4782874
4783224
4785168
4795353
4796259
4804759
4808012
4808678
4811947
4813557
4818619
4822191
4832834
4836681
4840418
4870680
4872448
4873533
4877410
4892794
4895265
4897903
4899357
4902413
4905281
4906035
4917606
4926395
4927613
4937516
4944892
4951118
4960990
4975043
4978342
4990298
4992919
4996324
4996464
4998937
4999730
5013082
5017811
5019771
5025777
5036666
5037217
5040524
5040561
5043983
5046093
5047839
5050472
5071436
5080620
5101150
5116108
5117859
5120459
5123590
5127099
5128847
5133264
5136358
5136578
5142044
5142546
5146566
5153097
5153232
5156764
5158525
5163446
5165317
5165460
5178310
5185284
5186651
5201075
5201820
5203837
5216998
5219236
5233692
5235727
5237619
5246151
5250560
5252059
5255109
5269968
5272499
5274307
5275312
5283943
5284269
5292035
5292436
5293868
5299857
5300886
5309648
5324511
5327431
5331210
5342880
5343048
5344627
5346199
5348366
5349763
5352071
5352462
5353645
5359893
5360485
5364611
5367332
5382216
5384407
5393763
5394926
5404349
5406823
5412145
5415481
5419334
5427282
5429407
5437014
5439743
5448847
5449886
5451102
5461281
5464680
5480123
5486137
5493165
5502802
5502828
5522674
5530515
5545629
5547909
5562513
5564874
5565228
5566300
5568014
5581170
5585350
5592954
5594454
5595097
5600810
5602337
5603249
5618985
5620639
5658466
5664325
5665482
5667389
5670253
5684778
5689664
5692281
5698895
5700130
5708403
5709071
5713237
5717762
5725090
5736291
5741076
5751738
5754053
5759130
5764838
5803571
5809605
5815355
5823933
5828158
5838306
5839434
5839929
5847250
5853548
5857759
5860230
5860447
5873346
5873756
5895053
5896601
5908397
5910637
5914553
5915548
5935228
5939312
5953882
5960457
5974148
5978368
5982639
5984798
5991846
5996385
6008823
6013543
6013697
6018232
6019869
6029632
6032761
6034427
6048124
6049194
6062144
6064441
6066521
6070843
6072011
6073180
6082481
6084925
6085239
6097324
6110392
6117604
6126547
6136772
6154972
6155010
6159198
6166283
6174235
6186786
6195100
6197067
6202986
6209460
6213055
6224666
6227914
6228700
6237326
6244455
6249251
6259847
6260912
6261375
6271188
6272083
6277888
6283213
6303277
6312031
6325399
6334240
6361728
6376208
6376675
6381117
6383472
6392228
6418800
6434609
6437169
6447593
6448150
6449150
6458869
6466695
6475566
6476514
6476525
6481727
6488486
6490773
6515145
6523332
6526912
6531875
6534726
6538913
6544620
6545484
6557225
6564172
6568075
6590200
6598224
6608686
6611887
6625990
6639778
6644178
6651051
6660186
6661837
6664274
6669364
6679779
6682261
6684370
6688179
6690051
6692786
6695884
6703468
6705113
6705195
6707339
6712169
6719670
6721036
6724742
6732861
6736173
6737547
6740647
6742399
6743540
6753946
6768887
6769345
6772410
6778918
6781247
6786539
6792708
6811712
6813418
6814853
6816209
6824958
6826119
6852942
6858205
6859023
6869822
6870611
6873519
6876405
6886672
6895789
6899074
6925177
6925183
6942046
6943941
6959100
6962423
6966429
6976237
6988061
6992532
7005026
7010263
7019684
7019774
7023545
7035328
7038241
7047308
7047972
7048455
7052602
7056137
7061432
7067995
7076365
7076444
7079043
7082830
7090839
7099624
7099671
7101082
7108057
7126466
7128847
7129453
7130413
7130495
7130663
7137162
7150339
7152277
7166873
7185022
7188943
7190878
7195982
7200005
7201949
7204445
7213174
7213604
7214455
7214586
7215627
7218974
7225822
7227262
7230801
7232077
7246511
7256918
7263606
7269008
7279537
7279787
7283665
7286321
7294552
7300717
7305657
7316160
7327199
7330412
7334000
7342521
7349969
7357333
7357491
7358998
7359808
7371305
7372735
7381420
7383199
7387001
7388220
7396856
7396923
7413774
7419541
7427448
7430582
7439712
7445208
7447995
7455960
7458318
7463043
7463257
7472646
7476820
7481190
7482701
7484096
7486321
7487800
7490117
7490279
7494498
7503930
7505456
7506439
7508670
7512249
7515394
7520817
7523817
7526254
7526442
7527847
7529778
7537830
7541754
7546507
7558935
7560336
7562297
7566719
7572392
7575684
7577016
7577094
7594899
7596165
7598818
7614252
7622762
7634636
7635036
7650633
7655893
7657856
7667405
7677795
7680370
7684989
7705491
7717553
7718641
7719209
7731426
7732158
7734071
7738627
7744823
7752432
7754761
7780798
7782432
7792773
7798163
7817111
7819372
7822713
7826375
7829833
7836145
7836874
7841947
7846254
7846681
7868173
7870491
7871677
7872030
7872167
7890159
7895946
7908128
7909083
7910211
7910797
7913400
7919620
7931353
7935079
7936246
7936818
7950392
7955232
7970513
7981622
7987206
7989683
7996020
8001943
8012363
8013969
8016388
8016975
8022897
8027261
8031274
8041488
8042935
8047199
8050347
8051855
8059686
8061189
8061248
8065195
8077244
8096987
8097086
8107075
8108776
8109641
8111558
8117116
8120064
8131365
8137549
8146972
8149524
8159610
8165978
8166046
8173817
8177648
8190690
8195967
8201759
8208651
8220503
8248419
8259723
8271199
8273703
8288181
8288869
8295151
8295904
8307227
8315500
8326223
8327084
8327517
8342799
8345988
8357539
8359676
8366887
8376939
8378709
8381359
8392040
8394253
8401021
8406618
8412773
8419568
8422173
8422599
8426840
8439117
8443485
8446323
8449015
8451448
8464022
8476919
8481500
8512164
8516249
8528430
8535522
8547885
8549943
8556756
8570017
8572585
8577490
8583302
8589905
8591040
8598584
8612836
8619002
8630635
8633504
8637925
8639232
8648095
8656346
8656615
8658194
8660303
8665240
8669228
8682587
8686088
8691011
8691434
8712172
8730582
8737033
8737833
8744893
8768225
8781178
8786029
8789100
8789254
8796484
8797789
8799452
8811796
8814370
8824014
8825538
8826120
8845397
8851267
8854412
8856012
8866184
8868290
8873155
8878498
8891170
8892677
8901978
8903590
8904882
8906601
8908442
8908953
8923477
8924746
8928954
8942413
8949212
8951795
8952250
8958019
8961385
8967803
8971845
8979737
8980496
8991385
8997830
9005620
9008079
9013442
9015697
9033940
9037142
9041466
9045135
9050232
9054618
9056706
9080902
9114626
9123637
9136196
9140051
9153840
9155943
9163718
9171044
9183222
9184822
9187875
9194420
9194566
9201112
9202459
9206085
9210262
9224167
9232748
9237820
9241425
9241821
9249156
9263833
9267173
9271030
9271675
9272873
9275903
9292128
9294830
9300480
9310618
9316454
9335353
9342222
9351024
9354544
9357273
9357800
9358415
9362064
9382259
9398225
9416590
9422163
9423820
9432028
9432752
9454626
9463652
9473345
9473479
9476785
9480553
9490001
9498418
9502395
9507378
9518964
9530540
9531315
9533234
9534562
9538710
9541820
9545863
9566749
9569563
9574663
9581309
9588320
9608897
9615748
9617077
9624127
9626820
9633385
9636563
9654578
9658654
9661419
9672191
9676719
9678763
9686249
9699267
9701882
9713314
9713463
9719433
9719795
9721439
9723664
9733920
9742169
9751404
9757029
9758243
9774068
9780409
9780620
9786260
9786833
9788076
9803501
9805800
9809833
9820079
9824880
9827943
9833047
9833316
9839410
9841056
9851660
9856638
9857682
9863065
9872635
9876157
9876478
9882538
9884347
9901513
9902152
9909082
9915154
9924147
9926010
9932797
9936770
9942642
9944739
9951412
9953173
9959156
9963433
9965795
9971096
9999785
