7311
29197
29935
55350
57402
59830
62620
66692
73764
76281
87157
93433
99482
103504
114419
119439
121547
139823
141916
146572
150892
151280
151748
161641
171538
175919
184874
190972
193664
193880
195054
196931
215158
223404
240855
254494
255031
262064
271353
273207
279688
293487
301764
310048
312172
313729
319148
333755
334444
338561
342914
351237
355828
357679
362819
364366
364899
370618
375217
380166
385882
387406
393270
404067
405482
409823
410687
427331
433227
435485
437427
438243
441334
449396
452239
458305
459034
464247
469532
469812
484065
486789
499924
502905
511286
523154
531152
533775
541001
546348
552847
560138
561054
572310
573623
573972
574911
581564
586032
586729
591859
592885
594584
594620
607374
612052
618345
635171
636974
638016
639324
652851
669840
671049
694751
694813
707396
713754
719976
725775
726316
730075
730885
746937
772287
775021
779900
787967
794823
796037
801286
804463
828099
828768
833956
836562
840006
842992
855411
868953
869149
871591
874519
886400
887401
888602
901542
905563
907912
910370
912994
914774
927111
928287
944342
947365
970357
985401
988852
989139
996813
1004206
1014235
1016926
1027143
1044444
1048422
1062064
1065971
1074264
1089160
1091316
1102941
1104823
1106068
1108377
1108998
1117794
1119233
1127105
1134516
1139778
1139824
1142994
1143662
1147510
1149643
1149657
1150706
1152168
1154460
1157167
1159144
1160176
1161668
1165058
1166475
1168287
1184150
1185035
1186539
1200570
1206199
1206984
1209188
1211385
1213171
1222688
1237046
1240419
1246844
1248899
1252570
1258789
1271235
1271384
1284466
1284876
1288684
1291833
1301225
1301361
1320334
1322548
1327190
1331712
1340560
1342161
1348478
1351723
1351723
1354246
1358766
1360013
1363731
1364674
1367206
1370095
1373038
1377370
1379895
1383398
1390382
1396287
1400673
1403424
1418096
1427692
1430041
1437212
1441079
1441958
1446431
1454287
1457946
1459111
1463012
1467401
1480890
1481666
1497217
1507102
1517062
1528872
1530855
1553221
1582065
1584872
1591821
1594269
1597938
1600707
1601025
1605236
1629220
1631278
1636099
1639577
1639699
1642350
1647645
1651333
1653845
1655545
1663520
1672581
1677873
1678573
1683739
1694965
1703681
1715791
1716392
1722592
1728310
1728538
1733367
1734046
1737732
1748797
1752717
1754197
1757573
1760509
1768253
1773015
1791011
1791966
1793137
1795959
1796574
1801030
1801984
1806775
1809448
1819475
1821178
1829621
1844954
1849736
1851648
1853837
1856813
1860735
1869018
1872616
1872995
1877885
1893851
1897214
1899765
1902507
1909844
1911926
1915942
1933490
1935384
1935535
1939413
1953094
1961574
1963839
1967979
1980785
2007011
2009893
2025104
2027746
2031008
2039786
2040749
2047383
2054999
2059133
2066035
2076015
2077301
2089672
2102810
2105897
2107765
2117254
2144513
2148595
2152599
2153083
2161238
2181850
2192317
2193390
2202991
2210892
2216339
2223366
2227481
2228132
2242703
2251961
2264652
2265066
2271561
2277120
2278622
2281695
2291822
2293148
2295975
2298635
2300232
2308473
2308756
2316336
2321371
2322949
2326009
2339339
2348434
2355040
2361889
2363688
2367173
2367756
2379345
2382785
2393113
2405155
2406127
2407656
2415219
2429778
2435165
2442408
2458205
2462311
2466853
2468382
2470964
2493239
2493934
2494605
2497195
2501114
2502639
2511258
2520916
2522054
2523533
2530514
2555870
2560197
2579633
2582948
2586998
2592649
2593789
2596745
2611797
2619421
2622474
2626471
2628679
2631213
2632644
2634869
2636131
2640594
2647122
2649477
2651369
2653977
2657798
2660589
2665743
2667091
2667102
2678036
2678047
2682786
2692376
2693517
2694006
2699373
2700098
2703667
2708234
2708264
2717157
2727635
2733135
2734081
2734397
2743486
2743868
2751763
2769139
2790356
2798482
2804029
2810834
2812132
2815113
2820215
2837356
2848847
2851084
2860079
2876356
2878499
2885335
2887975
2899114
2903531
2915080
2929631
2932607
2935513
2936826
2941868
2948628
2957083
2961597
2962608
2966859
2968001
2982498
2986265
2992027
2997626
3000557
3006016
3010175
3015316
3026754
3031197
3037003
3042516
3047736
3050230
3060993
3066085
3070058
3077281
3078622
3089330
3092521
3110499
3112416
3114229
3120865
3127527
3127933
3148882
3155686
3163609
3164007
3165095
3175067
3175444
3177740
3179055
3194334
3203122
3211613
3218945
3221419
3236020
3241928
3246281
3246948
3249681
3250047
3267095
3267628
3276379
3278148
3280775
3282381
3285469
3299194
3314639
3334903
3335230
3335943
3336423
3344117
3348480
3349568
3350947
3357564
3358048
3361538
3373146
3389157
3392209
3396167
3408160
3418450
3426875
3437350
3447757
3450166
3457966
3485383
3493900
3506557
3506834
3508974
3524196
3542704
3548432
3563158
3567675
3571303
3574421
3574519
3589450
3593717
3599040
3601647
3623465
3624220
3625684
3629395
3632439
3637632
3646075
3646897
3652261
3663519
3684497
3691379
3718258
3718895
3718928
3719217
3719408
3721691
3723790
3724650
3725162
3731307
3736722
3738763
3739964
3755427
3757168
3759231
3768814
3769641
3782171
3782698
3788307
3803738
3807462
3813214
3829532
3840187
3846405
3854862
3855784
3867020
3873625
3882564
3885557
3895946
3897238
3909145
3925374
3926751
3929049
3932548
3936482
3940616
3948887
3953867
3959318
3960167
3964884
3979568
3989809
3990700
4000830
4016754
4025196
4032306
4051310
4054235
4069956
4076611
4079616
4081082
4085490
4093302
4093656
4096455
4103237
4109082
4114129
4121659
4129893
4142047
4179591
4187429
4191171
4196377
4201206
4223482
4230232
4233936
4240644
4241777
4242282
4257819
4259113
4267981
4273643
4276397
4281866
4282563
4285553
4285705
4286665
4288027
4288726
4290557
4298960
4300274
4302142
4303204
4314895
4316000
4317533
4321111
4339432
4341932
4343848
4347318
4355101
4355740
4357350
4362136
4366635
4368101
4370322
4380912
4386945
4398703
4399186
4400627
4409144
4409152
4409309
4420355
4447317
4458466
4460273
4463076
4492172
4495707
4496686
4498300
4501913
4503920
4507275
4518496
4531646
4533185
4533542
4538072
4543477
4545784
4548992
4550838
4551574
4556340
4563729
4569529
4577932
4580719
4581753
4582796
4584281
4586083
4586592
4590663
4595776
4602541
4608515
4611400
4612605
4621353
4637997
4638162
4638635
4639639
4651988
4653304
4658804
4659505
4661695
4668990
4671825
4672798
4674424
4681002
4681301
4703850
4704006
4714805
4715700
4720805
4725358
4727934
4737870
4738936
4743773
4745688
4754413
4755135
4759416
4779297
4781449
4782225
4796315
4799691
4807018
4810919
4817098
4822495
4824767
4827301
4828350
4834585
4835363
4838051
4843473
4844772
4850892
4852296
4852526
4858728
4867803
4869048
4869548
4872878
4885805
4890403
4896836
4897176
4902245
4903558
4904724
4907693
4907998
4917768
4924858
4927951
4933135
4943091
4953744
4958346
4968332
4969822
4971290
4986195
4993978
4995107
5005541
5009340
5015845
5023272
5029282
5043627
5046636
5049175
5054005
5058657
5074657
5077731
5084298
5084323
5085437
5089027
5102676
5108022
5113229
5121083
5136408
5141295
5144154
5150007
5156010
5170553
5172585
5177568
5177940
5196432
5196544
5201243
5203345
5210988
5212097
5222870
5224322
5227665
5230017
5240782
5243960
5246507
5247062
5266561
5270618
5271168
5296315
5297370
5299719
5300906
5310643
5314297
5322711
5334588
5334781
5339505
5340858
5352466
5362988
5370126
5370756
5375222
5381290
5390423
5405217
5419034
5426582
5429037
5431209
5433017
5460867
5461948
5462922
5469244
5475342
5485853
5493511
5495008
5509148
5515995
5533887
5534866
5543200
5545063
5555394
5566377
5570332
5582983
5585695
5590280
5591559
5600439
5615129
5621726
5636946
5639082
5658536
5669038
5671191
5680149
5683771
5687815
5696732
5703225
5710474
5718814
5729361
5733558
5740444
5741818
5742275
5758813
5765692
5769888
5773508
5773650
5774593
5780483
5782348
5787352
5787601
5793056
5794845
5802938
5809154
5817864
5821326
5828738
5836168
5839378
5843108
5849699
5849731
5853368
5853654
5862574
5865357
5867465
5872596
5893498
5899582
5916352
5918832
5919195
5945592
5945762
5952528
5961248
5977925
5986070
5997831
6005689
6011119
6018668
6026874
6031022
6044320
6050361
6077589
6085029
6085429
6086833
6089550
6096322
6098775
6107036
6115149
6116694
6134720
6141721
6145934
6147001
6147702
6148263
6153151
6153161
6157534
6166126
6167091
6167798
6168343
6169536
6169817
6176988
6183075
6192176
6197543
6203824
6213684
6213718
6220870
6227108
6229545
6230869
6232950
6234214
6244258
6246854
6251336
6257652
6261032
6262657
6262696
6305851
6313846
6315442
6323550
6336013
6342993
6345912
6348942
6355105
6357301
6357661
6359274
6368267
6369257
6369717
6369923
6373610
6373684
6373898
6381398
6382859
6388629
6391473
6394142
6397416
6398541
6410228
6418947
6423717
6424813
6437221
6444236
6448499
6451607
6455690
6467052
6472087
6472271
6474474
6488219
6493911
6496741
6498072
6503513
6507796
6514084
6519472
6531988
6545015
6548585
6549484
6554786
6560155
6563249
6574266
6574637
6580371
6585620
6589225
6592180
6594478
6598891
6616474
6620072
6621211
6635691
6640791
6643734
6649134
6656215
6658098
6664254
6668610
6669612
6677267
6680990
6682356
6686877
6694239
6701841
6711754
6725209
6725603
6726828
6728624
6734970
6749767
6758805
6760647
6769210
6772267
6773669
6784124
6811723
6824019
6831218
6836590
6844281
6854655
6864527
6874333
6884106
6884199
6885670
6890995
6892137
6894643
6896598
6905665
6912291
6927821
6928213
6941687
6942560
6942817
6966097
6967039
6968928
6971272
6971814
6981336
6987794
6993767
7004158
7009807
7015156
7015444
7027148
7030774
7032170
7045729
7051049
7055537
7068838
7069710
7072347
7072393
7077836
7088804
7093946
7096906
7099566
7103770
7107768
7113662
7114759
7127576
7134218
7150969
7170071
7170269
7185760
7186604
7191172
7191430
7196329
7210681
7212287
7213494
7231896
7240536
7240573
7245240
7248113
7251263
7253422
7253869
7262000
7263837
7268884
7271550
7278827
7279412
7282880
7283531
7285592
7287758
7289837
7290324
7293560
7310312
7310743
7313077
7325090
7327115
7336362
7342275
7345764
7348572
7349104
7364785
7364863
7365594
7370328
7377537
7377735
7383692
7388589
7389065
7394964
7422945
7424302
7431027
7433989
7435827
7444472
7456852
7457427
7465623
7468552
7469140
7473897
7499806
7508618
7509143
7517188
7523936
7538855
7540501
7544884
7547511
7554592
7554982
7582025
7584418
7590642
7591160
7595821
7596245
7597448
7601392
7603448
7611023
7625859
7631822
7637040
7642190
7643712
7663889
7665668
7677357
7678886
7698185
7710684
7719936
7721786
7722795
7730288
7741416
7741573
7747560
7759321
7761429
7770260
7771891
7779268
7780363
7785042
7788402
7791995
7795042
7796246
7804710
7807491
7813989
7816502
7830912
7832269
7849218
7852409
7855547
7866738
7898065
7901842
7903706
7907123
7911288
7912015
7912814
7914041
7914221
7934922
7941066
7942497
7946151
7952058
7955825
7963847
7964843
7969089
7973529
7975541
7986070
7986453
7989885
7995374
8022303
8023372
8024494
8030763
8032591
8038573
8050978
8052012
8061700
8064443
8069938
8074351
8092620
8095637
8098183
8104683
8106038
8121697
8122565
8125426
8131436
8132150
8134709
8138368
8144078
8150804
8156737
8157946
8165640
8169872
8176712
8177448
8178022
8193556
8196489
8199775
8201565
8208747
8217903
8218358
8231197
8231225
8238884
8243352
8244492
8244630
8249363
8263836
8266235
8267320
8272915
8277212
8282406
8283075
8287723
8290417
8295615
8306869
8309883
8316475
8322880
8324974
8332788
8334683
8337642
8351105
8351270
8358156
8361226
8362036
8365863
8371260
8390275
8392055
8401009
8412978
8416823
8421691
8421836
8425828
8425833
8429864
8430746
8437864
8439039
8441898
8450556
8452176
8461526
8463077
8465822
8469623
8480530
8482989
8485502
8487906
8490667
8520284
8523701
8524858
8525847
8537785
8543452
8547124
8555025
8556016
8557445
8599831
8602110
8607984
8608477
8612204
8628245
8629060
8633477
8637863
8640151
8667894
8668233
8668488
8670258
8676858
8687617
8689649
8725613
8726944
8729513
8730285
8746478
8752518
8753191
8780651
8782431
8793234
8793581
8795221
8807811
8817601
8821152
8822180
8831496
8835398
8837267
8851666
8851695
8852006
8852427
8856163
8858979
8859385
8860619
8860813
8868687
8875958
8881982
8888422
8892440
8892481
8895813
8896982
8909549
8915279
8915374
8917789
8918215
8923018
8927028
8928655
8929628
8932478
8939940
8950968
8954234
8955833
8960890
8969784
8971301
8976806
8978601
8979258
8980402
8987417
8991063
9004382
9007642
9008328
9009661
9013561
9013916
9020087
9029244
9029343
9032242
9046331
9061321
9066024
9079332
9094772
9099202
9132073
9140631
9145556
9148356
9149324
9157284
9160924
9167571
9169723
9173751
9174072
9178220
9178674
9187020
9190713
9192384
9209010
9223653
9225921
9230161
9236795
9244975
9255597
9291058
9291174
9295237
9304310
9305217
9317151
9331057
9332947
9335439
9338802
9365941
9366566
9376187
9378072
9385664
9387833
9409326
9425309
9428998
9458324
9464751
9470601
9494446
9504070
9507245
9512954
9515694
9518401
9518405
9540071
9541365
9542166
9549156
9552345
9553563
9553640
9555058
9568472
9581239
9594619
9616611
9618479
9621444
9631482
9643972
9645557
9650403
9652129
9656428
9656836
9657989
9665296
9674685
9699563
9703497
9704487
9714665
9715242
9719852
9735657
9760168
9767170
9775780
9786320
9800680
9815416
9821730
9822337
9825643
9841806
9848660
9849560
9858212
9860085
9866883
9881089
9886753
9887644
9897630
9898263
9899492
9899716
9910948
9911797
9914201
9914639
9930020
9932708
9934452
9944299
9944741
9945961
9961042
9975572
9975623
9981533
9988533
9997935
