2382
6186
16917
18201
25316
26714
28515
30223
33220
35841
37719
45210
53313
56940
57873
67275
75461
82829
84400
87198
89514
97961
101688
102532
108772
110516
110983
111617
114514
118970
127304
129898
132607
132862
134532
135757
140790
157402
158606
161947
168012
169382
170201
173368
175625
180461
183751
190587
191202
200090
200399
205704
209693
217285
221629
221986
222317
223843
229572
230444
230724
238551
239594
241021
245457
247006
255219
257065
279360
279368
281230
288290
293240
298545
300576
303679
305976
308904
310498
312130
314078
317230
321105
329690
331470
336371
336665
344933
345917
349999
355868
356601
357047
366250
368917
372312
377689
381814
391763
393614
400015
401304
402597
407316
407985
410226
410374
415487
422681
422788
434344
442983
449184
451292
461491
472611
480448
484335
485665
491147
492901
495482
499928
506269
515632
518250
521792
525370
530912
531045
534014
543024
546418
547346
548065
552430
552873
553829
554299
555903
559834
561321
562044
562071
563216
566128
566483
567323
577794
578430
579648
582185
587539
589377
591052
592441
594201
595536
597523
600389
601893
601998
608531
613994
616932
624713
629145
640671
648730
654944
655861
658753
660775
663435
664851
671082
673245
676474
676492
676918
678107
679964
681959
683137
686778
697064
697305
699199
709320
711035
711788
715189
717709
719338
730100
730933
732752
736728
739699
741101
755533
767056
770888
773352
778833
780970
781302
781687
782382
784043
784176
792852
794036
795374
800165
801670
806179
823386
831460
833667
840182
840364
844825
848107
853483
855521
857908
871899
875442
880788
886933
890010
890817
892320
893656
899606
903165
905698
907565
910891
912731
912902
917199
917276
917463
919517
931959
947293
948540
949343
953006
959556
960267
967725
976935
989544
992308
996350
999581
1006727
1008996
1013090
1014675
1015224
1023299
1031606
1036227
1044135
1055542
1063169
1066002
1067292
1069361
1073208
1073913
1075647
1076942
1087781
1089927
1092137
1092551
1093168
1094385
1105999
1123264
1124219
1129805
1137866
1137983
1140343
1146597
1147987
1149521
1161379
1169049
1171031
1172026
1184643
1187624
1189229
1194899
1204035
1214956
1217792
1218287
1219541
1221036
1223089
1224342
1229633
1233090
1237371
1238066
1248113
1254463
1271754
1273234
1274055
1281498
1286528
1291300
1304277
1304618
1306231
1307463
1309780
1312320
1313517
1314640
1321472
1323164
1331988
1336217
1339376
1340248
1356014
1359022
1372761
1381548
1382700
1386402
1389566
1392101
1399983
1401222
1401623
1413496
1414603
1420269
1431470
1433429
1435643
1437159
1437281
1441407
1444658
1450535
1451246
1457172
1457445
1457558
1457818
1460081
1461304
1468501
1473584
1476785
1480620
1480799
1485787
1485995
1487103
1501123
1503403
1504650
1511293
1515112
1523971
1531717
1533137
1538290
1539537
1547337
1556807
1557049
1563335
1564886
1565361
1570851
1574570
1586892
1587771
1593844
1594058
1596203
1602681
1603226
1614648
1620038
1620142
1620508
1621866
1622452
1622833
1624605
1626990
1627493
1632251
1633455
1633723
1636149
1638649
1645444
1646529
1648877
1654925
1661953
1663650
1671950
1674126
1675004
1675171
1679391
1684156
1687181
1697220
1699264
1700108
1711984
1716726
1720047
1721990
1722553
1727308
1745451
1748744
1749862
1750114
1757420
1759111
1764023
1767181
1768158
1769412
1772842
1775577
1778622
1778870
1779604
1785631
1785875
1790725
1804690
1811958
1812801
1825531
1827347
1831671
1832162
1832596
1835658
1843901
1846707
1850201
1853366
1854257
1868669
1869079
1873564
1874989
1880259
1883538
1886813
1887030
1893589
1894488
1899179
1901503
1905750
1910761
1913714
1915508
1916051
1918923
1918939
1919735
1923913
1932484
1936753
1939440
1948803
1951290
1953581
1965879
1968160
1973869
1975675
1977073
1978425
1985290
1988658
1988812
1989577
2003704
2003914
2029653
2036318
2041198
2057417
2057438
2057742
2060964
2065680
2066704
2068009
2069450
2076091
2084510
2089339
2092975
2093026
2102250
2102800
2109825
2112942
2117130
2124257
2129134
2139607
2144058
2148368
2152116
2156162
2157346
2158765
2161646
2174777
2179321
2183393
2190077
2193554
2196330
2201750
2206228
2214415
2220876
2230391
2230712
2231824
2233913
2234298
2235124
2240237
2241467
2241772
2242505
2248111
2248432
2249455
2250339
2261000
2262013
2263767
2264458
2266182
2269749
2272663
2279818
2280361
2283143
2283292
2283802
2286001
2291020
2292359
2296018
2296251
2296658
2296762
2297121
2307841
2317469
2318399
2322142
2331285
2331964
2332359
2350167
2350168
2363239
2364614
2365427
2372472
2373882
2377835
2386948
2395414
2406338
2411727
2413093
2417448
2418742
2424285
2426143
2433452
2442469
2449769
2453219
2455346
2463241
2466215
2469153
2469574
2478611
2484119
2488060
2492489
2493938
2499494
2502244
2502996
2505032
2511624
2513422
2517309
2526807
2527784
2528354
2528573
2530082
2544090
2548465
2554245
2555014
2556827
2563635
2565852
2566461
2571408
2576494
2577589
2578651
2580484
2592950
2608537
2609555
2621883
2623171
2625628
2626321
2629877
2634731
2638348
2645737
2649374
2662655
2663580
2664255
2664680
2666046
2669081
2674080
2677755
2681549
2683974
2684364
2687673
2690116
2691739
2695239
2696393
2697264
2698446
2699346
2702440
2708832
2710181
2711842
2725652
2746114
2749388
2751626
2751644
2755096
2762943
2772464
2775049
2775193
2779341
2780546
2782273
2783217
2784112
2786899
2791250
2793778
2798258
2798732
2799385
2809268
2820376
2829916
2841924
2844608
2849586
2852832
2875170
2876508
2877113
2883019
2886274
2893309
2895595
2904292
2911548
2915021
2915965
2917066
2918785
2920838
2933914
2935086
2936477
2941826
2944326
2947887
2951246
2952605
2959317
2961095
2962716
2966226
2966312
2976970
2983598
2990067
2993118
2999066
2999300
2999428
3002306
3006608
3008081
3009735
3010413
3022212
3033033
3033063
3041424
3062071
3063681
3072400
3076804
3078043
3081073
3084869
3089805
3095677
3099984
3103135
3104415
3110129
3111604
3115417
3117930
3118955
3124636
3124918
3126381
3128660
3137049
3143205
3143269
3144879
3147482
3148882
3149804
3165417
3166185
3166250
3169091
3173287
3182719
3190677
3191912
3194660
3197305
3197533
3197808
3205686
3207309
3207454
3209816
3213694
3215940
3222718
3226754
3230618
3236278
3237625
3246300
3247691
3251334
3254940
3257426
3257650
3258762
3273461
3281777
3285934
3286091
3287020
3288542
3294282
3296993
3303639
3311168
3313387
3318652
3319145
3321543
3321725
3325746
3327799
3337278
3338127
3338290
3347623
3357732
3358287
3360648
3363236
3365266
3370617
3377661
3383247
3384233
3388206
3390101
3391178
3392186
3394554
3400735
3402889
3404620
3408494
3413518
3414039
3414590
3418024
3425591
3426224
3428264
3431985
3439740
3448573
3452505
3454638
3459020
3462987
3464348
3464753
3472420
3475614
3479693
3481438
3487834
3490836
3492577
3495253
3499119
3500780
3505891
3513633
3514002
3514663
3516022
3520433
3521775
3530629
3542547
3544491
3551696
3552309
3557114
3557584
3560950
3561607
3565197
3567124
3567834
3590319
3595761
3597868
3598104
3601834
3625677
3631919
3635622
3642938
3647677
3650662
3650954
3654823
3655675
3660010
3662888
3667086
3677877
3680983
3682513
3683584
3689077
3690518
3695307
3699142
3712211
3713118
3714705
3717814
3720839
3722504
3723444
3733928
3733944
3734017
3739130
3743401
3745310
3757285
3760189
3763360
3764135
3765794
3767843
3772136
3772698
3774960
3780347
3782262
3783519
3787278
3788511
3799643
3801346
3801973
3808920
3818205
3823909
3824026
3826754
3828328
3837153
3840122
3840483
3842572
3842779
3847816
3854253
3858561
3861765
3862687
3863237
3863618
3864624
3873734
3874181
3879423
3879797
3897000
3897397
3900227
3910202
3915575
3916745
3918967
3934006
3935071
3947999
3951028
3957588
3968270
3968517
3972925
3981714
3988831
3992118
3993153
4002684
4010004
4012022
4012173
4013781
4019314
4024270
4027528
4033495
4045096
4051289
4052454
4053036
4062614
4063372
4064382
4066535
4076252
4078088
4079577
4080713
4081309
4083213
4084441
4090379
4091188
4091290
4094831
4099169
4099343
4100587
4100608
4104116
4106184
4107258
4109508
4120977
4126164
4134772
4136048
4137372
4139993
4143774
4151506
4151982
4159501
4165525
4166959
4173774
4183614
4188205
4188924
4191740
4212024
4213554
4221468
4222886
4223685
4229883
4230201
4230975
4235412
4241385
4245470
4245667
4250358
4252743
4253149
4256258
4259639
4262803
4267301
4267803
4273540
4274593
4276795
4280678
4281129
4281183
4283718
4285416
4312532
4312586
4323395
4325933
4328172
4347058
4347556
4347667
4350270
4350505
4355580
4358261
4359271
4361691
4364530
4378802
4387320
4389967
4390440
4390584
4391269
4394471
4397426
4397561
4399778
4400231
4403725
4406660
4418639
4422851
4426635
4433613
4438772
4443316
4444480
4444763
4460675
4463962
4467488
4476601
4476767
4482002
4483935
4488129
4490208
4492939
4504144
4504877
4507134
4508933
4511862
4516278
4516916
4520504
4524343
4534641
4537592
4549028
4556754
4558428
4559004
4561037
4563852
4567332
4571101
4572778
4577355
4581670
4587984
4588442
4595475
4599480
4602752
4606089
4606345
4608082
4609694
4610867
4621306
4631535
4633063
4633773
4647124
4647276
4648004
4652550
4654024
4654350
4657892
4658049
4659198
4663664
4665773
4669910
4670462
4673944
4674180
4685813
4686112
4686818
4687450
4689141
4698886
4700607
4701261
4704191
4707529
4709415
4712936
4716002
4716375
4729323
4731241
4756908
4765347
4777934
4778057
4778198
4783474
4783680
4785021
4787189
4788640
4797542
4800025
4805008
4809521
4813129
4818764
4820508
4827244
4829494
4836500
4839885
4845057
4848784
4856301
4857200
4860321
4860643
4863995
4865751
4869722
4872896
4878072
4881831
4882836
4884828
4884939
4886641
4891033
4894066
4904269
4905796
4905969
4921728
4923082
4928900
4930941
4938845
4939296
4941857
4944702
4944861
4945704
4947213
4955436
4958533
4963813
4974858
4981057
4981876
4982048
4983418
4989270
4990284
4992815
4994923
4995891
4996291
4997148
5000231
5007876
5008813
5013700
5014533
5021690
5021989
5022692
5026447
5032558
5035295
5044658
5044940
5045584
5049699
5051029
5054685
5061055
5061516
5067598
5070326
5070504
5071046
5072102
5074707
5079092
5080819
5086225
5089091
5095885
5100526
5102287
5108356
5112150
5125664
5130531
5134844
5135475
5138976
5139902
5142541
5144743
5148770
5149165
5153853
5154896
5155883
5156098
5162081
5162527
5165861
5167003
5172357
5173222
5188266
5190669
5199785
5201210
5205752
5207291
5211222
5214248
5219623
5222707
5234287
5236645
5243577
5260855
5262572
5265588
5266822
5268564
5271163
5278087
5278348
5279940
5283207
5289535
5292056
5298645
5303917
5306916
5307919
5317119
5318278
5318619
5319717
5321266
5321895
5332610
5334690
5337234
5344940
5356280
5359258
5363672
5364399
5366132
5367220
5370189
5370441
5378812
5382520
5383665
5385457
5386590
5393021
5398173
5398937
5402007
5404538
5406487
5411872
5413860
5427019
5429244
5432100
5436899
5437235
5455577
5462541
5464959
5465531
5465589
5465806
5466450
5466804
5468633
5469640
5469973
5470329
5473050
5473953
5476780
5483323
5484311
5492198
5498745
5500373
5503031
5504333
5506992
5507467
5510172
5513046
5514644
5516365
5522670
5525269
5531457
5534909
5535145
5545290
5548017
5549454
5551277
5553148
5553210
5561399
5563786
5564944
5571345
5577874
5579091
5580888
5598619
5602538
5608589
5610955
5615767
5616645
5625739
5639862
5643074
5646052
5647190
5649325
5655318
5661683
5668859
5669403
5672136
5674617
5674819
5675007
5677738
5679263
5680664
5682526
5686166
5686463
5694735
5700865
5712283
5712330
5713643
5720476
5724287
5726190
5731310
5732438
5733255
5735861
5738417
5739592
5741971
5743108
5743466
5743809
5745995
5746893
5759206
5761560
5764247
5765085
5765745
5772529
5774175
5778675
5786365
5789589
5795426
5798039
5799324
5804557
5808152
5809526
5822584
5823071
5836183
5839636
5841670
5845631
5845730
5847503
5852398
5852529
5857850
5858856
5861609
5871721
5877050
5887035
5889586
5901081
5901293
5904145
5914182
5915166
5918999
5919040
5923995
5926814
5929695
5934162
5936237
5938381
5940722
5940970
5941292
5945569
5949406
5952547
5952688
5953957
5960820
5966513
5974510
5975263
5979732
5980333
5982492
6003182
6006631
6007872
6008756
6009453
6014894
6019724
6023647
6025112
6028095
6034292
6040856
6043333
6045259
6050329
6050734
6052775
6053094
6055662
6065223
6067781
6073444
6074082
6077790
6078996
6082173
6083507
6085350
6085886
6088484
6094191
6097732
6102867
6111017
6112123
6127928
6127965
6129947
6134019
6144897
6145037
6146054
6149932
6150426
6153876
6154243
6158462
6165557
6171224
6172617
6174347
6176704
6178910
6180023
6181853
6188069
6188158
6188588
6196337
6201220
6206485
6207761
6211324
6211588
6216588
6217014
6220462
6222996
6226579
6226590
6228158
6247215
6248959
6248984
6255894
6258112
6267496
6274768
6294345
6296165
6296948
6299774
6304520
6304536
6307281
6307681
6307826
6310893
6318478
6326005
6333335
6333608
6335174
6338562
6340673
6349157
6350746
6358611
6361602
6366861
6367564
6369976
6370971
6371894
6377940
6378072
6378960
6379127
6382669
6384332
6384510
6387795
6390305
6393494
6394859
6400397
6402640
6403399
6406916
6414091
6423066
6424484
6426601
6439409
6439658
6451606
6456670
6456975
6461111
6464106
6466538
6467968
6470693
6474336
6474637
6485467
6487989
6488475
6504085
6507225
6512640
6520047
6536581
6539639
6541819
6543254
6545598
6545730
6548634
6553699
6558756
6559020
6562502
6579616
6582539
6583352
6584121
6584946
6593187
6594121
6594507
6606971
6614698
6618778
6626335
6629484
6632446
6633431
6633463
6634185
6638518
6639468
6640648
6643583
6645006
6648323
6649704
6651286
6654386
6656977
6656997
6673965
6678656
6680025
6683611
6687467
6687667
6689557
6689718
6690263
6694152
6695312
6698879
6706024
6709899
6710375
6711788
6720590
6720794
6722074
6722586
6723097
6723350
6725638
6730757
6737110
6743814
6750435
6750473
6751990
6756795
6762994
6773356
6780242
6783220
6787113
6787407
6800572
6801490
6806049
6809538
6823756
6831698
6843059
6843930
6857630
6857856
6858789
6859707
6860403
6862520
6863666
6873740
6884387
6893657
6897208
6905646
6918964
6923990
6927108
6935964
6943124
6954077
6955427
6957073
6966172
6967249
6972977
6986117
6988350
6990442
6992440
6997686
7005071
7006237
7006571
7006845
7009432
7013387
7013987
7019910
7020863
7020989
7027252
7033327
7035298
7035456
7039698
7040656
7043000
7046737
7046881
7056671
7059957
7068778
7071874
7077546
7080625
7085610
7086476
7088256
7089044
7096716
7098535
7105027
7110635
7114385
7115293
7116341
7123939
7124338
7127838
7128633
7132710
7139423
7148741
7150268
7156867
7157878
7157937
7166496
7166515
7168424
7182153
7182498
7187519
7192881
7215242
7217147
7218111
7221157
7223030
7223804
7229889
7238556
7239898
7245885
7258709
7261686
7274056
7274955
7279921
7281534
7282779
7283482
7287621
7297428
7299760
7300611
7317948
7320314
7325659
7326605
7334610
7337991
7350077
7351449
7351878
7353746
7359899
7362049
7385615
7398318
7398893
7400003
7404798
7409517
7411259
7411466
7414803
7416712
7417891
7419732
7420081
7421587
7424432
7426524
7427090
7428625
7431178
7434027
7439817
7451097
7451757
7454582
7480801
7485090
7488070
7492278
7498592
7501688
7506903
7520919
7526106
7530322
7532714
7534357
7544769
7545372
7547509
7557762
7559541
7562133
7566252
7571338
7577311
7581741
7582867
7584068
7589533
7590904
7607070
7607272
7610034
7612545
7612892
7613668
7619868
7622836
7622910
7628942
7630448
7637537
7640466
7654419
7654515
7672196
7672421
7674395
7677459
7681291
7696090
7696930
7699716
7704287
7709643
7714410
7715284
7715910
7719243
7721094
7722555
7727708
7730124
7730669
7731221
7742960
7744502
7751483
7752846
7754840
7767090
7768512
7777062
7782638
7786079
7786464
7786699
7790679
7791465
7793687
7797701
7800859
7806596
7808056
7809782
7812221
7823876
7825259
7832215
7837668
7841047
7841399
7841747
7848453
7856114
7861282
7863540
7864294
7874660
7883717
7890569
7893608
7895751
7904580
7909198
7911116
7911361
7911982
7916322
7916609
7917858
7925792
7930925
7935248
7948985
7952921
7959099
7960351
7963620
7964941
7965024
7965114
7976460
7977411
7980838
7985891
7987355
7993752
7997205
8002002
8013304
8018300
8033522
8037642
8048408
8054794
8055327
8057773
8057809
8058735
8060160
8062725
8063331
8064893
8066612
8068080
8072586
8077040
8077501
8080067
8080807
8081439
8082654
8084954
8094590
8096114
8101219
8102388
8103029
8108674
8109517
8112186
8125061
8125088
8126767
8130439
8142170
8142942
8156216
8160671
8172929
8180810
8192173
8197342
8200287
8206316
8211764
8216076
8222931
8226442
8236854
8237361
8246530
8246640
8246739
8259105
8266948
8268091
8275996
8277440
8279424
8281898
8282029
8283582
8289604
8291735
8293085
8299743
8304777
8312303
8329401
8339185
8340634
8343250
8346955
8349259
8361112
8362619
8362667
8373509
8383851
8394354
8400361
8402317
8411203
8413579
8413931
8414333
8416895
8424025
8426545
8427735
8429679
8432406
8434196
8441499
8442547
8444867
8447196
8449506
8451697
8451883
8456521
8467936
8468170
8473097
8474882
8480221
8481510
8491483
8503001
8503263
8504281
8505795
8510871
8511333
8512594
8513944
8517314
8517489
8520040
8524481
8531715
8540292
8546753
8547340
8557493
8558044
8561631
8561848
8562681
8562701
8567935
8575085
8575844
8575886
8578294
8589093
8591726
8592512
8592634
8599481
8599900
8601859
8602161
8608493
8611189
8611212
8618505
8622916
8629009
8640577
8641611
8642257
8645258
8648029
8659092
8660325
8663206
8664026
8665272
8673812
8679774
8682218
8690134
8691384
8695056
8702118
8705377
8708800
8720074
8721064
8724815
8729620
8731020
8747289
8748826
8754095
8760947
8762444
8783604
8784348
8792775
8795828
8798820
8824709
8826756
8831624
8836832
8838871
8842148
8846188
8848273
8849305
8859526
8865271
8865466
8868760
8871095
8880606
8886584
8891403
8896853
8912220
8919982
8921281
8923251
8928290
8932437
8933036
8954895
8955609
8961106
8961854
8963669
8965677
8970494
8972247
8976156
8985348
8986524
8992424
8992950
8998015
9003730
9006098
9014799
9021831
9023547
9025862
9028728
9033182
9036316
9037171
9047911
9049555
9050396
9053011
9060306
9063240
9070093
9073781
9076599
9091278
9092890
9098746
9106847
9126938
9130788
9131012
9132725
9133859
9139403
9150481
9153118
9154636
9156553
9172539
9179547
9182787
9185238
9187053
9187831
9192492
9192605
9198360
9200876
9203104
9203534
9207320
9216076
9224055
9229040
9231008
9233192
9240490
9242609
9245464
9246479
9252891
9254888
9254935
9258583
9258755
9260601
9269282
9270525
9274313
9276015
9292696
9304755
9305822
9307006
9308933
9310173
9311030
9312760
9312885
9319409
9322506
9330257
9330926
9347106
9347795
9348077
9352491
9358645
9360444
9361028
9361103
9362684
9364869
9366664
9381672
9401676
9403134
9406265
9406386
9407547
9408903
9411556
9416335
9421916
9425293
9429087
9429402
9434038
9434425
9438910
9439683
9442415
9444738
9446856
9458439
9461058
9461213
9468329
9473888
9480499
9480599
9482073
9490467
9492444
9496699
9501791
9508505
9510797
9533623
9541229
9552848
9554375
9556738
9556765
9557338
9560012
9560570
9562048
9562075
9567038
9570611
9575263
9583656
9585130
9590595
9593678
9593831
9595917
9595963
9600754
9602749
9604348
9604748
9607079
9609148
9633138
9639418
9641095
9647571
9648608
9654136
9660036
9660523
9671325
9672982
9674230
9674820
9679743
9680263
9684602
9691890
9697474
9699217
9703184
9705195
9707876
9708093
9713191
9737019
9741205
9741949
9743236
9747035
9751000
9751029
9768349
9768613
9771995
9775861
9780573
9783879
9785253
9790903
9790973
9794603
9799205
9799751
9810461
9811323
9813485
9815965
9820318
9820335
9823295
9825425
9827475
9827756
9830602
9831550
9832261
9833892
9833929
9839937
9841409
9859268
9859487
9861761
9870265
9873985
9874399
9876451
9880015
9882797
9888929
9892232
9893184
9899018
9900516
9901537
9902894
9903664
9906265
9908619
9909246
9910240
9910938
9915953
9925425
9929576
9930956
9932662
9935551
9935561
9938780
9939186
9944148
9946573
9948324
9949747
9952109
9952192
9956062
9956975
9959140
9959581
9960854
9967540
9974456
9975043
9975379
9976257
9976410
9977689
9978064
9978623
9986921
9987068
9990600
