6541
6828
8643
14163
23035
28014
38062
39223
40508
41846
47572
55447
63477
65841
69665
71981
73250
74472
80625
80767
80818
84053
86931
90883
96037
97425
101269
102831
103352
113610
115853
117541
123505
123908
125980
134805
135569
174419
179914
184696
189257
192531
193096
195668
197110
197886
199710
206445
214036
216855
222842
224251
227514
227649
230649
235809
239889
243525
249469
252090
256303
257761
259400
259434
260995
261862
264801
265086
265636
268628
269104
273091
278685
279245
280371
292343
296055
297267
305367
315447
315675
317696
328644
328877
336918
337021
340489
343633
346541
346827
349012
364768
368344
368985
371277
386768
389517
392742
393475
396616
406448
407209
426028
429590
434814
450290
450883
457795
460766
467073
475854
478900
479007
484367
484748
487802
489828
490327
494341
498581
499639
501033
502859
506101
509419
517308
524756
529396
531086
532169
536351
542629
546378
547053
550182
558862
562323
566536
576287
584798
586644
589774
590445
601068
601802
603906
604377
619337
620858
627333
630610
630679
630839
634547
636684
637579
641583
642809
643280
658356
658997
663828
664375
667914
669259
671725
673252
673853
677970
678156
679869
689447
690285
695991
710904
711528
713566
718149
722711
724605
728028
729994
731381
738388
742500
742544
744314
747698
751136
755290
755614
767437
770036
772695
773416
777672
783735
784514
785507
785630
793048
798763
804784
805202
811057
813133
817890
828232
836584
852111
854866
855441
891789
892608
900358
907863
911431
913918
914467
914984
917050
924810
932850
932905
942378
943570
945293
945643
946345
948369
948485
948770
952513
954626
958666
960526
965132
966723
973373
973511
974676
976129
980996
986487
994003
1003111
1005487
1007181
1008314
1018950
1021041
1023410
1026244
1028060
1035348
1038115
1039285
1040328
1043467
1051802
1059439
1076499
1077308
1079804
1089248
1090632
1091712
1092940
1094101
1098484
1113707
1117328
1120049
1122987
1123410
1130604
1131070
1145897
1148432
1148467
1150562
1150667
1151859
1155166
1168176
1177807
1179013
1185923
1186906
1187645
1187881
1189435
1195497
1204512
1206489
1215454
1216742
1218899
1221436
1224969
1232675
1241264
1244164
1248640
1259907
1269759
1271912
1278177
1295654
1295908
1298293
1301388
1302610
1312177
1316216
1318198
1319042
1322857
1323055
1325751
1325764
1330267
1331234
1333654
1343786
1344126
1344927
1346106
1349398
1352866
1353066
1358601
1362010
1364560
1367560
1368970
1370907
1370923
1380364
1381753
1383874
1385495
1387036
1389781
1393196
1393771
1398875
1400207
1405469
1410390
1419123
1421242
1422965
1426884
1438875
1447171
1448808
1465832
1465907
1467747
1471410
1472086
1478754
1486980
1488113
1488129
1490748
1495988
1508185
1508309
1515011
1522287
1534580
1535294
1537176
1538951
1539711
1540308
1540391
1544288
1557350
1570007
1577304
1577352
1577687
1583786
1594135
1595763
1596312
1599562
1606977
1611850
1618982
1621629
1624780
1625827
1629896
1638108
1640451
1648481
1651666
1656488
1657624
1667136
1668060
1672735
1682929
1683699
1686324
1694964
1698047
1698734
1698763
1699063
1703297
1714657
1725640
1725714
1727940
1728599
1731354
1738569
1740321
1741090
1744033
1745994
1746714
1751534
1751703
1757576
1764330
1765116
1769761
1769775
1776973
1778332
1785721
1791432
1795782
1800453
1805552
1807718
1810770
1818997
1825198
1834507
1839813
1845641
1848294
1851575
1856875
1857151
1857340
1859093
1859998
1865556
1869139
1875719
1875939
1881997
1891387
1896904
1899063
1914483
1914673
1920079
1922972
1922986
1925699
1934231
1948723
1951103
1953179
1955327
1962455
1965438
1971051
1974841
1978696
1978937
1979092
1984736
1987709
1997449
1998550
2003594
2010355
2012119
2013143
2018136
2019202
2024137
2026878
2028322
2038032
2047514
2051523
2064907
2070244
2073599
2077082
2082185
2089727
2093631
2095689
2098861
2104101
2122530
2129823
2131928
2132041
2132731
2139192
2152167
2157840
2158628
2165187
2167576
2168536
2169161
2181304
2183141
2183907
2186184
2186925
2191965
2195142
2196753
2204042
2210692
2226866
2230015
2241344
2248662
2249308
2272168
2272458
2281539
2285294
2300078
2305200
2305878
2308603
2310018
2310456
2314174
2316238
2318253
2319135
2319325
2322199
2322707
2323489
2324009
2328918
2329131
2336520
2336554
2339105
2339996
2342386
2345219
2345226
2352075
2353149
2355782
2358412
2361067
2362371
2364560
2366619
2367528
2368027
2368210
2371307
2374229
2374994
2377848
2377932
2381381
2384058
2386214
2386570
2394678
2395885
2404453
2408998
2417102
2420122
2425812
2430691
2437247
2441861
2442765
2455731
2469136
2477917
2478541
2479298
2479347
2480050
2481847
2482695
2484989
2492433
2503223
2510395
2513938
2520111
2524974
2525777
2532821
2534579
2534589
2553858
2557698
2562246
2563298
2567400
2567868
2570061
2574444
2577585
2577909
2581855
2582546
2585525
2588489
2593759
2596802
2603269
2603319
2604776
2605607
2608976
2613454
2619260
2619433
2619552
2628005
2634873
2637016
2639451
2641574
2642372
2658218
2659425
2671919
2675767
2679895
2683145
2691937
2692520
2693018
2698280
2699614
2701168
2702362
2703771
2714386
2714445
2719016
2723412
2732992
2741264
2743532
2753010
2758490
2760116
2760717
2761506
2764737
2766881
2771307
2773738
2775225
2780415
2785367
2789744
2793869
2801720
2802711
2802956
2810782
2811276
2811517
2817097
2819313
2819910
2820066
2832451
2834623
2837725
2842403
2845482
2848970
2850297
2851477
2852970
2855924
2856672
2873535
2882204
2886504
2888744
2892191
2907488
2907988
2917067
2922499
2926909
2929432
2932633
2938875
2940068
2947846
2956584
2959355
2975829
2976915
2983102
2983500
2984391
2988012
2992269
3002570
3004573
3009027
3026987
3030548
3034584
3038275
3039227
3041050
3041632
3046527
3047787
3051541
3061322
3066961
3068046
3069070
3083798
3086955
3089470
3089491
3102314
3116156
3118086
3120235
3127958
3136103
3142438
3150088
3155822
3156568
3161126
3165169
3166166
3173604
3177717
3184247
3189545
3189928
3190875
3193214
3193320
3197707
3202371
3203096
3203544
3206377
3208155
3208816
3212816
3213976
3219895
3224614
3229858
3230821
3232413
3245111
3246484
3256458
3259892
3260166
3262988
3266509
3272333
3276327
3285602
3286457
3291406
3305413
3309026
3311840
3312023
3315720
3326254
3344256
3344865
3347184
3348066
3348129
3350910
3357121
3362222
3366995
3369952
3370060
3371771
3382329
3384968
3385216
3386826
3397429
3400431
3405636
3409781
3411058
3412535
3415987
3416369
3421977
3425310
3427606
3429720
3440085
3440150
3443885
3446877
3450277
3451928
3462736
3465105
3471076
3471439
3471811
3471821
3475008
3477317
3478208
3496070
3497313
3502038
3502695
3503456
3509805
3516943
3518519
3524412
3525711
3526465
3527584
3528152
3534011
3534386
3535325
3536972
3547063
3549042
3554663
3564438
3566123
3570433
3570784
3570859
3573802
3578124
3579044
3583920
3590346
3590946
3592986
3594413
3597104
3598657
3599891
3605009
3605778
3609143
3609330
3613399
3616546
3631546
3632007
3636093
3650589
3652199
3656041
3666907
3667966
3674176
3681135
3682401
3693550
3697645
3698720
3701550
3702873
3704976
3707803
3709686
3710018
3710381
3710766
3713470
3716277
3719004
3720926
3721417
3725831
3727688
3731114
3737076
3738119
3739502
3741967
3745893
3749599
3752225
3755726
3758375
3765886
3768045
3769876
3775000
3777321
3778319
3778706
3786727
3788123
3799522
3803096
3804520
3805083
3806214
3811204
3811754
3817063
3817423
3819475
3821103
3821394
3824550
3828684
3837937
3838664
3839669
3846965
3847543
3848744
3854009
3854593
3860522
3865224
3870035
3879495
3886487
3893453
3898085
3898639
3900491
3906478
3909960
3910264
3910570
3920869
3920885
3931873
3937246
3939182
3944897
3948067
3955667
3962218
3967724
3971215
3974179
3976812
3986770
3991665
3993689
3995425
4000062
4001806
4015188
4027735
4029076
4036212
4036516
4037748
4039970
4043694
4044345
4045924
4050746
4057001
4060646
4060967
4063740
4064903
4065196
4073511
4076828
4083043
4091639
4091960
4094378
4099150
4099882
4101919
4105516
4108194
4109620
4130329
4131011
4131028
4133286
4138610
4139521
4141032
4146414
4147247
4149919
4151503
4152735
4152866
4164683
4165850
4168686
4171330
4172397
4172990
4174724
4181386
4188849
4200640
4203456
4216334
4217113
4218183
4218826
4222411
4229802
4234805
4235386
4236252
4236985
4239933
4241109
4245373
4249262
4256467
4263716
4265207
4270863
4274113
4275462
4279982
4280208
4285372
4302354
4303440
4303791
4304345
4324136
4324924
4333805
4333922
4337419
4337425
4337742
4341198
4349338
4363159
4363268
4367149
4382121
4385439
4391349
4398032
4401707
4403550
4408855
4411535
4412437
4419288
4421177
4422905
4425177
4426857
4438634
4439246
4442330
4450729
4454957
4464759
4468092
4468978
4477897
4479844
4488131
4492532
4493367
4496057
4497859
4499220
4499450
4501453
4501538
4501847
4501896
4507571
4516960
4517355
4517696
4517939
4527923
4529470
4532390
4533505
4546485
4549270
4549712
4555156
4556952
4560983
4562318
4566269
4567238
4578529
4580252
4584185
4588379
4599163
4600413
4600799
4601194
4609191
4614771
4616683
4618637
4622296
4635259
4636345
4639118
4641593
4645870
4652711
4654693
4661362
4665001
4675495
4681447
4682295
4684247
4684894
4689767
4689874
4696559
4698075
4699359
4711320
4715014
4716356
4718979
4721888
4723059
4725476
4726948
4732452
4734226
4743530
4745726
4748702
4749964
4751425
4763915
4772142
4773338
4777975
4781928
4783742
4791034
4800224
4802335
4808514
4809204
4809518
4812435
4819602
4822660
4828096
4833315
4838351
4842899
4852400
4853055
4857504
4860300
4862023
4873509
4880624
4906890
4908282
4918763
4920035
4920302
4921241
4921482
4922434
4924739
4925443
4928759
4929054
4929413
4930175
4940107
4942280
4945174
4952540
4957828
4964235
4969555
4970623
4973146
4984523
4985684
4986238
4987053
4990085
4993560
4999680
5002899
5006068
5008151
5019201
5020871
5027115
5028528
5030378
5030804
5035927
5042673
5048029
5050690
5052608
5053801
5060066
5060237
5063985
5065989
5068555
5071640
5072933
5073114
5079221
5079386
5079475
5083923
5087042
5091463
5095767
5099401
5099555
5101498
5102971
5103149
5105984
5107018
5111884
5115039
5118641
5121562
5123319
5125625
5125668
5136256
5136263
5141376
5141438
5145155
5145915
5146353
5152298
5155345
5155975
5156409
5160883
5162627
5169201
5169713
5175506
5175898
5176793
5181685
5181698
5184293
5196061
5199235
5201639
5201659
5204371
5206280
5207758
5218218
5218521
5223547
5224492
5224700
5234523
5235111
5241629
5242630
5243965
5248564
5249331
5251346
5255655
5256434
5258036
5258679
5264755
5266365
5270599
5273649
5277657
5278179
5288142
5292670
5300613
5301571
5307081
5314755
5323770
5325196
5325351
5327678
5328154
5342134
5343931
5346881
5347994
5349944
5351832
5355778
5358106
5360297
5361136
5365225
5367412
5370017
5372469
5373300
5375692
5376651
5382397
5393147
5401437
5406602
5411748
5415999
5417562
5422608
5422908
5425856
5430393
5432201
5434183
5439758
5445862
5447886
5449289
5453509
5460015
5463567
5466622
5473592
5474290
5478811
5480851
5481055
5496499
5499301
5505585
5505686
5506183
5507968
5510799
5512296
5517330
5526048
5529363
5532675
5537303
5537964
5538648
5538722
5540633
5542735
5543280
5545324
5547079
5547914
5549340
5552080
5557098
5559990
5563766
5564115
5565822
5568159
5573619
5587730
5589695
5592907
5601630
5604719
5606321
5606461
5607619
5609909
5615521
5626942
5628339
5629985
5630103
5630585
5637948
5639305
5644059
5646179
5646354
5650246
5656313
5656535
5665253
5671800
5671851
5673814
5676486
5677999
5679301
5688487
5688806
5688890
5692493
5695196
5698246
5702292
5716276
5720875
5724268
5725249
5735195
5735353
5742350
5743772
5750109
5763599
5769841
5771188
5780895
5785889
5787117
5799494
5800461
5806591
5807635
5814381
5815180
5819852
5823504
5824451
5826151
5835741
5838400
5838962
5843355
5845482
5846080
5858688
5861906
5864399
5871725
5874189
5874331
5874909
5880839
5885087
5889849
5896819
5902915
5903440
5905059
5911701
5914103
5915598
5917277
5918497
5924876
5928080
5931548
5934532
5935828
5937311
5937420
5940956
5945258
5946336
5954513
5963974
5969526
5973313
5978589
5978870
5981549
5987127
6004858
6008219
6011090
6011702
6014601
6018427
6020810
6021945
6022106
6024228
6025229
6026178
6031494
6032709
6034558
6039124
6039896
6044042
6049021
6050251
6051314
6051333
6055493
6057372
6065714
6070664
6081136
6082052
6085145
6093898
6094023
6099966
6102366
6102941
6113060
6113622
6114019
6117631
6119838
6123696
6126231
6131783
6144336
6146288
6148977
6149042
6150176
6155329
6158388
6159002
6160124
6160335
6160817
6162038
6162350
6165611
6171902
6178473
6178743
6179076
6181644
6185894
6188153
6188367
6190377
6191939
6192604
6196577
6197406
6198763
6204379
6207793
6220212
6226435
6230220
6231490
6233750
6236675
6237337
6238027
6245365
6247638
6247771
6254553
6262204
6262972
6270255
6278274
6288306
6288400
6293538
6295715
6304063
6333084
6334045
6336408
6344486
6352282
6353356
6353437
6353596
6354072
6354809
6365441
6366949
6367787
6368750
6378016
6385203
6385577
6387549
6387721
6387781
6405604
6422185
6422336
6426234
6429462
6430495
6431606
6435067
6446816
6448868
6453971
6454895
6457869
6462496
6471093
6474002
6476277
6480539
6484185
6485685
6492557
6495939
6498483
6500743
6505221
6512329
6513251
6513559
6516421
6520608
6535655
6543063
6545176
6546633
6550551
6552842
6553665
6558197
6561125
6562236
6564371
6565575
6570410
6573468
6584969
6591044
6593475
6593527
6598515
6605342
6605987
6609964
6617414
6620678
6620707
6628686
6632475
6634584
6644467
6644706
6657042
6659862
6666755
6667422
6667516
6669706
6674600
6678426
6681747
6684617
6690866
6692227
6700074
6701819
6702163
6703528
6704180
6708040
6713286
6719970
6722664
6734238
6736055
6736262
6739188
6739328
6740226
6740358
6740661
6743170
6757214
6767062
6770865
6776740
6792176
6811488
6815406
6816401
6823234
6828004
6829658
6830193
6839753
6849901
6851222
6852535
6853535
6862667
6863488
6874362
6874540
6877083
6877392
6883419
6884936
6885318
6886519
6888612
6889777
6900808
6900811
6903580
6904640
6905287
6914967
6917755
6921207
6923033
6924841
6927284
6927426
6935360
6937309
6945714
6945765
6948835
6956124
6961668
6971056
6975220
6978160
6981006
6981214
6988530
6991384
6993381
6996096
7000429
7002690
7002943
7003775
7004652
7009781
7020663
7023929
7032602
7033434
7037831
7040888
7046720
7048518
7052793
7070734
7074132
7075035
7078825
7081443
7082029
7087420
7087587
7089726
7090317
7099101
7123517
7132851
7134465
7137512
7143695
7147259
7148942
7155051
7157394
7158690
7163111
7173126
7176888
7186227
7187417
7190447
7192922
7206430
7212504
7216430
7228471
7228859
7246132
7253646
7256769
7259090
7265229
7265694
7268692
7271710
7288696
7290852
7298426
7309114
7310354
7314479
7326965
7328180
7329065
7332201
7336007
7338928
7339208
7346434
7351345
7351845
7352275
7363466
7368620
7369735
7372006
7373199
7373261
7375560
7375615
7377429
7385351
7389675
7391598
7397962
7400060
7407605
7412429
7416218
7416553
7419866
7421739
7432516
7432830
7433497
7438404
7446515
7462049
7464105
7473519
7476485
7478605
7481266
7485279
7486246
7488312
7488733
7489904
7490947
7495069
7513290
7514943
7527909
7538050
7539729
7547960
7549390
7554410
7555776
7557841
7558086
7560730
7564842
7567837
7580220
7583397
7593391
7608227
7629192
7636336
7636478
7637749
7638467
7647994
7648451
7651544
7659475
7663183
7669866
7681936
7684687
7689434
7697112
7712573
7716620
7717213
7717878
7724263
7726413
7726694
7731856
7737408
7738039
7738890
7740199
7740835
7743277
7748130
7748826
7750981
7758058
7760700
7761894
7764686
7767674
7767977
7775568
7777753
7785027
7785259
7791665
7792425
7798077
7801343
7803292
7808058
7809207
7811117
7815170
7816059
7817174
7818206
7821709
7822468
7834607
7842461
7846075
7846299
7857197
7858082
7862089
7865398
7871326
7874698
7874751
7879062
7884995
7886157
7889703
7891721
7895707
7898277
7903328
7903428
7910882
7918101
7926090
7926426
7929389
7933901
7934233
7934728
7943336
7946665
7948998
7951981
7956742
7958819
7959130
7959352
7961593
7961772
7963838
7967049
7969711
7973922
7980209
7984588
7990395
7991592
7992014
7992625
7996895
7998518
8002411
8006026
8006875
8013561
8014517
8016441
8020210
8030439
8034259
8037947
8038133
8041000
8041549
8047507
8049637
8054534
8055308
8058972
8059360
8059663
8062464
8064528
8064807
8068216
8069334
8089221
8107898
8116308
8118381
8120453
8122943
8124527
8125445
8127658
8132914
8143104
8154058
8154788
8156901
8157118
8157503
8164553
8167460
8169775
8189282
8192349
8197362
8208359
8209244
8212093
8216363
8219898
8223567
8226255
8226936
8227598
8230638
8235634
8239030
8240618
8251943
8256886
8273923
8276401
8277024
8277964
8282223
8288555
8289806
8306033
8309456
8316588
8322586
8327292
8327858
8333103
8337062
8337335
8340643
8357758
8359092
8361312
8366546
8372683
8373098
8375854
8377172
8387896
8394362
8398358
8399609
8402436
8404020
8406920
8408147
8408347
8418767
8419326
8419361
8421151
8422607
8429931
8440074
8442063
8442181
8451423
8455070
8457238
8459022
8462626
8472527
8477040
8480020
8480726
8484182
8489739
8491767
8498245
8508979
8509804
8510163
8513786
8523566
8526187
8527840
8528929
8535974
8539884
8542079
8545833
8547128
8547212
8548727
8550484
8551969
8565412
8566550
8574115
8575764
8576103
8583888
8602675
8603144
8604376
8607384
8612158
8612944
8613248
8619522
8633774
8641376
8644126
8644237
8648918
8650367
8651956
8656807
8659685
8662549
8667682
8668675
8672688
8676359
8679297
8681009
8683315
8686027
8689263
8690547
8691411
8692364
8696199
8699863
8710983
8717029
8723559
8724214
8730887
8732160
8740594
8741644
8742396
8743010
8744607
8745685
8750502
8753665
8755176
8758370
8762897
8764276
8769806
8772415
8775047
8781019
8784194
8787969
8791491
8793403
8797016
8798851
8804511
8806396
8812478
8813049
8831944
8839283
8844119
8846626
8848563
8855063
8858642
8860452
8865162
8866234
8866894
8867877
8868017
8879034
8879670
8880222
8883072
8900511
8905177
8905344
8906768
8916288
8917207
8922548
8925553
8926489
8927209
8931734
8935463
8941942
8946773
8946816
8949091
8959121
8969192
8976934
8984710
8986400
8991448
8995393
8998918
9000238
9004068
9005844
9010408
9013772
9022016
9026527
9031671
9032442
9044667
9045328
9050166
9052949
9054925
9057166
9060936
9061100
9061260
9070307
9077330
9080247
9080653
9081191
9082194
9083487
9087170
9088028
9099671
9100051
9101627
9103185
9105535
9108435
9120528
9121479
9121983
9126360
9136912
9152935
9160274
9160459
9162531
9179748
9180678
9181207
9183127
9183406
9185784
9194117
9202854
9207121
9208943
9210112
9212324
9214759
9214935
9218882
9224301
9228999
9229477
9232416
9232717
9240158
9241196
9248141
9248346
9253836
9254434
9260743
9274806
9282056
9283655
9287735
9287741
9290770
9308411
9318074
9318286
9330223
9342152
9342608
9351410
9352283
9353460
9360011
9361773
9371022
9378805
9381523
9385066
9387585
9387724
9388898
9393209
9394213
9399463
9401882
9405939
9416134
9426131
9429338
9435770
9440459
9444272
9457611
9463864
9466193
9469550
9487239
9487320
9488290
9489658
9491195
9502282
9503001
9508393
9510469
9513812
9516912
9524068
9525619
9531070
9532245
9533142
9544681
9551625
9554597
9557609
9557697
9557948
9581950
9585990
9595453
9597604
9601696
9601847
9611171
9614132
9617638
9619894
9620714
9625309
9629750
9630996
9631734
9633490
9633583
9637925
9639461
9639513
9641536
9654331
9661903
9686075
9687284
9690622
9691807
9695360
9702895
9703255
9710632
9713479
9722046
9723144
9725673
9726142
9726705
9727845
9728947
9729494
9734410
9740616
9741965
9742385
9749211
9754867
9759072
9761275
9764128
9771878
9772221
9772412
9775533
9779758
9784580
9786001
9789549
9806227
9817207
9824230
9835474
9836511
9842531
9846640
9849696
9850622
9851276
9853015
9853045
9854668
9856437
9856840
9863201
9865467
9870754
9875168
9875586
9877214
9878248
9878523
9878688
9882797
9884790
9885409
9885754
9888659
9894452
9899075
9901780
9903109
9907566
9907607
9912818
9918404
9920861
9922977
9927401
9932859
9938220
9938896
9954401
9962555
9962669
9967468
9970694
9981359
9982063
9982127
9990986
9991512
