654
3079
5204
5771
11133
15497
17556
24791
26394
31199
38372
39086
39155
39500
42328
42631
43602
49952
58689
58819
65773
74585
77680
84771
87123
89129
96489
106577
109532
111417
114162
116056
117194
119077
119545
125229
127927
136563
141812
151404
160620
161905
165752
167113
171072
171518
174147
178656
185434
185676
190773
190793
191811
194027
208007
208965
209266
214603
216096
218335
218655
220887
221320
221774
235024
235930
237489
239652
245567
245899
246145
250532
255960
258376
275182
282439
286095
286301
297132
299228
303317
307179
309925
311161
313648
319240
322662
334259
337778
343987
349340
354176
355905
355920
358971
374820
378011
378310
383304
388577
389509
392153
395961
396641
411760
412139
413969
419910
420293
422057
431680
459173
471998
473663
481801
484753
486347
489363
493726
496856
497428
514232
514499
514585
525687
529775
539666
548049
549075
549896
551703
552879
566747
579783
583223
593624
594408
596961
597725
599647
604418
605323
606178
609718
616387
620930
622844
628019
630412
633080
636112
644314
646417
649282
650400
664140
672400
681005
688761
696489
697957
704581
709380
711377
719313
732785
742718
743740
751693
752321
765640
771415
779665
784886
786677
789430
795574
797121
801492
804362
805376
805842
808563
809297
815065
820665
821470
829455
839035
844036
856228
862602
867970
873559
875634
877784
885084
887004
891736
892806
893402
897358
899384
910990
912690
921488
928489
936595
936743
936827
938913
939882
940747
941142
944844
944901
951868
955324
961174
961736
961810
962389
965043
966817
971449
982492
983743
985699
987451
987624
988234
994005
1000077
1009705
1017968
1021640
1024578
1026996
1031136
1031655
1037732
1038289
1040103
1040806
1046025
1050127
1050960
1052662
1052916
1060265
1066129
1066998
1067545
1072834
1076833
1080889
1081648
1083810
1085491
1091569
1093959
1099668
1108159
1108161
1114497
1116791
1119958
1120599
1125654
1130905
1135174
1139294
1139526
1139788
1140532
1140911
1141372
1142541
1142944
1143104
1147800
1149528
1152270
1159269
1164320
1164768
1166654
1168084
1174153
1185966
1186937
1187521
1195059
1195832
1198598
1199352
1199834
1200494
1209107
1210961
1221702
1223526
1228006
1231466
1237437
1246419
1248329
1250253
1256905
1257731
1273831
1285807
1286690
1289237
1294809
1296594
1309308
1330995
1333878
1335116
1339048
1341928
1348350
1352768
1355374
1358249
1359981
1366569
1369333
1378851
1379460
1380624
1381712
1389578
1391139
1395644
1402010
1413703
1415857
1423885
1423970
1427409
1432203
1432564
1434443
1435255
1437234
1437243
1443286
1444327
1450492
1457666
1458232
1458814
1462203
1482920
1486994
1490215
1499063
1501899
1508654
1513486
1515965
1517936
1523732
1525973
1525981
1529162
1529427
1530945
1541255
1546399
1547163
1547752
1550276
1556122
1560811
1564301
1565043
1568817
1576457
1583920
1584252
1584910
1593831
1594905
1595608
1598342
1604119
1606373
1609307
1612557
1616681
1623113
1623982
1627045
1628164
1628937
1629254
1630026
1646750
1648066
1649288
1663640
1665455
1667341
1669965
1674218
1674292
1675587
1676497
1678302
1679171
1694289
1694733
1700764
1710494
1712846
1721374
1723022
1724699
1726044
1735466
1735932
1743962
1747182
1748351
1756518
1760130
1770172
1773996
1776478
1784119
1784872
1793237
1801966
1803194
1810906
1811974
1812223
1813038
1815742
1816944
1822112
1822668
1826001
1829682
1830222
1830426
1830550
1835482
1838566
1838929
1839694
1844994
1851058
1866184
1868964
1870398
1872237
1873839
1874174
1876821
1883693
1884850
1885205
1890156
1890286
1898017
1901391
1909231
1920876
1927505
1934272
1939045
1942305
1942948
1947140
1950894
1952295
1953061
1956129
1956449
1957722
1964886
1968050
1974001
1976757
1976933
1983788
1991762
1999084
2017547
2018070
2018982
2021956
2026344
2028456
2039739
2043626
2044615
2044771
2045096
2053648
2057065
2057544
2057894
2061040
2081355
2087044
2095333
2098112
2098212
2107062
2110958
2112866
2117184
2124113
2132069
2132929
2135847
2135965
2141299
2143328
2145070
2146565
2159073
2164311
2167784
2169510
2173139
2176900
2182623
2187738
2189065
2191566
2195385
2196860
2202325
2206855
2208786
2209764
2210055
2211753
2213361
2219220
2231916
2234641
2239579
2242652
2246057
2246857
2250917
2252009
2254415
2265736
2265803
2272627
2276467
2276518
2280800
2282266
2286033
2286728
2287174
2289840
2290150
2290971
2295644
2295944
2297516
2298861
2307417
2308688
2309256
2309686
2312245
2314091
2319045
2320301
2331669
2338718
2343098
2347109
2349742
2351229
2353643
2360889
2363445
2363577
2368546
2370012
2375674
2376077
2377207
2382186
2385289
2386534
2389841
2390463
2392778
2396004
2398047
2398966
2416976
2418733
2424325
2426229
2428302
2428871
2432470
2439202
2439780
2441312
2442560
2453872
2455592
2456293
2459562
2459804
2474277
2476920
2478239
2478339
2482172
2488964
2489186
2497384
2497747
2498071
2501802
2506105
2508518
2509535
2510652
2520376
2520694
2523516
2527422
2528776
2537644
2542449
2545019
2546261
2548641
2549787
2551486
2551593
2551964
2556740
2557822
2560898
2561299
2565319
2565526
2566654
2568878
2573893
2585604
2587232
2593201
2603417
2614719
2619460
2623125
2627823
2628809
2630440
2630963
2631823
2634995
2637895
2638330
2640546
2641471
2641973
2656574
2659924
2661468
2662964
2665115
2675194
2675565
2678978
2680789
2688324
2689914
2692080
2693819
2704801
2711410
2712511
2718700
2719817
2727925
2727967
2730371
2732572
2736526
2746926
2754201
2766599
2774802
2776529
2784504
2796557
2797754
2800868
2803479
2804010
2806018
2808406
2815929
2818498
2819024
2822627
2826005
2828244
2843942
2846142
2846306
2864466
2868112
2872556
2876473
2878507
2880164
2884486
2884855
2885415
2887372
2897765
2903507
2904130
2904889
2908630
2910677
2917347
2921063
2922465
2927747
2934715
2936224
2954809
2958186
2958628
2960936
2962922
2963280
2966999
2967463
2970045
2980188
2981608
2989239
2992684
2997760
2998073
3018010
3025462
3035076
3039762
3041653
3042458
3048443
3048559
3055529
3064021
3064474
3071275
3078549
3081825
3089288
3091971
3104714
3116573
3123658
3127511
3131868
3134487
3138587
3139278
3141651
3145778
3155223
3157285
3162420
3162861
3175099
3178517
3180270
3186385
3188335
3191868
3199778
3206536
3208123
3209455
3209457
3210029
3211766
3217856
3222250
3222621
3223844
3235233
3240376
3241991
3243841
3244807
3247159
3251897
3253448
3256021
3257302
3260443
3268331
3268422
3276524
3279632
3284359
3285183
3294210
3322472
3323316
3323606
3325551
3325747
3328598
3330556
3330573
3334321
3335714
3341348
3354142
3370623
3371737
3378185
3378743
3384633
3390482
3391010
3397142
3398187
3403911
3404046
3411737
3414294
3420578
3430986
3433385
3436545
3440538
3442083
3446430
3448085
3450647
3453687
3460534
3476407
3487237
3489909
3490779
3493561
3495557
3496633
3503235
3506154
3513029
3516064
3517165
3518588
3526486
3528046
3533474
3539931
3542097
3543052
3545366
3549157
3550569
3556007
3560387
3563529
3566540
3567770
3569606
3571049
3571756
3572415
3574721
3584018
3592017
3595781
3596498
3605790
3607561
3608897
3618714
3620825
3622362
3627603
3633012
3633472
3633810
3634717
3646600
3649338
3650799
3652453
3654026
3659047
3659851
3661859
3667055
3677573
3680298
3682981
3683648
3684134
3685498
3686127
3688691
3693902
3696440
3699455
3700300
3702433
3704446
3704821
3705635
3706451
3707557
3711740
3712465
3720416
3720760
3736990
3738342
3738466
3738779
3741782
3744331
3747022
3750172
3752148
3752711
3752790
3753537
3755138
3756989
3758814
3760447
3763669
3766105
3766463
3768586
3783084
3801109
3801188
3802990
3803394
3805331
3811075
3812878
3813125
3817293
3818512
3820015
3821392
3822280
3822765
3823527
3823968
3827579
3829714
3832568
3837494
3842146
3842382
3842905
3845393
3850758
3850811
3851294
3858435
3859852
3863331
3863813
3863870
3864983
3870718
3872121
3883782
3885904
3887181
3888317
3889454
3893935
3893991
3894848
3900587
3904791
3908656
3910786
3913162
3915549
3920076
3920575
3929478
3932943
3937770
3938663
3943644
3946644
3951496
3961804
3967983
3968972
3969155
3971111
3972405
3976050
3976315
3977389
3977738
3979214
3986636
3987120
3988479
3991425
3992622
3993473
4000897
4005644
4006734
4007452
4010003
4016862
4017840
4022380
4031150
4031225
4031316
4038902
4045621
4046264
4051621
4066142
4070935
4071573
4071780
4072130
4073084
4080852
4084798
4087365
4090240
4094746
4103018
4110274
4123192
4124583
4128134
4132454
4137171
4148347
4151883
4156125
4157245
4160826
4163321
4167980
4171426
4172330
4173709
4175041
4184567
4197089
4200321
4207029
4210137
4213841
4217894
4223611
4225546
4228896
4231161
4234075
4235340
4238448
4245044
4271909
4274931
4276066
4278947
4279990
4282514
4286073
4286636
4289693
4300053
4311996
4319244
4324659
4326047
4338608
4341474
4345677
4347230
4352179
4359923
4361783
4371201
4378355
4384114
4398983
4402583
4405861
4415748
4422851
4422986
4425860
4426467
4429278
4435296
4439447
4441924
4445291
4445575
4460898
4462489
4474458
4485069
4494986
4496881
4500979
4501232
4501645
4501713
4505387
4505575
4507515
4510443
4511206
4512393
4512995
4513981
4516504
4521433
4532416
4534359
4535084
4539004
4542973
4545632
4546336
4547420
4547812
4557777
4562119
4563167
4566958
4569941
4575787
4576804
4577511
4577986
4581455
4589406
4591185
4602880
4604779
4617176
4620694
4621186
4623087
4628108
4632076
4636267
4636637
4636674
4638369
4645018
4647094
4650227
4654387
4656565
4664685
4671784
4672477
4682579
4690031
4694391
4697365
4702620
4704153
4706339
4710765
4714823
4715513
4716423
4720460
4723076
4727691
4747230
4752782
4755091
4756590
4757777
4759537
4760334
4761801
4763411
4766006
4766344
4768376
4769992
4775330
4781339
4785247
4788690
4793974
4797668
4798303
4808669
4811513
4813374
4813941
4818947
4827573
4829376
4839027
4854665
4875232
4882619
4885788
4892345
4896794
4903589
4903726
4917200
4925702
4925957
4935046
4936277
4938623
4946423
4947199
4948088
4951438
4951902
4952934
4955184
4955985
4963440
4975025
4975101
4980692
4990556
5000612
5002845
5006596
5006847
5016730
5018492
5020716
5024470
5025578
5027086
5027257
5030634
5030887
5035952
5036862
5041809
5052455
5056323
5060130
5076342
5080385
5090779
5091596
5092572
5099316
5101581
5104862
5108733
5110161
5111632
5114986
5116070
5117565
5137575
5139760
5147310
5147457
5149314
5154043
5163311
5165857
5166694
5171227
5179212
5192958
5197123
5197726
5199142
5201055
5206200
5210559
5212134
5215252
5215744
5220750
5220910
5222614
5228203
5242903
5257533
5269117
5275206
5281010
5285942
5287398
5295173
5301526
5303478
5313723
5314398
5329738
5333264
5347739
5355089
5362601
5367898
5368626
5373286
5377534
5378022
5391547
5396003
5396672
5397625
5401162
5411505
5415377
5423500
5424779
5427606
5427842
5441245
5450052
5450571
5453669
5454667
5456972
5460754
5463414
5463934
5466589
5475545
5480630
5482554
5485815
5486173
5488741
5490736
5504892
5510726
5511610
5516435
5517920
5522825
5526059
5530499
5534834
5540488
5546046
5556116
5557586
5559928
5562198
5563410
5563599
5568398
5577002
5577176
5578375
5579105
5579795
5583710
5592124
5598401
5601885
5603098
5609135
5611765
5618957
5619803
5620583
5626216
5627325
5630458
5630879
5631459
5634138
5635046
5646432
5650875
5652782
5654948
5657064
5658293
5662717
5663165
5664575
5679325
5681997
5686685
5690857
5700066
5703486
5703957
5712890
5715368
5715406
5721111
5726779
5730759
5730867
5736035
5738578
5739335
5744175
5747552
5752184
5755693
5756222
5765848
5771978
5774329
5778469
5778922
5779213
5782641
5785557
5789858
5797699
5801759
5802584
5808413
5813485
5817633
5818390
5821704
5826044
5829307
5831595
5834457
5835859
5854189
5861785
5869028
5873075
5879321
5879498
5879546
5880372
5880587
5890134
5893120
5894760
5895524
5904750
5904878
5909432
5909463
5918875
5924658
5931566
5934765
5947997
5950187
5952779
5953772
5960430
5965350
5965419
5968895
5975223
5978261
5979229
5981314
5982289
5990549
5991865
5996567
5997008
5999905
6005024
6007659
6010653
6012762
6013060
6013943
6018275
6019175
6036453
6047654
6047794
6048995
6049594
6052065
6052091
6052329
6056627
6059487
6066312
6069582
6074259
6074479
6074800
6077660
6080144
6091549
6092695
6094924
6095234
6100701
6108894
6109053
6109193
6129303
6135480
6138489
6141737
6144767
6155287
6155758
6167552
6169698
6171919
6175890
6176800
6177088
6177405
6182496
6186206
6188152
6192361
6195546
6207551
6208880
6209859
6212576
6217803
6223329
6224457
6226305
6227328
6229469
6241271
6246446
6247454
6254009
6255254
6255691
6256352
6256871
6265317
6269260
6272305
6274743
6276895
6278457
6280777
6284246
6284734
6288613
6289922
6305465
6306508
6313690
6319838
6322563
6325136
6329724
6330534
6338165
6350580
6359650
6360636
6371148
6373342
6378557
6393536
6398093
6399796
6402763
6404606
6414894
6416141
6417704
6423158
6427969
6428147
6436658
6437084
6437624
6437843
6449338
6452753
6454427
6456478
6459293
6465456
6466415
6470010
6476100
6477098
6477362
6477480
6480060
6501377
6507053
6507712
6510506
6512563
6520507
6524449
6527135
6532792
6535871
6536029
6536390
6536882
6540161
6544431
6547019
6549418
6550108
6551148
6555697
6562500
6564667
6577411
6578003
6579042
6584057
6591981
6594248
6595095
6602954
6611901
6614727
6614787
6620498
6630146
6634635
6642833
6643807
6646407
6648792
6652419
6656617
6657239
6658531
6670429
6676234
6682809
6685652
6685805
6686393
6686641
6693118
6699014
6699941
6701700
6709669
6712783
6730122
6736696
6737223
6740172
6742619
6743063
6751078
6752825
6756323
6765965
6766577
6771050
6778305
6782996
6786173
6799650
6804718
6809498
6810800
6812483
6813766
6817050
6818795
6818986
6824482
6836783
6844398
6859108
6861165
6866240
6871776
6881407
6885549
6910334
6912209
6912237
6915268
6926664
6929211
6947230
6950495
6950887
6951359
6965289
6965496
6965975
6966520
6971338
6971623
6972225
6976318
6976331
6983072
7000658
7001137
7001313
7006404
7008910
7012122
7016271
7016955
7019485
7025057
7027338
7027453
7027820
7030161
7040599
7048299
7053751
7054171
7057359
7067815
7068507
7069087
7072983
7075778
7077897
7087022
7088302
7092653
7099579
7102193
7102696
7107997
7108734
7109514
7111380
7127372
7141797
7146051
7146783
7153097
7156001
7156489
7163027
7171642
7188209
7194308
7196586
7202730
7203075
7203893
7204703
7206339
7207132
7212936
7215933
7216352
7218290
7224942
7233016
7239560
7241744
7250411
7251290
7269298
7270477
7283967
7284939
7289077
7289698
7294927
7297234
7297762
7298033
7308769
7313362
7320453
7333191
7339279
7353465
7364030
7367562
7385984
7396045
7399317
7400067
7401756
7406553
7407363
7408545
7411582
7411847
7414927
7417026
7420263
7422804
7430101
7433153
7445309
7448475
7450310
7455735
7458129
7461903
7462148
7462873
7465236
7465813
7465934
7466815
7467465
7469056
7472577
7478311
7492575
7494815
7495169
7495538
7497125
7518203
7518966
7519110
7519430
7526494
7527317
7529258
7535493
7540550
7549414
7551204
7551376
7555382
7558421
7561037
7563264
7563721
7563780
7567130
7567839
7569777
7572226
7578467
7580235
7580699
7585233
7587253
7587427
7591017
7593228
7596453
7597794
7598583
7603118
7604344
7604915
7615603
7615862
7616799
7616949
7625969
7627062
7627990
7629121
7632279
7634486
7635115
7636467
7644377
7644781
7651295
7660090
7660218
7661169
7661352
7663663
7665095
7674479
7674982
7676279
7679233
7688313
7691534
7692497
7703494
7707520
7709257
7709358
7710461
7710584
7714434
7714857
7723205
7727113
7734824
7738197
7739712
7753848
7756387
7759294
7772318
7774727
7778099
7778412
7778415
7781605
7784388
7787121
7789203
7807414
7813785
7833456
7837124
7839148
7842969
7846552
7852598
7852670
7854881
7857597
7857660
7858820
7867040
7874459
7876439
7879057
7881049
7884088
7889988
7891533
7901662
7912851
7915758
7923431
7940321
7941452
7945312
7946337
7947158
7955035
7958154
7960476
7966985
7968719
7969710
7974208
7975219
7976566
7985979
7988411
7989827
7999994
8001173
8004791
8005282
8008439
8009448
8013078
8013188
8014020
8018101
8022230
8024645
8041637
8045020
8052335
8057157
8061372
8066509
8066985
8071704
8071964
8076703
8080481
8081127
8086099
8090185
8101046
8103628
8107795
8114833
8125536
8127139
8132616
8142249
8150030
8151690
8165097
8166484
8169844
8173842
8179200
8181219
8192625
8199711
8208232
8208272
8209108
8220398
8222673
8223027
8223681
8233527
8236313
8238044
8239673
8244253
8246470
8257359
8261566
8264210
8265472
8269663
8273012
8275882
8276302
8279358
8281027
8282123
8286990
8289125
8293856
8295910
8299414
8304190
8320907
8322373
8327289
8337284
8342520
8342913
8344950
8347236
8348451
8353808
8358334
8364197
8389299
8390159
8392446
8399755
8403064
8404952
8411913
8414884
8418372
8420653
8421164
8422631
8425073
8427597
8434902
8435857
8443752
8447779
8450160
8452413
8453560
8456346
8463552
8466095
8467369
8469482
8479077
8485914
8489129
8490141
8495836
8500740
8500977
8504115
8521485
8522579
8524739
8530909
8533137
8540156
8549625
8550275
8552543
8559869
8569469
8571250
8572121
8573626
8578317
8579818
8580298
8580800
8583471
8591633
8592842
8595728
8596478
8598068
8598071
8600067
8603246
8610632
8612338
8615776
8617614
8621902
8624754
8625619
8633434
8634890
8639388
8639506
8642158
8649541
8658718
8663391
8665536
8669128
8671981
8673837
8682978
8683336
8683357
8685199
8689848
8690733
8690953
8691385
8692278
8702033
8703927
8704897
8708276
8709246
8717789
8718053
8723268
8727216
8732134
8738461
8740628
8745339
8749984
8750642
8754003
8755523
8755970
8756856
8756927
8766442
8776688
8784790
8791853
8798451
8801428
8805057
8807685
8809736
8816924
8817985
8820308
8824372
8825348
8843707
8846420
8846580
8850822
8854407
8855902
8861915
8866139
8873600
8873668
8874900
8876588
8877883
8878222
8889516
8889841
8892259
8893455
8894103
8906723
8924292
8926540
8931198
8933951
8939413
8948295
8949075
8960813
8965724
8970594
8979167
8979886
8989089
8991419
8993246
8994025
8995753
8996339
8997683
8999189
8999834
9000169
9002251
9007032
9013348
9017328
9019043
9019125
9019604
9025030
9033829
9035312
9039844
9043256
9044500
9049078
9049125
9051351
9058703
9061852
9071887
9071929
9074473
9080444
9088153
9090082
9090304
9102149
9105283
9106752
9107005
9108066
9120909
9123533
9128985
9133965
9134705
9137724
9148550
9149908
9172635
9175569
9185369
9188997
9190479
9191398
9192897
9193162
9199515
9201231
9201747
9206809
9208280
9209808
9212476
9221786
9222641
9222751
9222752
9224965
9225365
9229032
9230569
9234572
9239979
9249375
9251016
9252483
9256346
9258955
9259404
9262563
9262847
9266811
9270228
9272974
9274841
9281673
9283588
9285131
9290171
9295428
9298021
9300732
9305734
9311484
9314804
9321358
9339562
9341567
9342566
9343506
9351208
9365564
9366852
9367006
9368057
9373587
9374043
9380431
9382344
9384198
9395574
9397423
9398828
9404960
9409502
9409734
9415948
9416456
9420822
9424935
9428051
9438150
9439090
9439711
9442346
9453389
9462424
9464425
9468095
9471202
9477351
9478003
9482220
9486660
9491487
9494269
9496411
9499407
9502023
9505346
9509109
9510265
9515880
9517304
9530192
9533681
9534473
9535881
9540008
9543168
9546749
9551738
9552653
9553033
9557839
9563036
9567503
9570366
9573028
9587992
9588291
9589031
9591215
9591545
9591897
9592004
9594103
9594229
9596987
9610236
9612649
9617238
9619232
9620487
9620671
9621672
9631799
9634787
9635687
9641746
9647299
9648797
9650610
9650792
9652095
9654112
9654180
9660019
9660428
9661213
9672468
9673080
9673949
9681643
9682510
9684101
9695967
9696258
9698487
9698859
9702270
9703291
9709488
9711779
9712633
9712907
9716903
9719206
9722147
9723669
9728379
9731606
9735590
9736485
9738382
9744298
9754497
9755331
9757795
9759181
9759562
9760214
9768793
9770828
9770958
9771761
9777363
9779202
9797577
9798387
9798698
9800991
9803439
9812471
9824564
9825299
9832540
9832945
9833002
9833586
9833878
9847379
9855801
9856689
9857156
9858895
9863440
9863777
9865773
9866623
9870355
9877716
9877732
9885438
9887520
9893744
9897631
9913599
9913945
9915851
9918562
9923106
9924285
9928895
9937615
9940237
9945332
9954197
9955087
9970070
9978511
9978533
9982597
9985232
9992556
9998335
