9618
12741
14450
17918
19744
22208
37805
38506
38866
44990
63163
63366
64962
69221
76097
78130
82076
91077
103929
113138
113968
114343
116557
119088
119664
120560
132612
181105
182088
184590
193148
194217
200638
207693
211261
220160
221699
245191
250423
254173
255424
261840
264605
266794
280699
281006
292354
297309
299030
302861
304355
307587
310842
335056
336215
336329
354422
358498
362307
372417
374680
380836
393427
394304
396914
398208
406339
408097
408932
412354
413019
423591
444252
454228
466324
469136
474940
476254
492439
497261
501996
520654
524077
535496
536248
551112
552178
554877
556312
558592
566660
569437
585160
586305
587587
588889
608855
612964
641371
643604
652112
652522
661848
663344
683331
692357
706225
707045
712964
724746
727652
740167
744122
744439
744714
770269
780453
783158
795736
805327
810730
811822
828329
830318
830569
834090
848345
854242
868557
869700
871293
874878
875608
880271
897599
912159
921754
923611
932189
934244
940588
940629
954485
954646
956202
958072
959624
963239
967765
973681
979392
985887
990316
996498
996875
1015066
1015387
1024237
1026072
1028223
1028603
1030386
1035088
1036072
1036167
1037879
1041806
1042560
1047372
1049198
1065907
1068601
1069261
1075265
1089602
1091148
1094980
1098537
1121975
1137616
1139466
1140883
1140911
1142977
1146289
1149949
1155993
1157736
1158263
1159708
1164155
1168316
1174092
1174639
1177443
1185855
1188045
1189029
1193301
1193571
1200955
1201127
1203890
1209359
1214637
1215175
1215246
1220448
1224101
1224107
1225757
1228207
1240383
1249574
1254567
1260021
1263206
1264565
1265502
1271451
1285239
1291115
1293279
1298586
1302895
1306460
1311710
1312992
1323547
1329218
1335270
1343607
1353150
1359511
1360062
1362230
1369772
1380323
1381934
1384445
1387178
1391405
1393332
1400636
1406685
1408659
1412402
1414479
1418342
1421993
1422805
1424016
1427094
1428067
1432572
1433876
1437002
1437391
1440062
1447682
1453160
1469442
1484653
1485162
1487019
1487735
1490624
1493350
1493501
1502185
1504620
1509893
1510675
1512369
1513389
1523062
1529421
1535812
1546096
1546639
1549292
1564742
1572509
1581922
1582603
1588103
1592315
1593643
1594675
1595445
1595632
1599803
1607867
1640496
1642729
1644971
1659728
1662612
1664827
1666247
1681256
1682319
1694259
1705397
1710294
1715793
1718403
1718951
1724329
1724441
1726348
1737060
1740563
1747393
1756376
1756396
1756725
1767368
1768352
1772260
1774104
1774703
1775752
1803086
1804671
1811332
1812458
1815726
1830174
1849223
1856724
1860106
1866507
1869246
1869875
1870155
1870924
1874558
1877117
1886419
1891169
1895952
1899280
1913350
1922217
1935802
1943148
1946489
1950085
1952600
1954714
1981845
1990780
1995375
2002881
2003477
2007300
2011847
2018902
2020750
2023634
2025648
2027478
2028341
2030650
2038429
2045013
2046671
2056609
2071499
2075278
2078607
2090913
2092539
2093641
2102408
2110354
2113097
2115446
2116905
2128681
2130783
2131531
2135492
2137550
2140257
2143057
2143420
2147843
2153340
2161094
2164656
2169501
2174505
2178880
2182925
2190455
2202307
2209445
2210204
2212852
2213040
2213258
2216082
2217511
2223695
2223717
2224760
2225861
2229861
2235086
2245028
2249179
2267111
2268507
2280350
2283497
2289441
2291702
2295564
2297068
2298315
2312530
2321408
2330879
2335242
2340794
2354803
2358920
2362661
2364842
2373374
2378601
2409873
2415887
2417624
2424694
2454063
2466834
2467887
2470169
2476206
2483175
2484476
2484867
2486757
2492229
2510128
2522311
2531213
2535075
2552589
2558596
2563558
2569822
2584013
2590011
2595753
2596985
2615469
2622787
2627310
2629670
2644016
2654766
2658094
2662793
2671190
2679831
2686519
2705295
2705621
2709540
2715269
2718160
2718209
2725308
2727523
2739448
2743083
2758162
2763913
2766205
2771119
2774104
2776626
2782839
2787754
2791126
2804553
2805772
2809423
2817937
2830364
2830580
2841459
2843043
2843715
2863342
2865695
2867654
2875131
2892258
2894737
2897662
2905924
2910996
2923898
2930299
2934123
2947532
2960787
2975548
2977446
2978603
2979254
2979416
2982325
2986881
2994207
2995457
3000799
3004908
3005601
3008069
3016585
3022158
3028455
3033374
3036711
3038794
3039447
3045612
3049112
3055413
3059186
3068493
3076893
3082121
3084126
3107073
3110409
3118143
3122138
3126697
3129026
3133696
3134232
3141697
3154587
3167995
3182270
3187140
3187316
3189741
3194656
3196511
3199283
3223734
3224623
3225512
3233223
3236368
3241762
3248471
3252047
3256496
3261165
3274330
3282486
3291156
3293612
3305391
3323023
3327268
3329273
3342719
3365882
3368681
3387306
3389432
3390268
3399442
3401094
3402087
3408992
3418676
3430256
3432909
3440165
3441387
3447932
3449690
3472280
3482889
3491469
3497928
3525696
3528171
3539151
3540596
3541480
3544732
3545148
3545559
3552607
3556524
3568884
3573425
3581003
3582202
3584342
3587782
3587981
3588719
3588814
3591645
3592376
3594453
3603616
3617050
3622542
3636252
3639289
3644215
3645363
3650137
3654954
3662986
3664888
3671186
3677563
3688891
3690221
3691329
3693274
3693314
3697988
3717446
3719560
3721745
3721973
3723125
3726488
3726516
3729009
3770045
3779294
3779448
3781497
3785391
3807829
3808701
3810867
3811741
3815720
3817853
3822963
3823043
3828253
3830888
3844178
3855016
3855248
3855560
3855602
3861985
3886707
3893736
3904313
3905711
3909893
3924098
3934347
3943233
3944148
3946768
3964822
3981690
4003495
4008243
4017769
4019430
4021575
4029241
4031106
4036928
4058083
4071543
4071975
4079134
4082529
4098165
4107219
4107286
4108030
4122728
4135138
4140961
4146858
4158130
4160327
4184713
4198656
4207061
4218188
4218369
4228545
4232744
4236349
4241515
4247237
4250836
4253523
4260538
4263751
4265390
4271004
4276578
4280322
4292493
4296491
4297990
4304823
4306396
4308369
4309370
4316388
4320540
4321945
4326176
4328155
4333068
4335664
4340582
4354803
4355600
4359568
4379209
4379288
4383186
4386155
4388527
4392381
4394191
4397007
4404904
4406275
4420011
4424553
4428637
4446221
4455001
4455723
4456403
4459592
4470351
4472497
4479604
4482104
4483733
4484127
4485593
4520612
4521711
4523434
4529675
4531558
4545382
4546315
4547166
4558969
4559110
4564565
4564778
4573527
4576006
4581463
4608820
4613645
4615926
4616408
4618308
4623840
4627325
4628257
4630020
4633227
4633272
4639166
4639992
4647531
4658572
4660847
4662757
4674573
4674706
4678220
4685435
4691417
4694788
4695053
4698035
4709863
4720531
4721839
4732560
4735608
4737374
4742305
4765480
4767195
4772461
4773398
4774987
4782400
4784506
4786130
4803546
4810375
4822562
4824858
4828245
4828740
4830630
4835112
4858021
4858138
4870457
4887163
4928270
4933691
4936543
4953807
4963547
4987963
4991795
4993891
4999044
5007212
5010492
5016325
5022363
5036557
5039041
5046923
5048025
5060915
5063733
5069723
5071429
5090448
5095798
5101338
5101799
5108804
5111077
5117988
5121156
5130778
5131793
5133099
5134377
5138375
5140879
5144909
5152593
5156114
5162286
5178013
5179831
5188185
5189459
5191104
5199922
5200379
5206375
5207164
5212536
5213598
5214759
5226755
5227056
5241455
5249692
5267425
5280454
5282385
5283626
5288573
5289896
5291426
5293894
5303347
5311438
5324378
5330866
5339554
5340510
5346887
5349225
5350590
5357743
5358933
5361412
5364013
5364786
5373255
5374088
5377875
5382323
5384679
5391450
5401579
5403919
5404018
5406039
5410147
5411661
5411779
5438174
5445668
5456101
5460915
5464947
5470255
5475413
5484848
5486854
5493122
5512592
5523442
5538079
5540817
5542841
5563119
5565728
5569895
5572619
5586705
5591299
5598251
5599012
5599374
5612693
5627517
5628053
5629437
5631813
5642988
5651270
5660413
5660741
5680169
5691845
5697629
5707788
5709489
5709658
5711715
5719974
5727743
5747707
5761417
5762551
5777165
5777326
5782936
5783385
5785336
5790618
5800808
5806109
5813683
5821382
5830828
5838257
5840127
5847926
5851000
5863831
5866985
5870573
5870789
5873485
5877334
5904657
5909156
5909947
5912616
5916222
5920439
5921125
5926534
5928578
5933178
5936891
5944132
5947675
5948903
5954199
5955521
5978878
5979914
5981642
5983638
5990987
6011160
6013556
6023810
6030218
6043761
6048074
6056032
6063066
6066921
6068664
6071871
6073072
6076267
6092000
6092019
6097340
6098088
6103746
6106285
6107060
6120554
6135143
6140238
6140926
6141337
6143725
6146584
6151977
6152852
6155957
6157485
6161747
6171681
6186720
6187015
6187712
6191973
6192200
6196280
6202078
6208073
6208164
6215012
6224389
6234736
6238697
6254543
6263584
6272911
6281707
6289173
6293202
6294550
6296612
6297250
6300249
6306767
6306830
6307966
6309752
6313238
6333199
6340001
6342674
6349751
6355374
6358159
6370675
6371261
6371488
6372336
6378982
6392777
6395210
6396033
6402866
6407750
6415767
6419055
6425187
6438583
6440882
6441423
6457796
6458851
6471034
6475034
6476370
6479493
6479650
6483968
6486332
6491448
6494047
6502376
6513039
6522537
6532169
6544392
6556056
6557325
6561986
6565545
6571858
6575842
6584610
6594126
6603912
6607368
6612251
6612858
6615949
6621163
6626013
6629873
6630764
6631741
6632994
6634488
6634841
6637046
6642647
6649239
6672527
6719607
6725212
6726399
6729553
6740361
6742395
6746470
6749901
6751266
6755441
6766959
6769058
6771093
6775779
6777540
6780906
6785819
6802148
6814989
6817019
6835497
6840665
6860114
6876811
6878320
6885556
6886312
6891780
6892254
6898431
6904601
6928123
6965659
6966580
6967729
6968460
6973253
6977821
6980514
7002882
7004670
7006842
7006955
7016532
7038948
7047149
7049319
7050188
7051310
7054656
7056456
7061491
7078083
7081001
7095423
7121786
7125441
7127169
7133616
7136975
7138454
7142699
7156191
7157119
7163652
7165831
7174021
7175160
7180769
7184754
7185588
7185870
7196005
7200909
7206896
7211190
7223294
7226062
7248858
7256045
7256060
7259818
7280679
7284756
7285814
7287148
7292589
7297943
7302852
7307462
7331707
7357670
7358091
7361023
7362126
7364707
7368007
7373125
7375194
7376355
7380242
7392799
7393535
7415861
7422178
7427425
7434302
7434880
7458355
7458690
7460738
7461586
7473014
7476382
7478700
7487269
7502854
7503227
7511727
7511753
7527099
7530701
7544307
7544454
7575644
7581958
7596622
7604518
7609611
7617702
7619568
7620657
7622461
7624227
7627024
7629930
7631911
7635258
7636302
7642981
7652738
7654238
7658197
7659392
7665341
7682811
7684610
7696672
7699701
7702302
7703848
7712511
7722256
7722502
7728707
7731518
7733437
7736799
7737978
7738046
7757880
7760771
7760777
7780488
7781400
7786350
7787710
7797904
7798553
7805243
7807354
7811535
7829323
7831479
7832637
7832845
7839631
7839974
7842348
7842616
7851743
7867413
7878854
7883155
7888615
7895695
7899272
7899672
7908913
7910206
7913219
7917229
7917310
7919549
7923673
7932198
7935490
7937416
7949689
7954355
7956333
7956789
7960837
7968355
7972871
7975906
7982181
7983433
7990387
8003973
8010450
8015302
8015837
8020756
8029267
8029275
8036872
8038343
8045616
8046148
8048200
8054636
8055973
8056312
8056886
8072692
8077148
8093354
8094725
8109829
8112654
8116697
8129765
8130576
8134449
8136362
8139191
8150100
8151222
8155471
8177350
8180111
8183155
8189503
8202368
8212570
8223062
8232751
8232801
8233330
8242629
8258196
8275131
8277558
8280201
8294354
8298592
8299753
8300158
8313725
8314771
8315945
8316253
8334083
8337900
8338247
8354289
8357957
8361464
8361946
8364868
8370490
8376574
8397030
8405294
8410204
8421811
8425668
8426168
8434600
8438432
8449913
8453566
8459214
8463360
8469127
8490546
8492214
8497484
8499331
8502038
8522580
8526318
8527147
8533460
8534669
8538266
8543794
8546514
8567361
8569262
8574661
8576679
8577429
8590776
8593561
8594650
8624499
8625089
8637907
8647877
8649333
8652987
8653572
8661601
8674619
8688851
8695218
8700495
8703406
8713873
8716474
8718795
8720165
8723498
8723889
8725833
8732664
8747250
8769071
8769620
8776283
8777507
8781611
8786233
8801564
8806538
8807571
8811966
8814588
8818540
8823659
8826375
8829277
8833539
8863158
8864191
8868286
8876832
8894059
8894897
8895702
8904033
8905256
8912097
8924713
8927363
8928755
8935219
8942947
8945469
8958649
8969419
8978141
8978877
8982188
8984260
8986371
8995706
8997359
9006356
9011940
9029781
9037130
9038673
9040044
9043966
9054205
9060726
9060902
9086847
9096507
9100780
9105399
9105986
9107115
9137626
9145638
9148511
9149019
9154618
9161776
9177909
9183037
9183201
9189952
9205130
9209385
9213028
9218225
9226135
9226835
9238949
9247368
9254720
9260254
9275781
9283456
9284291
9285467
9289600
9290384
9292381
9305782
9313823
9313845
9316372
9319468
9319671
9321215
9334574
9336773
9345944
9369165
9373090
9377372
9383373
9400176
9409888
9419873
9430656
9440919
9440982
9442293
9446534
9451492
9451723
9456910
9464629
9466075
9466870
9475361
9478059
9482938
9483089
9489900
9492334
9500181
9500765
9504616
9519770
9519840
9540197
9543773
9545918
9547516
9548316
9549361
9551286
9561168
9568132
9577190
9584953
9599118
9603729
9607519
9617444
9628482
9633649
9646305
9652378
9656556
9656599
9664541
9666565
9668915
9675381
9679093
9683583
9684150
9684676
9685593
9687422
9689454
9708719
9724087
9729549
9729945
9732316
9736413
9752972
9754312
9762653
9764105
9782572
9787038
9792012
9796066
9799569
9804076
9806390
9809061
9810423
9814447
9827066
9828105
9834233
9838076
9839105
9847805
9857366
9860691
9861739
9869582
9872593
9878817
9884403
9894685
9905120
9905367
9907218
9908408
9913594
9922697
9929855
9940900
9943960
9945247
9950146
9960845
9981834
9984937
9989553
9989727
9993241
