1255
7052
7293
7421
11920
23264
27342
45373
49893
51898
53133
58250
60499
60984
62154
63024
63584
66620
67567
68824
69109
80152
94430
100907
101669
103684
114445
116797
117311
125717
126327
134528
139321
141959
142389
147652
151230
153172
154368
157246
157436
157710
158602
159789
161667
162399
163304
164317
172660
173862
175469
175750
175915
176804
188159
193413
194904
198327
200174
200771
204659
210836
211630
217569
218714
231119
233136
235949
244462
246317
252760
256587
262990
264947
270219
271307
273177
275076
278990
281449
282787
290134
291256
298265
317557
322424
336125
341129
343648
347053
352403
356302
356651
360020
360857
361678
367488
375888
378168
379928
380872
382345
383055
385071
392655
396829
402119
407723
408395
411391
411474
412438
416728
419065
420617
435895
440570
440965
442983
444977
452234
456076
462200
473851
474295
480526
488879
493632
497056
503780
507790
524629
529939
531296
531783
535627
549739
549905
556813
556911
567628
570982
577006
578025
586698
590510
590736
594854
604302
606000
607603
613872
615010
616321
621370
628135
628201
629254
643287
645441
665727
665966
671391
675756
676386
681089
689471
689757
704625
707242
707699
710208
712406
726629
728170
730601
730810
731096
732753
738238
738798
759886
762822
766492
773033
774038
775955
776087
791519
802594
803399
803758
805736
808875
814476
817335
820534
822350
825963
828265
831088
833343
835333
836869
837381
844656
846009
849124
849678
849767
849810
862379
867953
872479
878969
889644
889745
890239
893816
898492
899200
902628
912876
917279
920630
930157
931378
947092
948291
948314
950212
953429
961469
965455
975264
983208
984314
988455
994799
995292
997917
1002217
1004182
1012054
1012813
1013605
1017507
1024843
1029705
1034670
1035915
1042949
1043312
1048720
1051222
1053608
1059603
1073085
1074419
1075199
1078176
1088536
1092382
1095851
1098194
1101024
1105153
1106606
1108826
1109449
1114682
1115203
1116970
1128092
1130257
1135592
1136486
1138255
1141347
1141397
1155490
1157456
1158439
1159608
1159779
1163483
1164136
1173498
1179335
1185814
1185965
1190044
1190150
1194017
1195171
1205478
1211452
1212746
1213329
1215381
1223078
1226222
1230119
1230120
1230414
1231370
1237798
1242004
1243848
1244640
1246936
1250957
1253570
1258905
1259512
1260358
1267941
1268333
1268674
1270856
1271521
1276184
1276185
1289855
1304915
1308257
1318580
1320129
1323669
1336617
1343820
1345589
1351522
1366317
1367403
1369637
1371568
1376722
1377761
1378720
1388816
1390306
1392598
1393712
1399835
1409520
1415902
1424288
1424703
1431487
1431545
1431765
1443847
1448718
1456350
1456964
1458945
1459534
1460365
1462844
1466207
1483546
1492461
1499191
1500333
1503828
1505638
1515154
1515478
1526229
1526575
1533059
1534060
1540640
1545097
1547696
1550094
1562784
1566582
1568143
1572559
1582406
1584997
1585358
1590157
1594027
1603472
1610780
1610871
1614701
1618664
1626271
1629840
1634539
1636746
1644170
1648675
1685661
1690025
1692811
1695915
1696032
1698670
1704802
1715141
1716700
1717229
1723158
1725556
1726372
1729301
1732991
1739954
1748271
1752664
1753358
1765338
1766254
1766611
1769940
1770844
1772255
1780932
1781921
1790027
1791907
1794714
1796875
1801468
1804666
1806308
1813721
1814816
1817729
1822371
1823719
1825363
1827417
1831870
1833248
1840983
1841946
1846226
1850921
1863982
1866324
1869870
1873002
1877051
1881292
1892958
1893919
1900576
1902856
1908216
1909062
1909391
1910779
1917376
1922011
1923266
1932145
1940141
1953217
1960922
1967852
1971704
1972455
1978512
1978522
1979004
1982771
1988675
1995633
1998109
2000266
2008950
2009808
2010894
2015136
2015683
2018892
2025563
2029633
2044489
2046377
2047006
2055709
2060406
2062984
2064350
2068865
2072734
2074672
2075986
2077709
2078882
2080288
2101249
2101320
2103091
2103280
2105412
2122391
2123466
2129293
2130075
2131456
2133233
2133615
2134909
2136173
2140677
2142897
2145114
2147775
2152518
2153617
2161398
2161833
2170430
2173120
2174890
2179387
2186349
2196641
2198174
2209057
2209927
2210446
2210801
2212028
2220346
2222282
2227706
2232267
2238136
2241788
2244727
2249266
2253239
2255029
2255719
2261330
2265209
2266737
2270404
2272345
2276886
2278669
2280431
2283615
2286028
2290870
2293326
2294316
2302362
2309334
2309355
2310963
2312990
2316974
2320109
2324288
2324921
2325744
2326301
2328077
2328142
2328697
2329188
2338534
2339174
2339297
2348200
2351470
2352128
2352457
2352544
2360398
2361092
2368562
2388558
2407501
2417995
2421290
2429780
2436610
2446457
2447051
2448295
2449495
2452665
2456402
2460162
2461085
2463264
2478340
2483773
2486288
2488626
2490767
2497818
2506625
2512547
2513266
2518770
2529003
2533407
2537258
2542028
2543333
2544520
2547200
2549635
2550697
2560944
2568282
2570682
2571571
2572240
2577247
2585140
2588639
2590295
2596784
2619356
2622629
2622843
2623872
2626538
2629467
2629594
2630110
2635431
2644560
2660190
2662530
2663983
2667381
2667856
2671288
2672233
2673120
2680550
2683175
2686114
2693045
2695587
2698530
2711040
2713584
2713818
2716863
2723543
2725634
2725804
2726245
2731508
2748647
2754518
2758681
2763753
2774539
2777105
2778043
2784399
2786315
2788382
2793475
2796508
2796820
2805690
2809390
2810021
2811054
2817831
2818006
2820819
2823677
2826322
2827721
2838038
2846205
2855888
2856395
2857815
2864616
2866385
2869248
2869884
2872456
2872619
2874831
2876930
2877206
2879409
2883050
2883781
2885899
2894127
2902274
2905864
2908836
2915674
2916319
2917062
2924202
2926318
2926634
2928094
2928143
2928673
2931961
2933174
2934645
2935684
2936034
2936590
2937371
2940307
2944455
2944638
2947068
2950782
2951342
2954419
2960621
2960719
2961922
2966858
2967149
2968576
2971557
2972745
2979542
3000713
3007418
3012457
3015319
3016008
3021044
3033319
3033857
3037178
3037406
3037449
3038036
3038305
3040158
3042663
3043762
3045115
3045414
3051489
3061831
3062320
3064810
3075371
3078013
3079610
3084866
3086667
3089054
3094591
3097318
3099153
3106006
3114725
3115172
3123894
3128242
3128594
3131158
3132031
3132602
3135410
3139963
3144904
3146557
3147566
3152823
3155090
3155196
3160555
3166881
3168765
3169975
3186587
3192573
3202092
3205332
3217198
3219159
3220188
3220393
3233402
3235414
3238526
3241942
3244004
3246316
3250835
3253239
3253443
3254391
3255974
3257516
3258373
3260743
3267951
3269288
3270257
3281639
3281830
3282880
3283341
3284708
3286018
3287051
3288592
3289201
3296047
3297419
3297839
3308126
3308457
3325326
3326273
3340083
3358951
3359192
3365485
3378107
3384645
3385604
3390960
3401487
3408018
3418471
3418539
3418801
3419480
3420692
3421212
3422342
3427990
3428435
3429374
3430402
3438363
3442160
3444203
3454355
3456359
3458606
3463914
3465947
3466857
3467643
3476530
3477690
3478408
3487084
3494371
3497941
3503592
3506554
3507739
3517057
3527454
3529570
3530539
3530628
3531458
3539362
3539713
3542132
3550379
3552884
3553943
3556543
3557413
3557514
3563680
3568007
3568613
3571608
3574317
3580886
3591795
3596429
3602040
3602754
3607580
3608663
3613191
3616891
3618051
3619083
3630118
3637808
3639029
3639595
3641693
3643415
3645838
3648730
3658001
3658167
3658657
3659063
3668846
3678649
3678850
3684535
3687604
3690125
3690579
3690699
3691682
3695205
3699775
3704862
3709343
3717591
3721734
3723302
3728207
3731248
3734473
3736589
3739798
3748636
3754903
3758687
3764993
3765495
3773832
3791758
3802906
3812768
3816507
3817823
3819828
3821708
3830047
3830105
3834628
3839092
3843319
3843775
3845497
3845569
3846603
3848117
3854371
3855651
3859014
3865748
3868344
3869439
3885318
3897495
3898622
3898892
3900536
3907996
3909851
3911139
3915365
3920567
3922167
3932865
3936690
3941616
3943180
3944946
3946011
3948301
3950817
3951090
3951916
3952149
3953123
3955492
3963474
3969286
3970882
3973024
3974049
3976386
3976463
3977369
3985081
3992490
3997298
3997940
4000360
4005449
4007379
4017149
4022505
4023301
4030123
4031674
4039690
4041502
4042338
4042384
4052312
4052665
4054897
4055451
4055885
4060705
4066451
4067028
4067512
4075041
4088114
4091130
4096437
4102618
4105107
4115466
4120922
4125391
4127575
4132804
4133142
4135104
4136724
4140910
4141376
4146204
4158800
4159398
4161918
4171104
4173407
4173526
4179501
4189087
4192137
4197279
4207932
4218462
4220465
4223879
4236258
4237730
4244991
4248021
4258469
4265616
4270425
4275248
4278953
4281065
4281076
4285075
4287700
4297916
4298520
4304791
4310964
4326233
4336078
4337139
4345136
4346604
4347371
4349252
4358428
4373234
4373391
4375592
4377438
4378426
4380601
4381114
4382075
4383834
4387910
4389892
4392744
4392791
4393215
4393524
4396358
4399084
4407501
4409496
4419301
4420196
4421544
4432356
4434062
4435166
4436297
4436626
4439771
4440138
4440144
4442286
4443795
4444767
4446489
4448946
4449833
4452447
4455271
4456104
4460375
4460768
4466915
4474593
4475858
4485535
4490280
4492009
4498190
4498860
4500721
4502392
4505565
4512625
4519113
4524033
4527410
4534726
4538394
4547528
4550786
4555252
4555355
4563321
4567111
4567435
4567755
4583262
4598669
4600756
4601091
4612265
4615420
4618159
4621964
4633216
4635058
4636102
4638859
4651803
4652259
4654718
4661637
4662468
4664443
4669192
4677176
4677504
4683584
4686206
4687216
4698801
4698959
4701015
4702108
4707047
4713505
4713756
4717376
4718525
4724522
4738529
4751440
4759930
4760106
4769361
4771632
4777451
4782318
4784609
4789486
4791346
4792228
4800210
4805756
4829883
4839230
4841106
4844242
4845834
4849508
4850979
4858712
4859219
4861909
4864980
4869470
4870092
4873475
4873874
4875061
4878240
4882426
4886885
4887226
4893875
4894003
4900568
4904277
4905084
4914843
4920547
4930772
4936438
4947538
4950581
4950775
4962512
4974349
4975325
4978243
4988058
4990865
4997096
4997183
4997978
4998157
4998207
5013355
5013887
5015153
5016093
5017133
5021412
5024408
5030235
5033693
5036067
5038123
5040380
5044660
5049655
5053463
5065818
5067368
5081620
5082847
5084231
5087831
5088074
5095266
5096804
5101027
5101712
5104813
5108097
5110300
5114252
5114321
5114959
5119003
5131445
5142049
5146635
5146961
5153034
5155157
5158438
5160975
5161428
5163591
5165801
5166652
5169464
5179161
5181710
5182175
5182758
5184165
5187878
5188997
5189005
5194765
5204671
5206685
5222225
5223861
5228121
5231233
5233926
5247304
5249296
5251805
5260669
5264214
5271393
5271858
5277281
5282312
5291748
5300299
5304094
5307129
5312969
5316564
5321159
5323719
5326326
5333673
5337810
5346280
5353862
5357464
5358251
5361155
5367166
5371174
5373627
5376001
5391859
5395949
5395962
5398482
5403712
5404222
5417870
5423390
5423590
5428966
5451757
5456332
5457552
5459033
5467476
5473093
5477774
5484879
5486784
5495068
5496021
5497753
5501053
5504199
5513842
5515406
5519281
5520134
5521727
5522839
5537339
5539668
5541528
5549186
5550461
5555476
5560893
5573662
5575687
5575997
5582417
5585463
5587267
5594766
5603522
5606762
5606945
5614086
5614530
5617093
5621490
5625038
5626309
5629454
5629977
5635993
5638171
5649451
5651060
5661045
5663471
5664593
5666134
5668499
5672578
5673700
5674948
5679120
5680354
5684751
5685389
5685766
5690916
5694900
5695211
5696204
5698854
5700380
5709112
5713451
5713677
5714167
5714182
5718140
5723871
5732456
5737095
5740641
5752824
5754561
5755187
5758539
5764373
5768052
5770685
5771115
5771296
5773280
5778328
5783460
5799211
5816644
5816694
5818946
5819554
5824089
5824794
5826526
5828075
5841330
5841458
5852893
5856322
5861687
5869008
5869976
5884045
5887579
5888010
5888617
5892432
5900404
5904171
5904245
5908128
5908510
5912303
5912963
5914084
5915354
5915587
5925556
5929632
5931672
5935247
5945551
5956543
5964812
5965878
5970084
5973600
5985550
5987408
5989208
5993554
5998156
6004044
6011252
6018775
6019187
6021018
6021557
6023999
6024049
6028972
6032193
6037645
6040399
6041743
6042481
6044605
6048863
6050701
6066151
6066796
6072917
6077824
6080390
6082030
6086912
6087470
6088867
6091372
6092793
6099144
6110833
6111684
6119028
6131759
6133940
6134228
6135905
6137895
6141575
6142588
6148665
6148895
6150583
6151760
6151955
6157847
6160134
6162703
6163723
6164820
6168286
6168334
6168854
6170497
6177073
6178377
6183855
6185250
6187937
6189825
6190423
6190643
6191365
6194100
6200801
6201906
6203125
6207699
6215677
6217229
6217633
6222614
6225583
6230082
6230609
6234912
6240320
6248797
6250716
6259706
6270114
6271401
6276651
6283862
6289540
6291812
6298892
6300264
6306891
6312196
6315876
6320249
6322373
6336183
6340907
6341996
6344990
6345100
6347512
6352713
6355855
6372536
6374396
6375668
6376806
6388897
6393790
6402598
6410007
6415856
6416483
6418162
6418951
6424426
6424959
6427108
6437049
6441878
6446232
6449523
6452081
6461372
6466141
6468081
6470855
6472225
6475444
6485573
6488807
6490864
6493310
6496645
6506540
6507363
6512098
6516406
6516565
6517543
6518434
6524420
6524949
6529331
6539241
6539857
6549234
6550687
6557951
6560866
6565930
6580133
6581299
6599790
6600001
6606013
6609520
6613440
6616373
6623852
6627390
6628183
6633602
6636449
6640326
6650228
6651565
6655086
6663220
6663751
6670986
6672481
6672644
6672984
6679473
6685728
6689312
6709295
6710839
6714831
6723607
6726065
6727605
6734515
6738513
6739704
6740139
6740706
6741374
6746303
6747159
6751352
6751682
6759031
6759670
6763097
6771955
6772291
6774600
6774698
6775459
6776177
6779490
6784887
6789182
6794242
6803997
6805007
6811288
6818433
6825480
6825542
6831646
6833632
6838052
6840537
6846773
6847686
6850205
6852514
6854610
6857968
6860559
6867664
6874641
6875564
6880058
6885661
6886724
6888405
6892696
6895382
6914754
6915073
6916324
6919787
6922548
6922869
6930819
6935811
6940108
6941932
6943384
6946133
6954680
6962949
6963755
6974241
6979761
6980909
6985136
6986805
6989982
6996174
6998380
6999959
7014683
7017609
7019028
7021495
7021547
7036939
7037232
7038250
7049097
7057953
7068358
7072396
7073226
7074845
7076821
7078669
7079501
7079593
7080174
7081305
7086682
7089913
7090948
7091527
7095713
7099507
7099756
7100000
7101262
7102339
7111997
7116049
7117067
7117921
7123574
7130404
7133248
7136227
7137779
7143008
7143214
7146052
7147813
7149116
7149299
7155069
7157552
7161895
7164905
7168888
7171856
7171903
7172469
7175056
7176153
7176179
7176242
7178218
7182088
7188212
7196238
7196470
7196492
7198198
7204944
7215996
7216771
7221189
7224933
7227903
7229901
7230159
7235580
7237861
7238284
7240197
7248074
7250219
7254209
7257432
7258615
7258616
7259907
7265773
7265928
7269725
7276025
7281771
7287701
7289494
7289838
7290267
7291834
7303164
7311787
7315728
7320526
7324595
7325425
7340173
7345142
7345412
7347296
7347461
7347736
7351559
7353571
7360942
7365540
7366140
7367705
7373343
7377029
7377456
7379773
7382532
7389056
7390822
7393153
7395955
7399708
7404138
7408381
7411098
7414243
7415256
7415436
7420924
7422820
7426329
7427406
7428711
7428964
7430141
7432184
7432763
7437489
7440098
7443567
7446781
7447624
7458705
7463030
7466729
7477585
7477974
7479408
7479802
7482595
7485222
7490810
7500713
7502796
7504342
7509260
7516835
7517698
7520159
7526749
7529883
7533482
7534039
7541864
7546795
7548957
7550420
7554389
7554727
7557091
7562995
7563677
7564929
7566888
7569304
7570894
7574178
7575280
7585469
7586603
7591616
7595474
7596320
7606925
7608752
7615182
7626874
7637673
7640385
7641274
7641546
7642023
7646322
7648971
7654424
7655909
7659323
7663515
7666180
7666552
7678908
7679529
7684118
7689604
7690644
7704811
7709459
7711390
7712482
7713995
7724848
7733497
7736588
7739127
7743339
7744336
7748474
7750135
7755311
7756249
7756311
7768384
7772630
7773883
7781247
7783321
7788524
7795821
7804116
7807339
7807782
7813635
7816255
7817947
7824952
7828655
7837789
7838285
7842154
7843129
7845861
7845969
7850670
7852169
7852834
7853927
7859740
7860648
7861446
7863322
7864139
7865968
7869665
7877124
7878068
7883947
7884841
7885027
7900325
7900533
7907015
7918706
7922770
7925360
7932536
7935080
7945413
7952333
7952466
7954428
7957413
7960662
7962623
7970016
7971965
7972679
7977852
7981983
7982367
7984355
7995162
7998694
7999053
8001890
8006698
8010566
8025878
8030619
8042942
8052249
8052434
8053785
8058154
8061088
8069957
8070919
8071749
8077014
8078381
8078930
8086993
8087348
8088459
8092053
8105909
8107313
8112635
8121221
8133447
8139280
8155732
8156452
8159471
8167735
8167794
8179215
8185491
8188036
8191170
8192526
8206712
8213705
8223085
8223964
8234110
8236355
8236693
8253892
8256608
8265577
8269869
8270349
8277949
8279145
8281371
8283305
8283842
8288409
8288859
8292331
8294035
8294790
8297158
8302882
8304630
8312980
8314635
8319343
8319390
8321816
8326701
8327335
8328373
8333265
8333757
8342129
8342306
8344607
8344653
8351800
8356644
8360181
8361861
8366549
8369970
8373728
8373779
8376903
8378062
8381895
8382597
8383315
8384909
8386040
8401085
8401728
8412815
8414546
8415505
8417677
8426350
8432794
8434037
8438464
8445372
8457399
8458425
8458880
8464633
8472073
8492528
8495959
8496605
8497474
8502773
8504672
8505753
8522287
8525361
8525513
8531973
8533595
8539976
8542198
8544854
8548982
8549822
8555253
8559769
8560490
8564532
8565483
8566522
8566701
8570151
8571858
8576487
8583408
8586210
8590161
8596184
8596542
8601617
8607447
8612981
8617758
8620473
8621361
8625919
8628884
8631817
8632089
8634932
8638151
8638443
8645117
8659197
8661472
8661837
8662222
8666778
8666827
8676506
8684411
8684414
8696121
8697945
8699962
8714223
8715004
8717563
8726002
8726813
8728629
8731218
8732879
8734370
8736827
8738632
8744312
8746868
8747524
8747661
8750216
8750682
8758654
8760927
8765477
8767105
8777504
8781801
8782685
8783728
8787139
8801754
8835663
8837805
8840003
8841232
8845575
8849148
8850809
8865370
8866471
8868731
8872778
8876176
8876621
8883055
8884553
8884569
8885142
8885143
8887451
8887999
8890290
8891809
8892208
8892623
8892975
8898526
8898819
8900587
8904609
8912405
8917395
8917865
8919808
8923845
8927943
8929736
8930287
8931288
8939377
8941102
8944855
8945436
8945659
8946115
8951354
8958325
8958894
8961015
8961912
8962205
8965089
8965252
8972587
8975371
8977359
8977545
8980179
8983474
8993743
8996406
9004953
9007009
9011442
9013070
9013107
9014365
9022388
9024075
9024845
9027997
9028927
9033072
9033826
9037382
9053051
9054576
9056288
9056777
9060781
9068429
9069108
9071378
9072007
9075920
9077342
9088246
9089853
9093524
9096861
9127557
9131046
9136021
9142485
9144132
9146895
9148400
9149403
9149433
9150511
9151387
9151553
9154372
9154842
9156870
9164952
9169459
9171070
9176176
9187278
9191030
9194538
9200144
9200658
9207010
9211355
9212630
9213208
9216137
9219682
9225945
9237888
9242918
9247506
9249496
9250485
9257110
9257674
9257762
9260000
9261609
9267452
9271094
9276821
9280037
9291550
9292516
9293488
9296838
9300179
9303408
9305712
9308027
9309981
9310405
9313496
9314948
9318370
9319901
9323544
9324418
9334357
9344589
9345030
9349652
9353721
9361838
9376351
9379381
9380359
9388102
9390113
9396113
9399493
9400868
9409329
9421535
9431981
9435983
9437849
9445840
9455420
9459267
9460151
9470328
9470931
9473145
9474402
9483733
9496206
9497692
9498259
9499578
9507622
9510300
9524803
9533801
9547673
9548849
9549471
9554073
9558290
9566754
9568788
9572170
9573415
9584474
9585485
9587536
9592551
9596894
9597631
9598728
9604331
9605291
9611284
9627343
9627481
9628558
9631947
9632946
9636479
9637095
9639486
9644594
9654892
9659077
9666707
9671090
9676195
9683891
9686683
9693232
9697594
9702537
9702782
9705158
9706752
9716663
9726453
9731929
9736214
9739446
9741798
9742531
9746564
9748079
9755742
9755973
9756656
9758627
9759621
9761180
9763485
9768855
9772643
9774553
9777979
9778195
9784583
9785412
9785916
9793275
9796643
9804087
9809714
9820014
9824417
9831910
9834731
9835063
9836182
9836380
9844190
9844200
9845623
9853149
9857358
9858861
9858992
9861314
9878270
9880429
9883307
9884433
9884534
9891551
9891846
9894168
9895574
9896816
9897848
9901038
9910595
9912838
9913217
9921507
9923424
9925611
9942473
9946453
9950006
9957731
9957945
9960092
9965906
9966107
9970251
9971002
9972427
9983147
9986786
9987788
9988880
9989483
