8348
9948
13534
13724
14681
18517
18918
25878
27191
36543
48780
48901
52157
52255
59057
59717
62104
62282
65756
66779
72202
76069
79314
80820
82900
83907
83952
84745
88976
90046
94725
99208
103202
104152
106558
107281
108251
110331
114878
115199
120140
122165
127581
128625
129879
135875
143275
145652
146164
146205
156507
160124
163848
172614
173948
177555
181860
183966
192525
194095
195355
196550
210007
210555
217024
226290
228092
233434
237697
245661
252291
253098
261832
262375
264809
265896
266342
266836
269116
271930
279250
281932
283748
285370
285809
293369
294100
310703
311475
314983
333781
335123
335587
338319
342003
344867
346197
351118
374923
386550
395519
395959
398616
403442
404432
419289
422469
423298
441368
451352
453623
454530
459968
463283
465082
470655
472115
478516
479633
485062
485587
486201
487068
487727
491446
497791
498081
500490
502273
506067
506401
514290
514523
515184
524357
524728
537778
538181
542434
559025
562448
564505
566803
572752
573451
576382
590415
594168
594425
595726
606750
610534
620036
631077
639873
642155
644038
648015
649291
650581
661160
667120
671029
671824
672111
683929
690639
695473
700301
700836
708609
712305
720335
720631
721557
730999
732905
737403
742494
743610
745972
749330
750178
759437
760825
762171
767384
774013
775495
779186
780720
781090
784989
785542
788161
802615
808211
815930
834450
841244
841581
842603
845913
852494
862441
866058
868317
870934
875840
883786
884968
886776
886902
891480
892055
900309
901320
901365
901531
908494
908902
920508
921514
922624
924382
927148
930307
937579
938570
954071
975558
978235
979402
979431
983569
984180
985981
987927
991799
995279
995667
997025
997968
1011078
1013912
1018566
1026387
1026924
1028552
1029520
1032784
1037093
1039697
1041417
1046989
1048695
1049509
1055287
1057985
1059863
1063660
1065894
1082015
1084848
1087921
1089767
1090236
1094471
1096153
1110648
1112617
1115591
1119775
1122571
1130324
1139495
1154426
1156836
1157260
1158582
1158594
1158853
1172970
1173280
1178843
1183592
1189800
1195594
1205061
1206056
1218150
1219914
1225013
1232506
1238152
1241202
1242027
1252521
1257277
1260073
1261563
1268953
1270749
1271956
1278592
1279180
1283065
1286222
1291363
1293523
1295281
1295532
1303135
1305134
1308846
1310264
1312067
1317028
1319796
1327292
1331800
1333402
1333845
1338275
1340638
1346798
1348757
1349409
1366637
1368623
1371525
1374258
1381271
1384196
1385411
1390705
1390834
1394546
1397065
1403063
1406836
1408776
1411821
1419147
1419212
1429484
1433007
1433358
1433583
1435858
1436020
1437280
1447025
1453020
1470691
1475215
1480063
1480345
1490569
1491403
1496196
1502660
1507149
1511212
1521896
1522205
1522432
1525434
1532362
1533798
1536976
1539854
1540665
1543737
1547744
1549395
1554715
1555469
1555805
1558649
1568978
1581374
1586011
1586600
1592063
1596927
1598860
1598917
1601376
1605365
1609926
1611663
1620502
1621997
1623923
1625760
1629017
1631166
1632547
1638237
1638405
1644187
1644464
1646745
1647938
1654341
1658950
1688852
1691683
1693047
1703278
1703740
1708371
1708855
1720819
1721131
1721237
1726175
1731435
1735643
1738274
1739862
1742636
1743549
1743650
1745592
1758212
1759852
1761393
1763540
1767042
1768741
1776469
1790392
1799611
1804273
1805633
1807875
1813033
1829438
1834298
1839341
1846797
1849116
1855959
1858665
1863123
1863580
1870952
1874980
1883967
1885238
1887096
1887461
1890112
1894848
1897699
1899430
1900493
1901248
1908701
1913901
1917139
1920312
1925717
1928975
1929861
1931149
1933057
1935489
1941536
1945820
1949442
1949516
1952184
1952833
1957536
1960094
1960905
1967111
1969616
1971854
1974849
1975483
1977138
1988624
1997677
1997904
1999635
2001005
2004140
2010026
2012863
2017827
2018137
2021189
2021844
2023193
2028317
2028363
2046540
2049282
2050791
2053096
2055970
2058525
2063963
2064267
2069011
2070142
2075025
2079944
2081608
2082954
2087200
2088679
2090846
2091035
2097876
2100610
2104148
2110473
2111857
2115780
2119170
2123737
2130757
2131727
2136613
2143921
2147738
2148179
2148978
2149419
2151351
2156939
2164574
2171880
2173764
2176952
2180413
2185064
2188519
2194143
2195270
2196351
2201835
2205373
2206806
2209498
2215283
2218137
2232946
2233905
2242497
2247749
2249010
2254835
2255708
2256408
2263578
2264454
2268097
2277515
2285401
2295006
2298557
2302085
2305372
2314377
2324783
2329466
2330423
2333494
2334272
2341138
2345643
2345751
2353344
2353489
2364644
2365757
2366828
2367741
2370953
2386785
2395023
2398387
2403296
2403411
2404591
2424213
2426843
2429781
2429784
2431078
2432840
2436269
2439969
2441287
2442854
2443984
2450873
2455843
2459062
2465492
2485104
2486721
2504394
2509728
2513659
2518049
2527514
2529614
2531347
2533825
2535514
2537544
2541579
2541706
2550841
2553638
2569734
2570027
2584001
2585315
2587985
2589427
2592007
2594570
2599368
2601976
2609103
2612987
2615979
2629361
2630795
2634479
2643445
2645806
2647462
2649337
2651563
2662914
2663370
2667517
2668181
2677690
2680830
2682777
2684095
2688913
2694057
2696144
2700501
2703225
2704108
2706340
2707910
2709823
2714893
2715508
2718447
2719851
2728663
2729396
2737287
2738484
2745339
2749066
2751381
2777214
2784999
2789445
2791570
2795729
2799571
2806140
2807311
2807707
2811682
2818820
2828395
2833642
2845103
2851826
2852938
2853647
2856100
2857896
2858443
2859560
2863515
2871846
2879689
2880171
2882699
2886954
2890898
2897904
2902683
2905553
2912418
2916466
2920147
2925109
2935771
2944882
2945469
2947930
2948084
2951181
2951682
2959374
2959948
2963763
2968155
2978814
2981141
2984406
3002343
3014311
3014320
3020838
3022924
3037271
3039171
3040636
3045869
3046374
3050252
3061716
3066249
3066965
3071333
3074789
3081462
3083668
3088735
3096700
3096991
3098402
3098719
3103316
3117115
3123538
3124721
3125532
3127582
3130060
3130617
3134312
3148869
3150394
3152046
3162819
3165637
3172809
3175937
3177692
3180667
3182209
3183888
3193396
3199635
3201705
3210329
3211092
3225694
3233430
3234574
3239366
3241893
3243135
3245816
3247035
3250938
3252538
3254325
3257402
3259342
3259840
3263960
3267455
3269012
3270386
3278513
3282826
3286604
3289824
3297632
3301978
3302861
3308833
3311679
3313810
3317757
3318139
3320451
3324820
3326824
3328117
3333195
3337128
3343888
3348129
3356208
3356444
3357488
3361307
3361890
3371515
3377370
3379533
3380632
3381475
3382630
3385936
3388064
3393972
3396150
3402611
3409488
3411078
3416455
3424067
3426363
3434709
3443801
3449894
3449953
3452937
3463621
3473372
3474177
3478197
3483692
3485191
3486545
3489793
3490464
3490632
3495649
3500590
3505977
3508829
3511233
3514257
3518427
3520317
3523781
3526553
3526960
3529970
3533151
3533226
3534166
3545340
3552528
3556479
3559456
3559474
3559912
3565933
3568830
3571574
3575752
3586460
3590297
3592405
3592646
3595890
3596498
3597103
3600720
3600822
3603312
3603367
3608618
3609247
3616461
3629780
3630591
3633401
3641028
3643579
3646260
3648390
3656702
3657899
3658335
3665061
3666196
3675474
3675545
3676285
3677870
3692461
3711386
3720778
3722077
3723925
3724517
3736356
3741677
3746429
3752608
3756330
3762810
3776879
3778134
3779206
3779989
3780927
3784463
3784897
3785172
3787131
3793832
3795933
3797398
3808089
3812475
3824261
3824543
3826161
3826575
3826616
3828417
3829845
3830888
3860976
3870140
3870615
3873616
3882902
3906077
3906288
3912402
3914090
3915062
3918812
3920850
3923111
3923808
3925010
3927107
3927597
3928607
3929295
3932149
3932711
3935452
3936604
3938099
3938192
3938616
3940347
3946430
3950873
3952744
3954323
3956688
3961683
3967170
3970799
3971753
3974086
3974188
3978216
3978322
3984568
3985294
3993030
3995844
4001093
4001430
4001484
4027413
4027715
4030770
4037807
4042972
4044319
4045300
4049578
4051059
4052639
4061184
4067992
4069979
4069999
4083576
4084680
4085563
4086790
4106699
4106967
4110320
4112661
4113555
4116060
4118359
4119246
4119622
4128640
4136704
4139194
4139825
4140005
4141017
4141121
4141870
4142849
4153598
4160855
4162995
4171777
4175803
4176959
4179007
4180054
4182844
4187954
4191990
4195199
4196998
4197273
4199661
4200454
4200757
4201232
4215304
4218236
4219078
4237503
4240116
4242640
4257743
4261801
4263690
4264182
4264193
4265613
4269574
4270819
4280913
4300313
4305171
4305340
4306730
4310956
4322595
4323574
4323708
4323857
4325847
4329078
4331500
4333222
4333961
4336462
4341248
4347126
4347721
4352026
4353049
4355040
4359546
4359844
4360111
4362740
4364756
4365583
4366666
4367208
4369584
4370479
4371429
4380348
4381832
4386271
4389493
4391484
4392746
4393716
4394368
4397263
4404252
4405612
4408963
4413208
4415028
4415766
4417792
4419092
4421893
4423198
4423385
4431514
4434465
4436851
4438813
4439075
4440446
4441846
4452991
4460648
4464211
4466390
4467735
4469129
4469187
4471870
4479447
4483904
4484960
4486811
4499880
4504573
4510891
4514603
4522819
4527506
4528774
4528843
4530340
4531862
4532616
4539957
4554013
4557284
4558890
4563044
4563265
4571503
4575930
4579794
4587773
4589325
4594731
4597958
4601641
4610219
4611674
4628279
4629563
4630797
4632166
4639631
4642092
4642179
4644872
4645084
4645443
4650012
4652789
4655849
4662436
4667159
4678303
4686810
4688187
4691469
4694485
4694489
4701618
4701628
4702914
4703050
4704881
4709167
4711935
4720244
4724014
4725380
4730755
4731581
4737877
4741875
4745954
4749299
4750479
4757741
4757790
4759011
4764213
4766170
4770834
4772506
4773790
4781487
4787732
4787738
4788133
4789299
4793059
4793231
4798594
4799791
4803948
4809528
4814983
4816783
4817095
4828016
4834386
4835586
4843856
4846365
4849186
4853337
4854257
4861586
4867757
4869417
4869911
4897866
4910145
4916175
4916953
4923552
4926772
4931870
4933334
4940582
4943027
4951656
4952116
4953264
4960034
4961353
4981095
4981625
4988296
4992939
4993060
4994598
5005344
5019293
5022721
5025558
5031913
5034125
5039479
5041524
5042364
5042913
5048112
5050947
5068071
5069232
5072505
5075388
5082694
5083083
5084632
5087376
5087701
5095338
5096246
5096995
5106437
5117186
5128197
5136641
5142425
5148143
5149235
5158146
5158160
5161487
5171729
5171795
5180887
5185975
5186823
5192007
5194327
5194992
5195622
5197205
5199824
5200442
5204018
5210931
5214366
5214536
5214842
5223296
5223880
5224296
5232503
5233449
5235055
5236301
5237251
5240375
5244032
5245574
5255915
5258286
5258442
5260663
5264290
5264994
5265012
5267637
5267975
5271044
5272363
5273839
5275735
5280767
5285532
5287981
5288246
5294154
5302999
5310137
5317695
5322433
5323204
5329644
5331347
5332763
5334400
5339532
5349606
5353062
5353187
5354028
5355971
5361037
5361152
5365447
5369792
5373327
5378724
5394054
5395096
5396406
5396863
5399094
5408555
5411155
5415610
5422394
5424123
5426061
5429029
5437939
5439401
5443020
5447493
5447697
5447987
5451491
5453156
5462386
5463628
5465649
5472350
5476580
5489487
5494519
5495020
5497163
5499123
5508001
5510802
5511802
5516411
5517336
5524746
5526685
5527284
5531794
5536635
5538078
5556838
5557069
5561797
5572989
5574500
5583251
5585869
5591242
5617751
5617903
5618508
5619946
5621787
5621816
5622341
5622510
5624041
5632227
5641781
5642694
5644832
5653465
5655849
5674284
5675458
5681017
5682409
5682858
5686376
5690314
5692580
5693258
5694640
5695990
5703241
5706744
5710063
5710913
5718894
5727610
5731804
5732360
5732836
5735110
5735421
5735831
5737311
5739493
5742304
5743652
5743780
5749277
5770238
5771547
5772181
5774429
5776551
5783975
5791954
5799156
5801199
5801317
5809183
5821651
5821828
5823506
5823691
5833139
5834411
5838736
5849348
5858961
5863395
5865278
5875687
5881435
5887355
5893431
5901473
5908255
5913585
5916746
5922038
5924630
5942085
5944891
5945584
5945945
5956218
5960571
5965265
5968417
5969114
5971544
5978359
5982248
5985053
5986930
5990320
5991070
5999237
6007126
6008856
6010955
6011310
6014335
6016211
6026486
6029073
6033460
6033615
6037736
6043704
6044561
6071441
6077805
6095410
6096661
6106307
6108763
6110106
6112347
6126330
6126723
6135616
6136777
6139994
6140557
6141134
6142691
6148703
6148745
6151367
6152721
6153597
6160383
6170530
6170939
6172380
6175453
6175570
6176083
6177335
6177347
6195261
6201816
6215192
6229662
6233860
6239179
6243818
6252355
6254664
6258308
6262285
6262756
6263849
6264810
6272626
6275157
6281947
6282043
6286245
6292051
6302496
6311551
6312448
6313313
6315405
6324719
6326822
6331535
6332189
6332928
6341008
6342105
6348636
6353336
6354616
6367780
6380331
6391045
6393446
6398058
6402086
6403632
6407442
6409307
6409632
6421236
6422657
6422973
6424074
6445330
6454356
6464125
6469900
6471953
6476933
6479564
6482569
6485797
6509570
6510277
6510916
6514465
6517368
6523709
6533990
6537602
6538158
6540731
6541001
6542897
6543040
6553151
6554083
6559972
6569559
6581782
6583130
6592155
6601526
6605714
6606971
6609156
6609611
6622558
6622718
6627990
6628263
6629164
6631183
6635544
6636419
6643339
6644264
6645523
6646415
6648774
6649004
6656318
6662967
6669676
6678220
6681895
6683615
6687259
6688459
6688893
6697181
6698190
6698949
6712242
6718812
6720646
6721352
6723075
6734929
6736468
6741183
6744045
6746786
6749619
6750823
6752542
6764466
6765367
6767144
6767604
6771532
6772596
6774351
6777612
6778349
6791437
6806508
6811184
6811597
6815508
6818887
6819482
6825563
6830873
6832668
6833857
6834381
6839520
6841708
6844545
6845820
6849428
6864139
6864409
6864545
6873549
6878917
6880971
6883123
6889656
6895347
6896008
6896711
6897148
6898210
6913904
6916280
6917930
6919857
6921736
6922056
6957888
6958679
6960200
6962518
6964829
6970156
6973918
6984689
6987813
6989703
6992468
6995320
6998223
7002876
7010101
7014382
7016365
7020881
7022451
7024085
7024707
7034448
7047826
7050193
7054600
7060124
7066928
7075295
7076578
7077019
7077248
7080715
7097235
7099957
7102883
7104155
7104212
7105780
7110764
7113316
7118599
7128416
7141052
7141415
7143832
7146469
7155072
7156293
7159112
7166068
7170589
7182814
7185362
7188483
7189296
7190214
7197491
7201941
7203097
7203440
7205917
7207797
7208131
7215949
7216041
7217385
7221141
7223640
7224935
7229501
7240573
7243222
7246468
7248129
7250561
7260770
7265296
7267052
7267150
7273839
7278484
7283616
7287488
7294827
7300384
7309163
7314982
7317854
7320795
7322887
7325964
7328206
7331366
7335657
7335716
7340006
7343717
7345692
7347676
7348129
7356685
7357761
7359921
7360152
7363141
7364720
7368355
7369410
7370469
7373400
7374692
7380948
7382515
7388516
7389829
7392158
7393423
7403801
7407182
7414426
7424525
7429719
7432714
7441012
7441320
7446608
7448942
7451028
7462675
7462982
7464439
7467058
7469550
7471853
7476367
7482459
7485552
7490286
7493559
7493806
7500891
7501207
7503922
7504457
7510845
7516357
7518300
7526351
7527313
7529045
7530325
7530699
7540901
7543871
7547573
7549638
7554299
7557069
7566583
7567464
7568162
7569030
7572360
7576364
7579873
7583426
7591185
7592897
7603695
7604693
7608345
7611359
7620132
7629499
7630182
7636526
7638341
7638947
7639078
7639178
7641014
7641678
7653918
7656749
7657083
7664996
7667040
7667226
7667363
7675617
7675921
7679257
7681852
7683296
7687357
7691237
7692286
7693020
7696056
7702772
7704947
7705119
7706535
7710255
7711065
7711638
7716766
7723567
7725606
7727216
7730136
7742282
7744921
7748619
7766478
7766775
7771205
7775015
7775386
7778986
7781205
7783055
7786606
7789338
7789363
7789478
7790293
7794621
7795448
7797452
7797676
7798773
7802005
7802593
7804202
7809242
7837685
7838931
7839602
7840042
7841313
7841423
7846010
7852434
7856401
7857995
7861038
7863093
7864581
7867043
7868577
7872733
7876686
7880327
7883432
7884930
7889419
7890436
7892279
7902677
7905244
7907604
7920229
7923306
7932025
7933216
7933516
7939613
7939834
7946715
7960334
7971178
7974817
7975832
7975959
7976587
7978711
7980989
7988430
7992424
7992838
8002504
8002921
8003166
8003250
8009451
8009983
8010654
8014721
8016670
8023051
8025161
8028952
8037562
8041062
8043701
8045971
8046758
8052609
8052700
8060876
8072282
8074347
8075884
8078661
8080638
8085912
8086257
8087181
8087402
8092154
8092542
8103249
8107189
8110952
8113218
8121574
8129585
8132071
8139002
8140223
8142742
8143378
8144225
8146751
8148161
8148537
8149411
8151496
8157632
8158843
8162725
8163253
8165581
8173561
8182809
8192797
8197560
8199234
8201127
8204436
8205215
8213741
8222078
8232533
8239710
8239771
8241026
8245034
8245882
8248428
8249332
8258340
8261898
8268971
8274056
8282167
8287280
8287535
8288123
8289411
8290349
8290815
8296583
8297484
8297730
8298719
8311413
8315235
8315528
8321137
8322704
8326471
8331841
8332523
8335838
8341298
8351117
8367515
8375279
8377742
8380455
8387076
8388567
8389222
8394744
8402066
8404170
8407287
8407639
8409103
8411657
8415690
8424911
8430935
8433010
8433335
8439066
8439541
8448551
8453430
8454477
8456631
8459349
8462679
8469095
8469928
8471094
8472080
8478348
8478655
8483646
8489967
8496681
8500529
8504771
8510900
8511453
8516830
8516967
8520702
8526487
8530669
8547521
8549205
8553714
8560078
8560894
8562621
8564752
8573923
8576251
8588078
8588387
8589382
8593571
8594602
8595197
8596841
8603139
8605073
8618870
8626782
8632577
8632796
8636604
8637444
8639203
8647782
8649203
8656291
8657431
8670096
8671564
8673637
8677963
8681931
8682192
8683867
8689299
8689506
8695705
8700631
8712657
8713080
8719070
8719604
8722786
8728032
8730957
8738438
8741357
8746850
8753950
8754675
8756979
8757477
8759222
8759325
8761665
8762125
8769207
8771379
8772969
8774431
8776608
8779340
8787990
8789084
8796360
8797103
8813455
8819594
8826266
8829417
8829815
8832758
8833910
8835445
8836414
8841284
8847646
8849782
8852368
8854101
8859221
8860930
8866009
8868793
8869509
8869731
8876643
8877913
8886002
8889013
8889343
8890668
8890782
8895298
8898524
8898931
8902453
8909390
8912168
8912519
8921622
8925451
8925723
8930439
8932452
8934760
8940337
8948220
8958312
8959825
8961128
8962813
8964427
8970757
8977200
8977690
8983256
8983655
8988565
8989696
8991771
8996632
9000787
9002052
9005278
9005465
9008125
9013281
9023595
9023806
9032579
9039227
9040448
9045792
9046830
9049682
9053571
9054184
9056085
9069310
9071402
9073455
9075255
9083797
9084595
9086717
9090059
9092643
9095776
9101197
9103863
9108155
9111655
9112131
9116890
9129208
9129335
9131568
9143378
9146173
9147619
9152725
9154102
9162941
9163736
9164187
9165848
9170060
9170500
9173798
9175689
9194383
9195542
9195915
9205078
9205254
9211384
9215835
9216871
9218410
9220585
9228000
9232654
9235404
9237752
9238158
9239112
9242035
9244220
9246787
9249976
9251482
9255572
9261478
9261790
9268899
9272009
9272894
9275067
9276211
9288896
9289244
9293625
9294608
9297302
9298620
9304178
9304703
9309792
9312420
9320270
9322662
9322745
9330024
9332217
9332897
9333242
9338552
9345098
9350510
9352591
9354942
9362880
9378881
9379339
9383623
9387242
9388037
9390628
9393570
9393952
9394681
9402887
9406421
9408994
9412994
9414008
9430987
9442903
9449466
9449476
9449598
9451938
9456857
9459374
9465125
9473792
9485427
9485527
9486029
9490439
9490628
9494606
9497759
9497767
9498036
9503003
9505409
9507101
9507629
9517081
9528049
9536288
9554252
9559710
9559891
9561964
9563052
9571739
9574178
9578442
9580122
9580854
9581822
9585538
9586011
9586133
9589561
9591560
9602030
9604411
9606112
9608285
9611547
9616753
9618556
9619139
9619270
9624040
9626938
9631527
9633196
9645599
9650674
9650865
9651692
9656755
9658457
9659311
9671783
9672227
9686445
9692630
9695694
9700362
9701502
9705714
9706528
9706577
9707904
9714582
9715023
9715581
9723164
9723319
9723567
9728321
9729321
9731678
9743485
9747093
9749405
9751236
9756573
9758861
9761263
9765449
9770000
9770333
9772347
9773052
9774627
9797855
9799034
9801188
9803640
9804704
9809512
9811465
9813997
9817649
9818495
9821174
9828662
9831912
9836781
9839938
9842493
9853203
9854854
9857968
9861163
9864216
9866505
9868804
9872588
9881195
9887017
9888239
9888634
9895665
9901597
9906542
9908795
9914998
9920824
9930888
9931217
9932341
9941026
9941848
9947870
9954836
9958764
9960152
9961543
9975344
9975408
9977054
9977699
9987915
9989931
9992279
9997341
