2786
8909
12747
14338
19929
20367
20739
29353
42004
45401
47479
63008
63348
64674
67451
78769
83692
85005
100351
103910
108050
117046
123208
130280
138710
144243
155378
164334
165312
172500
176924
182243
185351
188977
189133
194658
194974
204690
212531
212647
214392
214942
217680
218502
220213
220273
221231
222406
239203
246211
246459
250348
252275
253386
264332
278914
285653
306032
317571
322480
340043
344871
357442
369215
369924
370374
378241
381046
385426
391872
400779
402754
404066
410488
414729
417828
420399
431548
442609
448163
464235
464547
468430
473184
473288
493330
506028
507558
508687
509126
509127
511939
513156
529250
533178
545487
549005
566212
568888
575509
585096
592192
596174
598796
599330
611563
618381
622512
624861
636022
636306
637679
638971
645805
647276
648662
655454
661287
673777
701244
703418
705053
705070
714778
715953
722453
732538
737494
739195
750716
755346
755812
766989
774316
774499
786719
790402
803663
819339
825532
830961
843977
861261
863261
870659
879621
884603
890268
891617
894100
913018
913624
913851
914155
914296
919397
920256
920758
936231
953643
957613
970148
972185
984287
993090
995290
1011510
1012040
1016809
1028028
1030193
1037580
1038039
1039144
1049508
1049579
1053889
1066686
1069009
1069641
1073418
1078524
1082441
1083456
1090408
1091521
1096288
1097254
1099354
1101091
1105346
1135235
1139102
1139414
1151018
1160235
1162541
1169147
1172434
1178125
1178806
1180617
1203997
1207981
1212505
1238848
1246817
1251298
1263593
1270716
1272847
1282111
1289403
1311030
1313645
1322860
1324983
1332773
1353903
1357951
1362412
1385391
1387018
1390436
1397352
1401869
1405061
1417171
1423152
1423351
1435130
1443650
1447060
1449186
1458788
1463024
1475129
1481714
1484174
1485121
1494692
1523184
1525621
1527241
1539049
1540975
1545424
1558111
1561697
1571187
1577764
1582099
1588086
1597889
1597918
1621444
1643710
1644435
1650920
1657250
1663702
1670856
1684020
1689011
1689397
1692950
1695936
1705885
1709690
1733710
1735603
1739967
1747279
1756236
1762764
1763586
1763703
1765536
1769434
1772729
1773042
1773613
1774321
1791827
1792039
1798247
1798381
1801728
1804853
1814702
1817316
1822247
1827493
1827555
1830196
1848997
1857230
1861514
1864968
1865955
1876699
1881111
1887211
1890262
1898442
1900193
1908284
1912850
1914055
1914855
1921825
1925015
1943728
1958911
1961941
1969399
1974735
1976878
1979641
1982319
1986364
1987656
1988553
1990134
1996483
1996798
2004001
2024941
2026547
2027056
2029769
2033497
2037534
2040862
2045382
2052091
2056269
2056769
2060130
2063650
2067048
2071192
2075760
2090196
2095806
2097687
2099717
2100389
2105537
2107406
2107820
2108162
2108219
2109441
2113208
2123466
2126651
2136126
2140987
2142309
2155286
2158986
2164442
2165308
2167555
2169670
2186855
2239216
2241460
2246928
2248192
2258871
2265014
2274614
2276073
2277365
2278713
2282973
2289984
2298817
2304598
2307457
2316103
2323604
2327351
2344592
2351468
2354755
2365066
2371436
2371492
2374879
2383435
2384772
2392469
2405985
2411557
2413430
2415746
2425523
2429382
2436051
2443895
2449641
2453722
2460519
2463311
2465747
2469564
2476508
2476882
2482546
2497406
2499949
2513514
2520867
2524688
2531055
2539192
2544355
2549813
2551667
2553501
2554949
2560091
2564160
2567706
2585520
2586677
2592242
2601379
2606118
2606863
2611092
2612356
2617526
2622302
2627070
2639220
2649170
2666654
2671145
2673937
2687619
2696262
2702355
2703142
2715069
2730159
2738104
2738266
2739730
2739759
2745213
2746956
2748647
2753587
2755315
2761978
2774756
2776821
2782637
2808939
2821060
2850165
2852069
2858080
2862348
2863103
2878289
2878687
2890182
2903489
2917608
2921104
2924836
2928889
2932994
2960011
2965303
2971203
2977371
2985130
2990717
2990809
3003049
3014234
3022022
3022991
3024172
3027581
3031323
3089333
3095203
3101894
3106624
3106964
3125714
3128836
3136965
3140857
3141559
3142680
3145285
3146235
3150072
3153700
3159658
3160333
3163371
3171770
3173839
3174111
3176109
3180086
3190506
3199431
3202369
3205904
3212047
3219224
3219893
3228098
3235316
3238572
3252490
3254266
3255924
3256538
3260949
3270764
3271482
3272580
3272659
3276572
3286406
3298355
3299978
3302328
3309984
3318645
3324610
3329369
3331244
3333238
3335395
3340835
3346192
3346234
3370327
3383745
3389994
3393655
3393784
3395889
3396501
3397185
3401413
3402552
3414077
3420267
3432409
3438734
3441678
3464880
3475892
3485219
3494209
3494610
3497799
3502421
3511498
3515706
3520645
3522362
3553197
3563276
3569262
3570634
3572772
3613659
3625873
3629002
3633313
3635614
3635733
3639260
3644095
3645783
3646158
3646161
3647198
3664064
3670836
3673057
3685816
3688841
3696428
3699782
3714076
3719159
3719251
3720005
3721998
3739074
3740348
3740385
3741272
3750564
3763207
3768209
3768425
3770744
3773685
3777602
3777747
3780247
3791915
3801339
3808299
3831680
3833308
3836156
3836445
3840696
3842439
3845495
3849602
3850077
3851299
3865099
3867504
3873354
3874726
3876557
3878772
3882908
3888185
3889843
3898044
3899736
3909980
3910067
3910459
3913136
3913749
3914024
3918911
3919162
3921682
3927786
3931395
3937406
3949317
3949716
3950036
3952779
3968594
3970083
3970631
3971132
3973702
3978856
3984561
3990307
3990905
3995987
3996570
4012889
4014350
4016724
4019214
4024411
4028165
4034078
4047661
4051627
4060922
4062220
4072054
4077095
4077723
4078996
4081213
4086497
4096377
4100107
4101875
4110210
4113609
4114285
4115128
4117536
4117997
4122595
4123392
4125213
4126005
4138317
4149394
4154208
4154335
4157674
4160747
4171676
4171860
4176259
4177451
4185408
4187610
4192989
4209271
4221218
4221948
4222344
4228389
4229157
4231148
4231467
4231634
4245400
4262930
4271647
4276562
4290538
4294381
4295227
4296936
4303193
4307715
4309727
4310849
4311243
4315876
4330967
4344125
4346429
4346945
4351384
4360217
4370622
4371558
4376505
4380768
4383978
4384444
4393968
4402788
4408397
4410569
4421295
4430448
4433940
4435110
4436308
4445700
4446361
4461322
4464626
4472028
4475602
4480124
4484638
4485227
4489613
4495774
4500151
4502460
4505535
4513396
4515156
4519564
4541037
4551914
4559730
4570911
4571585
4571758
4572305
4572884
4583161
4585290
4600475
4608513
4610253
4614746
4622145
4645738
4646805
4653230
4672243
4684148
4685543
4690412
4697131
4700304
4718657
4721442
4731975
4735330
4736976
4741052
4748140
4751238
4761695
4766500
4766876
4778726
4780201
4782186
4786764
4795206
4796299
4819309
4824948
4826885
4827802
4831897
4852573
4854656
4855752
4857545
4872265
4873993
4876124
4876373
4893347
4894255
4894327
4903669
4904381
4918131
4921376
4927822
4943443
4950297
4950850
4955203
4967654
4978944
4991755
4997644
5001505
5008705
5009750
5032742
5032948
5033420
5035865
5053964
5074903
5075225
5076070
5080073
5085527
5097485
5102317
5104609
5109561
5118845
5165843
5176420
5179065
5188313
5188493
5200036
5204886
5205855
5206893
5207217
5207740
5207879
5208162
5229115
5238179
5255120
5256788
5258383
5262744
5264476
5269636
5272379
5273101
5275455
5275645
5278307
5300696
5301976
5304331
5309665
5311331
5320215
5322122
5326807
5330802
5335193
5340578
5340927
5346248
5349540
5353594
5356290
5366718
5369668
5371468
5377291
5380213
5394669
5396211
5400794
5403476
5410073
5415717
5429237
5434706
5434834
5438632
5441449
5444470
5448139
5452111
5454481
5457808
5465491
5471734
5477247
5477643
5478839
5483004
5484553
5487867
5497257
5503424
5504708
5519618
5525850
5534668
5535143
5536226
5544417
5558061
5564133
5565847
5571431
5577291
5578812
5582405
5583991
5592186
5601054
5614821
5615767
5617168
5618148
5621367
5633807
5635647
5640178
5641427
5645189
5649705
5651851
5657656
5658276
5688525
5696550
5697193
5708923
5714223
5723323
5731767
5749495
5752331
5760815
5762234
5768320
5768674
5780842
5787032
5798565
5799428
5801696
5807378
5809887
5825256
5830865
5853404
5857987
5859951
5867684
5879187
5890049
5890275
5893263
5900716
5915452
5927262
5930748
5938777
5942049
5944405
5947820
5955245
5968743
5977207
5984906
6004129
6018850
6026217
6029819
6032542
6033925
6037979
6041352
6045028
6051472
6053097
6064256
6094520
6095023
6102706
6105957
6106255
6106723
6108216
6117821
6118134
6123087
6129581
6131593
6140409
6148338
6155901
6165133
6181845
6186698
6192490
6197205
6203439
6204140
6204809
6214373
6218028
6229057
6235739
6236247
6246785
6251554
6252946
6257729
6263103
6268348
6269533
6277501
6279006
6279112
6280343
6282440
6296918
6297380
6299925
6317475
6318292
6323706
6328089
6344794
6348233
6356596
6360437
6361893
6363290
6363533
6377985
6381500
6382494
6388986
6402416
6437813
6451796
6461541
6462195
6470094
6482026
6482028
6495155
6496434
6502244
6503419
6505145
6515070
6527439
6534887
6535135
6541394
6545922
6556307
6556723
6559364
6566801
6568767
6590420
6590460
6597585
6604792
6610001
6611183
6612141
6617919
6622952
6623192
6626299
6626428
6628805
6629115
6634831
6644014
6645391
6664512
6672183
6675223
6687381
6690085
6692097
6694522
6711633
6713609
6714522
6729736
6738055
6749396
6751050
6753052
6754834
6756013
6760556
6764440
6765935
6775035
6775254
6775830
6781886
6782467
6786579
6794755
6799363
6804414
6816668
6823905
6827498
6841159
6843549
6843694
6848785
6853173
6854937
6870125
6870232
6871498
6872525
6876326
6886394
6892616
6892917
6913031
6923490
6924750
6930169
6946693
6964898
6966574
6973376
6977236
6978259
6979038
6979410
7006453
7012558
7016958
7026897
7031042
7038819
7040633
7044220
7050157
7060740
7077317
7084257
7084446
7086127
7093182
7095059
7097123
7097444
7109615
7132900
7133516
7144551
7151621
7152589
7153529
7157044
7160776
7163517
7168285
7177219
7221567
7222226
7224175
7225926
7226626
7237588
7241674
7247263
7253748
7260522
7261577
7265809
7272162
7275801
7292391
7299798
7301432
7310225
7315595
7319554
7320374
7323810
7324952
7334023
7338969
7344510
7354736
7365754
7369577
7370280
7381737
7383308
7393204
7400749
7405508
7407144
7407831
7412091
7419106
7419293
7419786
7428258
7431696
7442555
7449574
7452184
7452497
7459280
7471269
7491123
7515140
7517973
7523968
7537415
7537985
7544012
7545150
7545426
7554134
7580781
7580810
7581013
7593237
7595999
7599794
7603739
7608406
7617295
7621284
7630960
7633543
7641534
7654349
7656878
7657839
7661187
7664581
7679419
7685448
7685456
7707938
7708682
7713576
7716151
7720432
7726405
7728467
7732687
7735829
7739751
7743690
7747687
7752643
7752831
7764057
7768716
7780796
7794180
7800449
7809581
7814893
7823776
7835589
7837129
7859168
7862901
7862963
7886621
7890093
7899972
7904443
7921627
7924088
7927594
7931170
7939074
7947154
7948069
7953750
7962520
7979184
7979782
7981618
7985776
7994661
8000300
8001497
8007813
8010498
8013672
8016762
8018797
8029382
8032079
8033557
8043929
8043932
8046949
8047208
8070888
8076263
8085475
8090617
8095522
8110497
8118773
8121112
8142895
8165937
8181844
8185758
8192869
8195528
8196892
8197570
8198838
8201279
8203459
8207989
8209508
8212894
8221819
8230424
8231708
8235050
8236470
8240349
8245304
8246160
8256574
8269431
8280045
8304609
8305562
8310481
8320377
8323857
8325039
8335311
8340615
8341175
8353939
8354665
8358836
8364242
8367830
8369231
8371351
8374922
8376416
8378451
8378997
8381020
8381516
8383158
8389056
8391470
8392108
8392571
8399596
8400677
8421017
8421984
8423924
8466140
8468280
8478634
8481054
8485045
8486233
8497152
8498282
8500917
8501227
8502626
8517530
8522781
8533595
8534903
8554823
8566980
8568328
8576100
8580389
8584893
8586399
8586695
8588231
8604397
8609596
8617294
8624374
8624834
8631054
8639619
8643633
8648510
8658826
8660346
8664676
8664976
8665026
8671510
8685454
8685741
8685813
8698416
8718744
8721302
8730300
8734212
8740485
8745902
8747361
8770896
8780288
8785357
8788130
8798168
8807026
8815171
8817423
8837323
8840260
8846495
8847067
8853110
8853496
8867967
8874139
8887536
8891498
8899429
8909386
8910278
8925617
8943651
8946023
8949215
8951386
8955892
8963315
8973296
8974634
8975919
8978984
8985527
8985719
8992448
8993858
9002192
9002296
9015655
9030419
9032973
9033487
9038605
9041203
9047275
9052643
9057650
9064556
9082186
9096246
9104472
9104978
9108613
9111367
9118728
9121418
9133496
9136609
9138614
9141231
9145834
9150371
9162318
9166320
9186410
9186978
9192603
9194073
9198925
9199160
9201303
9203446
9205445
9208997
9231576
9241698
9243231
9245131
9246900
9249637
9251429
9254080
9265842
9278790
9288222
9294063
9296408
9298527
9300394
9305034
9305423
9311108
9313847
9326717
9327363
9327793
9328928
9331777
9337563
9340866
9347211
9348448
9349353
9355083
9363015
9389418
9395584
9395937
9401089
9404544
9404904
9407815
9413486
9416607
9418851
9422452
9436950
9438423
9439205
9446610
9451184
9451708
9464476
9468700
9489101
9497616
9508412
9517457
9518102
9518188
9522645
9529656
9529847
9533144
9543563
9550311
9560017
9561427
9575082
9587383
9590978
9592499
9604708
9609052
9617048
9620491
9621290
9623398
9623974
9626878
9629325
9637133
9650704
9664562
9665164
9679367
9688996
9689401
9704084
9710268
9725590
9752391
9758297
9760474
9778468
9785379
9786783
9803861
9804795
9805459
9806144
9809161
9810550
9825830
9832213
9839750
9843811
9847594
9848040
9851926
9855948
9860316
9861800
9862275
9862943
9865176
9873248
9879255
9883661
9889760
9897552
9904790
9941802
9944006
9949080
9954127
9963833
9971815
9979958
9981879
9986580
9987726
9989145
9989406
9994277
9995400
9997558
