53
6663
11001
13840
16704
19517
19537
31291
37267
37883
38733
41655
44290
50170
50255
54106
57928
58578
61074
63752
76901
82824
84128
84150
86958
88345
89243
90101
91551
91695
100606
103234
113892
114736
117741
118819
122865
126106
127538
129933
130387
130390
137844
138829
143605
151124
152161
159211
160927
169639
170731
181005
184370
188931
201652
201921
205073
207495
213553
213709
215112
216703
217942
218618
221203
223180
223519
224145
227905
230613
230629
237038
237816
261581
265273
265312
270885
278291
288464
288900
302688
303769
307267
309510
324062
338316
338529
344029
346580
356905
360950
364626
373165
379998
382380
389190
395347
402497
403439
407866
412389
420065
420247
426259
426276
428268
443416
444020
444795
447865
449212
453352
459038
461258
463208
463280
472784
472989
504351
507172
511111
512883
513467
519134
521766
522169
528193
528868
534615
539703
543208
545134
545399
550740
556453
559464
559725
567955
572517
577662
591909
592507
596387
596538
607088
608612
611969
615853
619856
622649
623439
623940
625855
628034
635588
638642
639057
641908
646846
647398
648323
651265
652935
655098
656652
659045
659221
659334
664115
669775
672518
678534
682496
683270
689109
699408
699680
699948
710262
715432
720181
725901
730230
737035
745949
753743
754584
761171
766663
779317
783578
788871
797822
800227
802008
817759
819983
842433
845724
852292
859000
862046
867461
870404
880555
881603
881663
888339
895557
907245
907759
918588
920635
922834
934062
942851
944882
949060
954617
954634
955207
960110
978964
985486
986965
989787
997364
999799
1001108
1003572
1007752
1008012
1014660
1023834
1025198
1028147
1034096
1038252
1042017
1042083
1048200
1048974
1049925
1054078
1065753
1072696
1076558
1082642
1082824
1096137
1100132
1100609
1110703
1113058
1114001
1116883
1120241
1121547
1123463
1123569
1127000
1129176
1132611
1135032
1136477
1137401
1140108
1140989
1145298
1145838
1158751
1160143
1161063
1161715
1166860
1174223
1174792
1175535
1181306
1186612
1193047
1195441
1205600
1205989
1206076
1208703
1209058
1210116
1212636
1214923
1215824
1221011
1225163
1238286
1242762
1245019
1245628
1246129
1248067
1251435
1252156
1257267
1258980
1259777
1269888
1276960
1280405
1282009
1283600
1284831
1294121
1298662
1302609
1309147
1316515
1332324
1333912
1337156
1349110
1368278
1373032
1373905
1387067
1388981
1395924
1396351
1396868
1399099
1403283
1404528
1407958
1414057
1418191
1419008
1419632
1425125
1426277
1426601
1450030
1451655
1455426
1461238
1462423
1464720
1471318
1478967
1479427
1482190
1485376
1487072
1490915
1491549
1494655
1496662
1498014
1502519
1502660
1504156
1507142
1507216
1517307
1518527
1525373
1530262
1531516
1540351
1545623
1553499
1556946
1558750
1560649
1561489
1566255
1567556
1581248
1584001
1586456
1588936
1589180
1589276
1590777
1592238
1594104
1598671
1602796
1605294
1609717
1611181
1611199
1617155
1622814
1624212
1630529
1632438
1637041
1640882
1645636
1650661
1651565
1651830
1654552
1655386
1655804
1656703
1658890
1664046
1664486
1666406
1666799
1667647
1670964
1672947
1676184
1676583
1677575
1678876
1680790
1681388
1684708
1686457
1687868
1688028
1693663
1693814
1705595
1709043
1714784
1716401
1716746
1716992
1719474
1719621
1721574
1725254
1729258
1729570
1729878
1731676
1744968
1746223
1747897
1758977
1760871
1768148
1768178
1774043
1777242
1788319
1791149
1791471
1799828
1800150
1802175
1807406
1808269
1818593
1821569
1825161
1832625
1837787
1843519
1844684
1847111
1848432
1851546
1851640
1855247
1861230
1870740
1871795
1872310
1877319
1878841
1884930
1889142
1898877
1904523
1905401
1913232
1914444
1916663
1918295
1920023
1927640
1928748
1938381
1948408
1950300
1951416
1951626
1955764
1955857
1957578
1958205
1958655
1962913
1976165
1977036
1977133
1979102
1988659
1991200
1998531
1998553
2000141
2000155
2000502
2002155
2008015
2009730
2009878
2010065
2012662
2027150
2028065
2030413
2031519
2032768
2032872
2033919
2035028
2039197
2039566
2040587
2040740
2042604
2048274
2051102
2058950
2068959
2069246
2071387
2078187
2083556
2105430
2109225
2109250
2110556
2110796
2116329
2119255
2120387
2129203
2137991
2140455
2141319
2154148
2160334
2160900
2162078
2162133
2169491
2169832
2170686
2171166
2177510
2177636
2183109
2185065
2186284
2188676
2200632
2202104
2202484
2206871
2207831
2210230
2214101
2217997
2225451
2225744
2229419
2233128
2233390
2237785
2243092
2245283
2248058
2254358
2256826
2263114
2280395
2284374
2285033
2304091
2304823
2316322
2318262
2320822
2324574
2327196
2334049
2338060
2344128
2345767
2346999
2353172
2356942
2366111
2366820
2377946
2378320
2382934
2384791
2392734
2397980
2399135
2405235
2408886
2414401
2416700
2422005
2432431
2436841
2439871
2445831
2463387
2468308
2470166
2478373
2485182
2488269
2492651
2494230
2494937
2496709
2498123
2498233
2508779
2515728
2517419
2527543
2536349
2538930
2542848
2546814
2548847
2549195
2549824
2550457
2551988
2562021
2574526
2578961
2583527
2585413
2586152
2588845
2591968
2592915
2603525
2605248
2614082
2617660
2617859
2626203
2633351
2635642
2636538
2636757
2639829
2653508
2673946
2676479
2682274
2686475
2688696
2690174
2692331
2692846
2697165
2703102
2708698
2716357
2718583
2723629
2724670
2736313
2738839
2745295
2746323
2749746
2753776
2754400
2755653
2758791
2760804
2764098
2764417
2767749
2771054
2772346
2790429
2794215
2795123
2797132
2802031
2802249
2804924
2807790
2808755
2809179
2815698
2816882
2825843
2832656
2835892
2837587
2843133
2843497
2844338
2845769
2845996
2846058
2851493
2852172
2852635
2852874
2853749
2855195
2866327
2866871
2867025
2868127
2874636
2876159
2881528
2885263
2886034
2890596
2897228
2899095
2909313
2909644
2915267
2917464
2917872
2917976
2918869
2924634
2935616
2938994
2939995
2942947
2943566
2944895
2945998
2948878
2951214
2951223
2953650
2955745
2957587
2965907
2967910
2970035
2976232
2977955
2978714
2985762
2986708
2992616
2997722
3000461
3004494
3004541
3013763
3018126
3025647
3033057
3038895
3050813
3054351
3056161
3057821
3059270
3059453
3065057
3066599
3067414
3069644
3072917
3077513
3081693
3095659
3108347
3112448
3116271
3118093
3118453
3126418
3127350
3135500
3142978
3143283
3145226
3157968
3166773
3169507
3172206
3180807
3186202
3191385
3192246
3199747
3202062
3203597
3204040
3209018
3214149
3214363
3218317
3220757
3222747
3231780
3235626
3236183
3237056
3240067
3244977
3245159
3246284
3247113
3247572
3248527
3249352
3252990
3259814
3262923
3264504
3265373
3268294
3271324
3272962
3281509
3282753
3292052
3299672
3307997
3308583
3309280
3319871
3322754
3327305
3327714
3333954
3333997
3338368
3338643
3343008
3343386
3347042
3347306
3352378
3353383
3365275
3372172
3375007
3378057
3381779
3385342
3388541
3389231
3390380
3392436
3394453
3395817
3397718
3407535
3408595
3413143
3415536
3416482
3417536
3427547
3430761
3432829
3433199
3434451
3435900
3437271
3437396
3437510
3443721
3444540
3469722
3470279
3472793
3475541
3479291
3484099
3494503
3496251
3497020
3507070
3507870
3508425
3523283
3525461
3527507
3531989
3532955
3534022
3535486
3543081
3547345
3548989
3550246
3551702
3552285
3553728
3554273
3556352
3563722
3571163
3577416
3579077
3580132
3583589
3583715
3589396
3589796
3591775
3594670
3596767
3625853
3629203
3629466
3629832
3631078
3640649
3644135
3647435
3647769
3648097
3649118
3649714
3652144
3656452
3657228
3658241
3659549
3661880
3664938
3677467
3678991
3682076
3684850
3691027
3691826
3692444
3695521
3700541
3704747
3714146
3718519
3723405
3730566
3731958
3732314
3733792
3733985
3737549
3743911
3744614
3747966
3750124
3752392
3754189
3755343
3757241
3758722
3763323
3763379
3763522
3768237
3768834
3789540
3792661
3799056
3799371
3804140
3804835
3811483
3815231
3822981
3823993
3825624
3826330
3831984
3834345
3840340
3844496
3844575
3859236
3869435
3869598
3870358
3872582
3873247
3882747
3883337
3883442
3887019
3888126
3889510
3904613
3905163
3909210
3920192
3923243
3929475
3931980
3932101
3945963
3949185
3951873
3953787
3956794
3972863
3973402
3975458
3978082
3978801
3980006
3980910
3982757
3982806
3986012
3990430
3997845
4000391
4007552
4008932
4010439
4016033
4017753
4039198
4044250
4046444
4046968
4055266
4058980
4061070
4061234
4068668
4072750
4073453
4076370
4081529
4085976
4086179
4087035
4095709
4107326
4109279
4109505
4109562
4113472
4117946
4120225
4123251
4125267
4132141
4135642
4135680
4143981
4153428
4159296
4166202
4166791
4168612
4174022
4176418
4181444
4190919
4195543
4197809
4207166
4210370
4210694
4211132
4212990
4215528
4219613
4221551
4233444
4237778
4238996
4241498
4243931
4246046
4247365
4252782
4254534
4260295
4267977
4269353
4271761
4272175
4286028
4286490
4290375
4291205
4304873
4306117
4314615
4320964
4324298
4325317
4325814
4326205
4333194
4347148
4360832
4373423
4373482
4388177
4389249
4389410
4392273
4410117
4418564
4431035
4438117
4440361
4457642
4458981
4468167
4475900
4483848
4485912
4486770
4487895
4488257
4499121
4505633
4506322
4514026
4520559
4521220
4524706
4529805
4533334
4537490
4542468
4543522
4555033
4555234
4556568
4572459
4577284
4589970
4592997
4593773
4594346
4598432
4598968
4602927
4610797
4613375
4614324
4617294
4625754
4627783
4629266
4629785
4635087
4635308
4652130
4657087
4659219
4661319
4663492
4664871
4667801
4671721
4672403
4673912
4677721
4679510
4689640
4690835
4692206
4694542
4695549
4697464
4698327
4708590
4723815
4729085
4732771
4741938
4744829
4747234
4747399
4758588
4758654
4763460
4763859
4769403
4774764
4774920
4775408
4780027
4781384
4783559
4785483
4785702
4786960
4793106
4796275
4800296
4802351
4806301
4808639
4812705
4813376
4816894
4816979
4822002
4823935
4849629
4855986
4856597
4857348
4859106
4869231
4870469
4870724
4871108
4873409
4875271
4879453
4883268
4888125
4894064
4904808
4904930
4905893
4908206
4909425
4914574
4920864
4926924
4931611
4933244
4944413
4946575
4950453
4951853
4958440
4965780
4965821
4974543
4979336
4982990
4983139
4983257
4984992
5003373
5005557
5009341
5010990
5019850
5021008
5024713
5028587
5029719
5038718
5046423
5050762
5051702
5066033
5067270
5072435
5076341
5076361
5081999
5083534
5085368
5088026
5089293
5089428
5094580
5097805
5098613
5108483
5110053
5111234
5112561
5114477
5115899
5124618
5125280
5138129
5145782
5147640
5162818
5167413
5177506
5177997
5181966
5192218
5194753
5203542
5208752
5209875
5210440
5211089
5213588
5214916
5229042
5235700
5248288
5256005
5260429
5261276
5265494
5269914
5269938
5289942
5290042
5294988
5299108
5302707
5310986
5315677
5318155
5319926
5336115
5340129
5341867
5347497
5353777
5357657
5357690
5360978
5361225
5363338
5363972
5370747
5377185
5382023
5382252
5382351
5384220
5386015
5392321
5398416
5401473
5403730
5407775
5411279
5411812
5412083
5418594
5419557
5421905
5423340
5437933
5439276
5441087
5441970
5442805
5451232
5451495
5457209
5480164
5480726
5485822
5488301
5488423
5491416
5496164
5498445
5498602
5499182
5499861
5500768
5505290
5506057
5507031
5508471
5519361
5534540
5535910
5536208
5543469
5544059
5546297
5547149
5547201
5547318
5549816
5557435
5560014
5564392
5566202
5568414
5569041
5569540
5575274
5578756
5581779
5600361
5601177
5607601
5609967
5617042
5624159
5628363
5632229
5636739
5636826
5639806
5642421
5648032
5648852
5653688
5658619
5663606
5666917
5667411
5669025
5672274
5676994
5709770
5713869
5718389
5722619
5724938
5731057
5737605
5742969
5745051
5745073
5745714
5746019
5749527
5750660
5752027
5752681
5756151
5756997
5757691
5759084
5763040
5763706
5767190
5770430
5770743
5773146
5776928
5778351
5783511
5784571
5786006
5786638
5787668
5794171
5795991
5799777
5800032
5802678
5805265
5810982
5811044
5811073
5811128
5824164
5824461
5828655
5830113
5839871
5846906
5855589
5863490
5872259
5880848
5884096
5891046
5891403
5897183
5900260
5902975
5904573
5911663
5919920
5924892
5925686
5930411
5933741
5934480
5935050
5945012
5947583
5950637
5952108
5956181
5957842
5963729
5976559
5985607
5996006
5996084
6008965
6009759
6019980
6022118
6041449
6042874
6044918
6045048
6049937
6050215
6050434
6051470
6056134
6062770
6066356
6069775
6071442
6072627
6078819
6092818
6102436
6102953
6107607
6107947
6119825
6120855
6121963
6123265
6128022
6133614
6135597
6135647
6137464
6138945
6144436
6145132
6145732
6149915
6150042
6150471
6150611
6153328
6154000
6155891
6165138
6165301
6166011
6170126
6172697
6173009
6181814
6182889
6190170
6194181
6194318
6205249
6209035
6210809
6217958
6224521
6224672
6225122
6237295
6247481
6250549
6258099
6262369
6263585
6264086
6266315
6266830
6275851
6278326
6281619
6288800
6289293
6292769
6294680
6297636
6299095
6301916
6301978
6303533
6306665
6307019
6320664
6322248
6324576
6329470
6334462
6334995
6336676
6337846
6344672
6349647
6362423
6364300
6365057
6368165
6372377
6378800
6384084
6386336
6391841
6398609
6399717
6413058
6417085
6424655
6428370
6434123
6436553
6437264
6442750
6443042
6445792
6446029
6446698
6450597
6475223
6476527
6477915
6478258
6481459
6482701
6490109
6490665
6493869
6497904
6499739
6509887
6511439
6513076
6519032
6525231
6526642
6526929
6527672
6529990
6534776
6539228
6543856
6547354
6548061
6550452
6556134
6560872
6570987
6573420
6576676
6577692
6586055
6586540
6591072
6593101
6596886
6604377
6606626
6607391
6610132
6612608
6612965
6624051
6624131
6630971
6634603
6641923
6645827
6647160
6647593
6650973
6653203
6658465
6661273
6661641
6667795
6671868
6676218
6684428
6688909
6690362
6701214
6704103
6712095
6720822
6722564
6723750
6736991
6745368
6749014
6749962
6753572
6755566
6756502
6757289
6758060
6761333
6764039
6765330
6767484
6771680
6799341
6800421
6804598
6808027
6813188
6813292
6820589
6822179
6827024
6829032
6829724
6841152
6841247
6843076
6843358
6844329
6845730
6855543
6858609
6859255
6867090
6868872
6869570
6870092
6873241
6874291
6882285
6883415
6887568
6899141
6901813
6902063
6903162
6905489
6907241
6907415
6911843
6911899
6912646
6915356
6922618
6941862
6949358
6961857
6970467
6976745
6979003
6979865
6984448
6998536
7006418
7006461
7025587
7031971
7039165
7047763
7054284
7057958
7071318
7073744
7073780
7076879
7085977
7086226
7089132
7093128
7094918
7096978
7102175
7107267
7109152
7110123
7113088
7118378
7119180
7138262
7141155
7142333
7143030
7148661
7150413
7150486
7157113
7157749
7161180
7164256
7166277
7171242
7172186
7176330
7179373
7182400
7187371
7196970
7201704
7207275
7208141
7208608
7209836
7212014
7212320
7222768
7227104
7230424
7237170
7239828
7252637
7254961
7257962
7260534
7266962
7269269
7271169
7272017
7273855
7273888
7274399
7281665
7282559
7285672
7290516
7312034
7316699
7320757
7323439
7325836
7326299
7329397
7335084
7335764
7338352
7345847
7349294
7352807
7359675
7360591
7366161
7368310
7368329
7372802
7376087
7376888
7385100
7385613
7390569
7391292
7393603
7393662
7394691
7395190
7420552
7421132
7442122
7444081
7446664
7449189
7450244
7456249
7460882
7467838
7472379
7478988
7480902
7482171
7483409
7489101
7489864
7491066
7493991
7497293
7497683
7500777
7510608
7521551
7528659
7532311
7533084
7533541
7541115
7545737
7545967
7548861
7550259
7550395
7557863
7558368
7559535
7560420
7564970
7570406
7573382
7573559
7574818
7576905
7579510
7591060
7592487
7593008
7595476
7605061
7609475
7616064
7619180
7625559
7629936
7633890
7635324
7637887
7640763
7653529
7663192
7672481
7674903
7675170
7675241
7685894
7688629
7689035
7694704
7700827
7703439
7705944
7711023
7711684
7712197
7716721
7728779
7729804
7730984
7732842
7738140
7742552
7745311
7746815
7748827
7751548
7755508
7760293
7772565
7774261
7779568
7782484
7784860
7788330
7792916
7801908
7804576
7812979
7813211
7819518
7822205
7822735
7828687
7836204
7837458
7841601
7846718
7849800
7860505
7865149
7868000
7875597
7878223
7878579
7879522
7879760
7880540
7887385
7890702
7892159
7897024
7899132
7900546
7900777
7904512
7905427
7911185
7911210
7912565
7916902
7930387
7934157
7936168
7937439
7941567
7955980
7961638
7971127
7984037
7986950
7988189
7991357
7991468
7993425
7994923
7999284
8000562
8005300
8014653
8016464
8017467
8023058
8023151
8025844
8032037
8037518
8044542
8046469
8056104
8062302
8062697
8073339
8074599
8076241
8079095
8079762
8085999
8086303
8087957
8089209
8090872
8092533
8101494
8102981
8111478
8118407
8118454
8130584
8137069
8146838
8150424
8152227
8158170
8162654
8169957
8172875
8176610
8178050
8185582
8186496
8186853
8193657
8197390
8202948
8203676
8208983
8210630
8215888
8216802
8217528
8231228
8238156
8239744
8252210
8266281
8270610
8272530
8276306
8276910
8277900
8278824
8284398
8299670
8302838
8312930
8321113
8321259
8323503
8323522
8327725
8329912
8333476
8335376
8335401
8346138
8349353
8358196
8363122
8368519
8370371
8381125
8388122
8389093
8392956
8397378
8401498
8403082
8405617
8406339
8415877
8418734
8421331
8426640
8432426
8437364
8439172
8443286
8445156
8446590
8448878
8454969
8457025
8457142
8462554
8465979
8479132
8484920
8490086
8493239
8495089
8499032
8503611
8506904
8509126
8510636
8511890
8513934
8518311
8522848
8526386
8526444
8543763
8543874
8544774
8550648
8554495
8557908
8558233
8558612
8560300
8562129
8562352
8563557
8565680
8569047
8570218
8572500
8574221
8574872
8579958
8583715
8598711
8600162
8606750
8607175
8607921
8616951
8618148
8622163
8624421
8626907
8640868
8647962
8649246
8650643
8654448
8654669
8657198
8657458
8660696
8662132
8662858
8665841
8666929
8673651
8679138
8679420
8679467
8682382
8686721
8686936
8700648
8702709
8713849
8714605
8727976
8728123
8731130
8731214
8733986
8734663
8736805
8744849
8751111
8751447
8760608
8764732
8771908
8779653
8792890
8798090
8806195
8807030
8808537
8808688
8809344
8811945
8815943
8821381
8834702
8839174
8843256
8846837
8848637
8854473
8858440
8860113
8865479
8870673
8874153
8876421
8884071
8884098
8884839
8893854
8902093
8904984
8908398
8916067
8923898
8926939
8930662
8931305
8934676
8935898
8937036
8943142
8945478
8947866
8948392
8953539
8955166
8957198
8958744
8961709
8961761
8962794
8964694
8966946
8974420
8976113
8981328
8981882
8986240
8988390
8990541
8998850
8998937
9003567
9006258
9011443
9022851
9022869
9023284
9032076
9040768
9040772
9043622
9046774
9052228
9059998
9062240
9062392
9067515
9072863
9077912
9078965
9084052
9085041
9085629
9086364
9093925
9094271
9104152
9106103
9113854
9113945
9116902
9125280
9130020
9131469
9131476
9151165
9152030
9156684
9157618
9161277
9161616
9173346
9175852
9183727
9184635
9188608
9195111
9196476
9203105
9207720
9209327
9214634
9218384
9223357
9225076
9233515
9234683
9240982
9244838
9246149
9253042
9253540
9253651
9256673
9272585
9272996
9273196
9276446
9276489
9277099
9284723
9284743
9285127
9285772
9286302
9287942
9288632
9290594
9290931
9298682
9306435
9309139
9309829
9310947
9313102
9320423
9322536
9323370
9334614
9335387
9341316
9346029
9348417
9350072
9353623
9357113
9359282
9363467
9379927
9381417
9385453
9386782
9392451
9399584
9400474
9401989
9403792
9405680
9407180
9409321
9416754
9417936
9420766
9422271
9429589
9432178
9434768
9445674
9448141
9449242
9455921
9456944
9457106
9459550
9463325
9467644
9468040
9488618
9491831
9494525
9498716
9503684
9503768
9503814
9504279
9505864
9506688
9508088
9508535
9510122
9521768
9525894
9530179
9536826
9541025
9541070
9543310
9546643
9558456
9559868
9561971
9566877
9569714
9584585
9584729
9584760
9599089
9607879
9614749
9618754
9623835
9634602
9643359
9645330
9646209
9650030
9652723
9659659
9662883
9664147
9668808
9669014
9669610
9674971
9675814
9678270
9690063
9692549
9695626
9696277
9697707
9698956
9706474
9719348
9719948
9720156
9724094
9733120
9734510
9739198
9745515
9745722
9750986
9752357
9754457
9768901
9772111
9773124
9774509
9795959
9801193
9805038
9809076
9811313
9814543
9816629
9821922
9824563
9828375
9829186
9842080
9844380
9846871
9850172
9865541
9881973
9882409
9884006
9888137
9889227
9895796
9897041
9902858
9911387
9914227
9914907
9920200
9920354
9923276
9924973
9930564
9931075
9932762
9933583
9936253
9936719
9937640
9938982
9940557
9948295
9959225
9964429
9969951
9984294
9985939
9987242
