3296
4158
11070
15415
16425
16862
18011
18369
27543
27980
29585
33773
35696
35702
38685
44725
45422
46840
46931
47986
50754
57542
73822
74024
78411
80433
80863
92526
96603
105343
110219
112139
116175
116794
116946
125478
128854
129604
132384
141184
145122
145813
147000
148826
149020
157891
159595
166663
167814
168498
170646
173976
183204
189912
193972
194245
196707
201158
201953
204979
212400
213214
213520
216184
223662
225889
226231
235331
237018
238150
242241
245818
252700
257340
270088
274984
283935
290643
294111
307445
309380
315112
318529
325475
327109
332257
333961
336319
336887
341315
341902
358634
361733
373467
381870
385920
385981
387047
387342
387902
397921
401037
403412
406753
409745
412935
415136
415867
418967
427316
427968
430312
433282
435057
436182
438566
440174
441352
446801
448004
449092
451086
452159
459326
459877
460501
470549
477745
482499
487971
490070
490464
490941
494147
497220
503070
504635
508378
508457
512700
519445
531331
532240
537660
539948
543893
544380
551557
558006
564332
570554
579831
584110
584727
584910
585763
586523
587728
600571
602050
608846
610005
617009
627721
628960
629901
634071
640633
648506
657762
658451
658986
677730
681832
685995
696421
697455
704817
706958
707127
717042
718463
720289
730501
733582
734189
734968
736543
745831
749282
750206
750993
763401
764921
765810
766159
766478
775070
780857
782276
784728
785151
787521
807653
808591
808997
815249
815891
816692
821391
821467
829476
831756
832520
837842
839843
842177
847329
849719
850114
855401
856332
856416
859449
868527
879095
880568
892491
893250
896171
902239
903238
909224
909468
912435
917029
929154
936897
943619
945202
949660
949756
950656
950779
957121
963477
964884
971132
973628
976277
980815
981579
997108
1005050
1008168
1018041
1023180
1024754
1028537
1030376
1037357
1041012
1041531
1051107
1057910
1058306
1074995
1076015
1077743
1080490
1087522
1089399
1090186
1094432
1094963
1096627
1100636
1106113
1116819
1122227
1122419
1129073
1139008
1143896
1147840
1150067
1158551
1161644
1167964
1175269
1183599
1188884
1192078
1193901
1199797
1201924
1210617
1215582
1228154
1230407
1235785
1237300
1244732
1245693
1248132
1256858
1257905
1260824
1260984
1262741
1268257
1273156
1274468
1274615
1275441
1290814
1302602
1307810
1309306
1314226
1314529
1315600
1317851
1326446
1327297
1331321
1341823
1341937
1341991
1349584
1350347
1350384
1350947
1353810
1358904
1359953
1362857
1364410
1367536
1368745
1372039
1372499
1374252
1375114
1376558
1380176
1395090
1396906
1402712
1408106
1412483
1412712
1415280
1418373
1418422
1422469
1424445
1424643
1427434
1432150
1432410
1435962
1445991
1446313
1446353
1456675
1466205
1470492
1472716
1480582
1487607
1489900
1495682
1497404
1498373
1502025
1504286
1505142
1510454
1514667
1521323
1525585
1525994
1526780
1531473
1532416
1533323
1536061
1539809
1541966
1542252
1547765
1547896
1551041
1552507
1556037
1558517
1565161
1569884
1571254
1576901
1578782
1579337
1589309
1593449
1599206
1600297
1603680
1607315
1613205
1617464
1621504
1637240
1638122
1638660
1647923
1648650
1657947
1659644
1665451
1677036
1686876
1694440
1697929
1699209
1699462
1699986
1701026
1701426
1701718
1702962
1705093
1708453
1712369
1714216
1714377
1715622
1715641
1716782
1718908
1719977
1728080
1736991
1745057
1746615
1747148
1748036
1754061
1757581
1761385
1764315
1765980
1771242
1771668
1772493
1773315
1773457
1778006
1779480
1782205
1784766
1790733
1793942
1800147
1801992
1804938
1809368
1815525
1818095
1819003
1822481
1824142
1832262
1835724
1837997
1839015
1841157
1843947
1845843
1847549
1852713
1859641
1873588
1874717
1881882
1891769
1892171
1900858
1910408
1910876
1912447
1916713
1918076
1920387
1922955
1929642
1930907
1945268
1947608
1949228
1950158
1953357
1955844
1957678
1961208
1968053
1971466
1979108
1981667
1982326
1985884
1992086
1993087
1993652
2006685
2010249
2016558
2024300
2028552
2030161
2032501
2037142
2063315
2064269
2064728
2065004
2068995
2085193
2089575
2090174
2091777
2092524
2093850
2107690
2115387
2138661
2140996
2146144
2151084
2151597
2152451
2155341
2168606
2175106
2184665
2186086
2186253
2189374
2191692
2194815
2200187
2201751
2205444
2211481
2212118
2214866
2215691
2215809
2219661
2220349
2221290
2228615
2228667
2229703
2232946
2237605
2237822
2246080
2250184
2252543
2255149
2261514
2262009
2263397
2274437
2274440
2274622
2275542
2276915
2283029
2287473
2290737
2298039
2298706
2299829
2302107
2307416
2307524
2310471
2310701
2313578
2318841
2322297
2324727
2325821
2325988
2333369
2334255
2338217
2346325
2346910
2348930
2349944
2354346
2356708
2358345
2370287
2370675
2372612
2377757
2382258
2383933
2387239
2390369
2401926
2404498
2410848
2412257
2413418
2425041
2428908
2431244
2433735
2436553
2436721
2437448
2437856
2440047
2444215
2444229
2450175
2452602
2453848
2459859
2464359
2465964
2469352
2475460
2481214
2485003
2487068
2488147
2493289
2496719
2501014
2508505
2517412
2524046
2534118
2538415
2540060
2541331
2542645
2544649
2547310
2563584
2567523
2570566
2572947
2589850
2590522
2594428
2599232
2602000
2604833
2621636
2622052
2622425
2624898
2626483
2628731
2630256
2632027
2636320
2644142
2647416
2650216
2651696
2653977
2655844
2656857
2658204
2658239
2661260
2678407
2682679
2683161
2685565
2686545
2690354
2692667
2697477
2698674
2700630
2707240
2711856
2712766
2719547
2723688
2725926
2727375
2730290
2734790
2734791
2735416
2737618
2738228
2739331
2760248
2760835
2763662
2764149
2765258
2771430
2773455
2773655
2774981
2786853
2788295
2791470
2793062
2804780
2814502
2815218
2816039
2819462
2819811
2822936
2823310
2834081
2839060
2855590
2858386
2860722
2863991
2865976
2866021
2870500
2873105
2874439
2885784
2887635
2889591
2890317
2894363
2897994
2899257
2903844
2908373
2916084
2924784
2926214
2927746
2929965
2932187
2934190
2937679
2963534
2972353
2973656
2975062
2976148
2980384
2988054
2992772
2994717
2995147
2996721
2999767
3001604
3010958
3015108
3017079
3018075
3019784
3025470
3039746
3040307
3041200
3043341
3043860
3051317
3053361
3058350
3067466
3067824
3070105
3070757
3072439
3074724
3077101
3080115
3080211
3085879
3087065
3097712
3098734
3098809
3100513
3102965
3103894
3112040
3112114
3116701
3116828
3116882
3118269
3118303
3118618
3125328
3127921
3129923
3132842
3136473
3141006
3142748
3144008
3153995
3156651
3166673
3173861
3174178
3177028
3191337
3194087
3197586
3199224
3203735
3206458
3216073
3219640
3226827
3227565
3230319
3240102
3246466
3246777
3249963
3256691
3256720
3274022
3282714
3293219
3295815
3298451
3313931
3318716
3319734
3322944
3323724
3337847
3343182
3345222
3359311
3360291
3362318
3365213
3370027
3370565
3372847
3376366
3379920
3411438
3421194
3421937
3421969
3422948
3430466
3432534
3433828
3433908
3434064
3434278
3437151
3438355
3440559
3445756
3448456
3454232
3466917
3467065
3478980
3479667
3481631
3486152
3487391
3497110
3498436
3502270
3502433
3503327
3506209
3517097
3523926
3526349
3529986
3530684
3531990
3532542
3537319
3542493
3543500
3544150
3545548
3546164
3546941
3548787
3551909
3555577
3565159
3565229
3569047
3580962
3582298
3583049
3588861
3592329
3594103
3596233
3607102
3607372
3612347
3613612
3617641
3619151
3623138
3626940
3628257
3628602
3631220
3631248
3652293
3656198
3660131
3661501
3661510
3666115
3672219
3672755
3679874
3679909
3683337
3684426
3684761
3687175
3691690
3693048
3694271
3701130
3703883
3707823
3712171
3720609
3725565
3728430
3738610
3741668
3745630
3752474
3758903
3759490
3759764
3767643
3768067
3768667
3769377
3772504
3777979
3784340
3784568
3790953
3798328
3802543
3803312
3804670
3813933
3816247
3819000
3821280
3823802
3824253
3826104
3836462
3840201
3841579
3844718
3853119
3864951
3871438
3872281
3880436
3884350
3887555
3889075
3893381
3896553
3901342
3901465
3910499
3914295
3914438
3914719
3919057
3927973
3932564
3936625
3939906
3941009
3941965
3948549
3953563
3965270
3970337
3971666
3974634
3974910
3976319
3981091
3983159
3986492
3990045
3990294
4001985
4002949
4004021
4006404
4007298
4008522
4011148
4021711
4023622
4024344
4027754
4033263
4034065
4034163
4038037
4043227
4044830
4054523
4057578
4057923
4073811
4087196
4088707
4090147
4107482
4108033
4111160
4112004
4115783
4122106
4123682
4127992
4131905
4134975
4139649
4141063
4143570
4145344
4147162
4152296
4152539
4153179
4156466
4157080
4163406
4165640
4172759
4178810
4179587
4179719
4185204
4188969
4189050
4190125
4190469
4198906
4201338
4208452
4212451
4214886
4219907
4224189
4224263
4226440
4229675
4233269
4238739
4243555
4252461
4256676
4260107
4260829
4269326
4271605
4272473
4274548
4274729
4276063
4279508
4280512
4293213
4293628
4301504
4311605
4312413
4317682
4320023
4321734
4326107
4328932
4348731
4352705
4369465
4370475
4377789
4377843
4390033
4390445
4391171
4392304
4394415
4394531
4396642
4413057
4413662
4415327
4416829
4420264
4434910
4435818
4449271
4449756
4450993
4452265
4453102
4455061
4455694
4456801
4460090
4461978
4464287
4466645
4470644
4472020
4482974
4500446
4500532
4503307
4511864
4515260
4515741
4519119
4519922
4520099
4525302
4530623
4533646
4535314
4535338
4538247
4541045
4545872
4547218
4551570
4552431
4556819
4557254
4561086
4565758
4569810
4586375
4591139
4592167
4596168
4601012
4602343
4609287
4612571
4614826
4615565
4615823
4616065
4616128
4618503
4621827
4627284
4636163
4639845
4662458
4673932
4682045
4687460
4689830
4691628
4700670
4705058
4709950
4710607
4718688
4721358
4722870
4725432
4727265
4734847
4740743
4749027
4752623
4756268
4772943
4774406
4777343
4777473
4780386
4788881
4793002
4803005
4816359
4825538
4842737
4848377
4853726
4856446
4861085
4861489
4867392
4868022
4870241
4873386
4882561
4885553
4890464
4902645
4908398
4909386
4909827
4910497
4911289
4917728
4933082
4946437
4950978
4952567
4952974
4955432
4956005
4977285
4986813
4991110
4991398
4996911
4997464
5007870
5028495
5028965
5030731
5031168
5034587
5034862
5038092
5038437
5039444
5042957
5051580
5053044
5054734
5055874
5058634
5058845
5067650
5070589
5080987
5089841
5094880
5096364
5101045
5102659
5103536
5123430
5136990
5141096
5154702
5155162
5155711
5156500
5160507
5167840
5169880
5173909
5178163
5179668
5182876
5189876
5192977
5193470
5194057
5197262
5200758
5204802
5207427
5209995
5213702
5214577
5224019
5224419
5231137
5233268
5235536
5238231
5241212
5253667
5255654
5258658
5260697
5260991
5261086
5279441
5279630
5279722
5283760
5284269
5286623
5287512
5291753
5296313
5296379
5302382
5302939
5311617
5313104
5317132
5322863
5326759
5328604
5345776
5347035
5355261
5362109
5367510
5368339
5374661
5377657
5388727
5390004
5395998
5400596
5400836
5405793
5411873
5413248
5419132
5421579
5424807
5425276
5426911
5444022
5447779
5459464
5466296
5466474
5468833
5470609
5472590
5476717
5477469
5483397
5489375
5498281
5499903
5503234
5518542
5519198
5523873
5530834
5534134
5545455
5547505
5547887
5558234
5560196
5560963
5566437
5567488
5568304
5569287
5570105
5571196
5572266
5573942
5575963
5578869
5579097
5580345
5583569
5585170
5586197
5592344
5597081
5603971
5607821
5610178
5610378
5610994
5613439
5615241
5615597
5620580
5622906
5633994
5634237
5639131
5640533
5641826
5651824
5653072
5659359
5671545
5681503
5684573
5687685
5697133
5698488
5705471
5709267
5713471
5716597
5723664
5732030
5734097
5740999
5744217
5753207
5756654
5762027
5763839
5773348
5777513
5780054
5793664
5801120
5809478
5810709
5814512
5822345
5830211
5832489
5834659
5837146
5838143
5839427
5840195
5849643
5850784
5851016
5852922
5859124
5863160
5863594
5868762
5870466
5872390
5876571
5886287
5900117
5920347
5921281
5927642
5933739
5934858
5935869
5943790
5945996
5949737
5953578
5965938
5966522
5967098
5967318
5975217
5983330
5990818
5995726
6001610
6002272
6004156
6005013
6008308
6014008
6016281
6023480
6025671
6026228
6027809
6034569
6034601
6042772
6050859
6052146
6052161
6052443
6053898
6057427
6058929
6060371
6060721
6067449
6072945
6074093
6076434
6081949
6087692
6089172
6089762
6095711
6099517
6101270
6105321
6114561
6117881
6125858
6126096
6129986
6136402
6141866
6143198
6144467
6147830
6153665
6156186
6160989
6166301
6166881
6174951
6177661
6182914
6185858
6186247
6196972
6205686
6211569
6214369
6222508
6226703
6228120
6232253
6234831
6239651
6242790
6249484
6249805
6251711
6253534
6253996
6255002
6258657
6260458
6267267
6275168
6277819
6279747
6286870
6287499
6291072
6293716
6299099
6308596
6309431
6322442
6334094
6338311
6348526
6350499
6355677
6359957
6361694
6365132
6365821
6366294
6370273
6371313
6376704
6377808
6378022
6378147
6387929
6388542
6389362
6392055
6392078
6394221
6399415
6405436
6405716
6405742
6408424
6408758
6411724
6412733
6421935
6425283
6425317
6431078
6436825
6446994
6453683
6454185
6455536
6461284
6463537
6466423
6468787
6470294
6474484
6477956
6481110
6483950
6485059
6493307
6495095
6498340
6506371
6515835
6521715
6522099
6525464
6526680
6528429
6537400
6537441
6538309
6539608
6540940
6547123
6548110
6550900
6554653
6555496
6563485
6564720
6566914
6571874
6575546
6576317
6576860
6577746
6590767
6596232
6601228
6602360
6602662
6605121
6611599
6616094
6633729
6649263
6652397
6652886
6655138
6657637
6659552
6660190
6663544
6670285
6674518
6676105
6676133
6677103
6677398
6678347
6679021
6684248
6688701
6692592
6695071
6699597
6702664
6710613
6713301
6715970
6724984
6734076
6751158
6756211
6760551
6766361
6768140
6771469
6775242
6776324
6781898
6782459
6783585
6784667
6787263
6788914
6795182
6802330
6802667
6809587
6812244
6814137
6815464
6816114
6828629
6836768
6838069
6840355
6844505
6851425
6853836
6859829
6864166
6867405
6869387
6870784
6875826
6875968
6880168
6880491
6880742
6885750
6886141
6891207
6893885
6894191
6895490
6897173
6899313
6899482
6903123
6904851
6906540
6913889
6926958
6927222
6928594
6929361
6931334
6940721
6943294
6944778
6947822
6950153
6972156
6980812
6988884
6990432
7005937
7006712
7009428
7010308
7012078
7013071
7013132
7014907
7019175
7019875
7023738
7025035
7034054
7034458
7036576
7039969
7054762
7057559
7057653
7066622
7072139
7077746
7080201
7081117
7088086
7090765
7093022
7093625
7103041
7103708
7105083
7116047
7120046
7125003
7127673
7131639
7134872
7142892
7143995
7145049
7150310
7163010
7165431
7170985
7174565
7177287
7185950
7189830
7193225
7209655
7221703
7222228
7228363
7229306
7229554
7229712
7238654
7253270
7255542
7256156
7258116
7260334
7261500
7274527
7276129
7278470
7282394
7288757
7289711
7290708
7291848
7296380
7299128
7300751
7302021
7302329
7304649
7311036
7311427
7327044
7333619
7338640
7345733
7351058
7351251
7354327
7361327
7364076
7364509
7376282
7382198
7384801
7398956
7402007
7405893
7406196
7406879
7409134
7409138
7409640
7414905
7418489
7429483
7436209
7438384
7438789
7439954
7440618
7442557
7457699
7457863
7458553
7460136
7464708
7469967
7477622
7479076
7481044
7489909
7491541
7494033
7496628
7497274
7502129
7503336
7505394
7510660
7510882
7512638
7512913
7514237
7516967
7519204
7521815
7526018
7526873
7530692
7534460
7541815
7542726
7548580
7550990
7551613
7551966
7553821
7554077
7559362
7567286
7572337
7572635
7586976
7596764
7608087
7610779
7611045
7615756
7616011
7620038
7620536
7624550
7626843
7627418
7638522
7639574
7645793
7647723
7650223
7652526
7655179
7659657
7667270
7668342
7674902
7679379
7682952
7686733
7690526
7699041
7701078
7704509
7710279
7713961
7718316
7721214
7722045
7723529
7727076
7732852
7735091
7737477
7739334
7739992
7740965
7742464
7750973
7757549
7766799
7772216
7773880
7776921
7779362
7780503
7781491
7781790
7785684
7796826
7799419
7805375
7807353
7812471
7820988
7828666
7833016
7833926
7839957
7841081
7841202
7849840
7851276
7852834
7853533
7859195
7861156
7861373
7862642
7863194
7864312
7871210
7872032
7874007
7877124
7878072
7879139
7884680
7886725
7889728
7896314
7901006
7903120
7903694
7908102
7911109
7912234
7913679
7920658
7934101
7934903
7941576
7948820
7957551
7961062
7963478
7964000
7967461
7967729
7969422
7970304
7974836
7983346
7993411
7994594
8002654
8009122
8026733
8028192
8031242
8049910
8053255
8061239
8061708
8062835
8063931
8066410
8069836
8074279
8078164
8083737
8084011
8090809
8097401
8098838
8099609
8104336
8114108
8115395
8115889
8118493
8121757
8126035
8126545
8129294
8130486
8136775
8147450
8148542
8151547
8158026
8159135
8159255
8159372
8165023
8168792
8171786
8172136
8173587
8185593
8194029
8195045
8224511
8236573
8237406
8238368
8240436
8252118
8259488
8262530
8265966
8267210
8268070
8269037
8269573
8269846
8272810
8275567
8278367
8279498
8279521
8280328
8288743
8291251
8293638
8303589
8316337
8323787
8327395
8328639
8329217
8341823
8342671
8348892
8372911
8377908
8380992
8386206
8386375
8388119
8391580
8400507
8400951
8412398
8412741
8416252
8420435
8426949
8430211
8431851
8435604
8438280
8441831
8447415
8448432
8450004
8453081
8474165
8477615
8482709
8485639
8487963
8491009
8494036
8501127
8502553
8508692
8523843
8525626
8529507
8533754
8534013
8536192
8539076
8541286
8546800
8548073
8550465
8550974
8559902
8562767
8562993
8564422
8568067
8574270
8574824
8577605
8581919
8587206
8598336
8608042
8615778
8618783
8628863
8629776
8637158
8638644
8652222
8659982
8661742
8663974
8667804
8670827
8671016
8672319
8677413
8680069
8681172
8684079
8686539
8689181
8690137
8692803
8693003
8694752
8699960
8700484
8700912
8701157
8702349
8705192
8711425
8713044
8716836
8719108
8725513
8733416
8733759
8735331
8737991
8738761
8747771
8751999
8769452
8772393
8774432
8782663
8786235
8786855
8798639
8802222
8802464
8809050
8809394
8810885
8830783
8832931
8834200
8837589
8839178
8841124
8854253
8859509
8860201
8861256
8864459
8865636
8866855
8872179
8881082
8884125
8884795
8901532
8910636
8910704
8916000
8919942
8920145
8925173
8930161
8931932
8942982
8948188
8949008
8951629
8954019
8956009
8958446
8959114
8969271
8969855
8975039
8979486
8980391
8989794
8991955
8999031
9001625
9003128
9008330
9009910
9013059
9015613
9017442
9019154
9027077
9029561
9029857
9033486
9037059
9041519
9044528
9050683
9062106
9081222
9081695
9086297
9098177
9098839
9099480
9106941
9118325
9120455
9122573
9123074
9129658
9129836
9131545
9137070
9147057
9148006
9153377
9154649
9159829
9172402
9173364
9177000
9187764
9193995
9200642
9203170
9207195
9210425
9215562
9215642
9221275
9227972
9228173
9229819
9234002
9238338
9239699
9244535
9247555
9248427
9258819
9260865
9274125
9277001
9278341
9297456
9302854
9306642
9311661
9312118
9315996
9329923
9338588
9347412
9359840
9362316
9364749
9373478
9375654
9379175
9379238
9386277
9389318
9392629
9393537
9394004
9396040
9396227
9397429
9398605
9400019
9406492
9406714
9407206
9408280
9409795
9415594
9416280
9418271
9418374
9418400
9425482
9432501
9436668
9438381
9439493
9440309
9444404
9447473
9447832
9449914
9453153
9454236
9460634
9460864
9464612
9467278
9467289
9467770
9474311
9478843
9478970
9492609
9494083
9494684
9495848
9498558
9499190
9507308
9526224
9533500
9536475
9540572
9542438
9545957
9549988
9552570
9552851
9555614
9560650
9561312
9567044
9567348
9570291
9572290
9574089
9575314
9587698
9588946
9592797
9594001
9597482
9599989
9602111
9607322
9613338
9624500
9637189
9640400
9645546
9659524
9661561
9663532
9663587
9675157
9677368
9678687
9681887
9684569
9689723
9694629
9695250
9699272
9703320
9715769
9718153
9719767
9722802
9725286
9726536
9727463
9727889
9729411
9731385
9732738
9733758
9734004
9739450
9743512
9745965
9753779
9757624
9760291
9766092
9772931
9777499
9778995
9779068
9784592
9786005
9786466
9796591
9803734
9805169
9808341
9808909
9809199
9810918
9811197
9812035
9816800
9819553
9826401
9829733
9830434
9835434
9835645
9836943
9847710
9848194
9850110
9850673
9857581
9858775
9861944
9867481
9873531
9874454
9879853
9882706
9884949
9889773
9889870
9890701
9900469
9905879
9908047
9918895
9921368
9924691
9926867
9926990
9927647
9933869
9934459
9941214
9953409
9957488
9957805
9963667
9964299
9974087
9975318
9977809
9979030
9985887
9986406
9986579
9986901
9992588
9995283
