1770
4873
6016
10804
12823
17434
19732
21079
23771
24381
29732
31454
36500
42176
44622
45927
61826
62480
72022
80717
90261
98142
104986
114305
126791
147196
149507
161549
167960
168908
187057
194552
197176
206347
211756
214448
219277
219465
222585
224663
226305
226580
226798
241645
242894
250156
254997
255393
256722
265073
268804
277551
279394
279895
281853
285533
288190
290085
308042
308632
317630
324984
326320
326443
328203
330271
362602
364118
367329
367710
370352
372917
378300
379699
393116
409981
412212
421756
422590
440484
441895
445555
451510
459517
459862
460317
460628
471807
485409
493707
500225
509950
518032
522825
524318
525892
530920
542479
549093
553311
554143
558123
559381
562380
567460
574323
579787
584917
585603
603879
607879
609841
610502
643064
645473
673595
694446
696288
699128
705141
712509
712806
716003
721025
723015
733151
734163
738168
739333
739598
751745
758992
760778
777362
790749
790895
792090
802764
815510
816944
817463
817835
818973
826747
827698
831069
841333
845116
849346
852971
855636
861234
862910
864151
882086
886299
907311
908028
908762
917376
923440
937336
941329
945713
946117
949006
951681
960252
960480
960519
971519
975878
980511
981019
981462
984994
988937
1010270
1029080
1031135
1031797
1045235
1050498
1065188
1076027
1107175
1109264
1111364
1135026
1141149
1148910
1149704
1151334
1155196
1156626
1172787
1175250
1195455
1209405
1215761
1216229
1218230
1223841
1225094
1228636
1231474
1249767
1253048
1259332
1261103
1263897
1266794
1272680
1279618
1280886
1296984
1298725
1302918
1303779
1310686
1310769
1311099
1323911
1334595
1335697
1345910
1348194
1352493
1352704
1359975
1360336
1364353
1381636
1387070
1395865
1398534
1399006
1401111
1402116
1408849
1412670
1413088
1416541
1418379
1419695
1431746
1446022
1450403
1450426
1453993
1454433
1455269
1456868
1458164
1460601
1461902
1464144
1466464
1467814
1473356
1491742
1493104
1494783
1503946
1507630
1515736
1518063
1527217
1542850
1543540
1546013
1546858
1548724
1559990
1561323
1598812
1606072
1607942
1611328
1611445
1616328
1618638
1623193
1626850
1629796
1638116
1641467
1648394
1665691
1670928
1671951
1672169
1673323
1676097
1693887
1700826
1710503
1719861
1722468
1729091
1732594
1736715
1745183
1764840
1773523
1775115
1776305
1792378
1797934
1799157
1800255
1807705
1810630
1813624
1830955
1840273
1853317
1855073
1857232
1861326
1875524
1876303
1879030
1886156
1889848
1894613
1899781
1905075
1916550
1917426
1918761
1937592
1947631
1949153
1951100
1951193
1953247
1957545
1958057
1964278
1971575
1972169
1983818
1996185
2004402
2004864
2008858
2022689
2049722
2055564
2064701
2064762
2065909
2082976
2088493
2092436
2094674
2096084
2096229
2109249
2111144
2125151
2125170
2125953
2126140
2132095
2138250
2138769
2149945
2152544
2153275
2154328
2155996
2158876
2185574
2187024
2191572
2198773
2200093
2204841
2206524
2213961
2216882
2217318
2218024
2219786
2222584
2222868
2228185
2231593
2250064
2250931
2252260
2262277
2274140
2281453
2281662
2286612
2289478
2292803
2294478
2310381
2317135
2323223
2331086
2334377
2343115
2346876
2355838
2357149
2376131
2376845
2389610
2394231
2397952
2398340
2401324
2430412
2432271
2435384
2437680
2440530
2443969
2451547
2451576
2456600
2470936
2471758
2473040
2475194
2484346
2489927
2494269
2505299
2507502
2510064
2518906
2525170
2547379
2555406
2560892
2561625
2566332
2571414
2580885
2588326
2589564
2606869
2610282
2611935
2612382
2613877
2621996
2626725
2628561
2636169
2641347
2646400
2650820
2662931
2664047
2675551
2682522
2683730
2684807
2700096
2703695
2716507
2717182
2718657
2730552
2734052
2735697
2736526
2752933
2769632
2777207
2780233
2781054
2800011
2801631
2811792
2814080
2814922
2837851
2844519
2845166
2855173
2861185
2865776
2880385
2884674
2894235
2894930
2897064
2901299
2905900
2908217
2912365
2914061
2918937
2921227
2927539
2933142
2937077
2941757
2952994
2956430
2968866
2970447
2978176
2981130
2986961
2993807
2996690
3001687
3005182
3013361
3019529
3023188
3024458
3026341
3031782
3055880
3057292
3057394
3062424
3065683
3084055
3084277
3085398
3090709
3092864
3111546
3113379
3122520
3133278
3133761
3135463
3142786
3143047
3153798
3166518
3168448
3169680
3174551
3184662
3191177
3200379
3201940
3212842
3213021
3215709
3216603
3223339
3223672
3225708
3228856
3231296
3234124
3242190
3242588
3243357
3248985
3251971
3255001
3258646
3261511
3270919
3276182
3295373
3297275
3297712
3298107
3298452
3305264
3307276
3309513
3327891
3328900
3339597
3343822
3349230
3349950
3355654
3356179
3363635
3372373
3378215
3384196
3384956
3391435
3392270
3394051
3394100
3395298
3414295
3416218
3439429
3441848
3451145
3463353
3475694
3475943
3480782
3503580
3514342
3535417
3549403
3554121
3561337
3574756
3577004
3588981
3590067
3597423
3600560
3611398
3614065
3624421
3632067
3632701
3637022
3637499
3640284
3647563
3653600
3659566
3660241
3662983
3663793
3669904
3673319
3675028
3682098
3688303
3690886
3706983
3714183
3727076
3728029
3735014
3761999
3781660
3784844
3788321
3807393
3807492
3823361
3827952
3834574
3843812
3850300
3861001
3864695
3867325
3883165
3886717
3892542
3893728
3899508
3924620
3926624
3937697
3937918
3939228
3939252
3952039
3953916
3955720
3958091
3958930
3961684
3965192
3966322
3968982
3970239
3972223
3983791
3989593
4002243
4007365
4019089
4019352
4027428
4035443
4038323
4044369
4050393
4058991
4059063
4060127
4061147
4068402
4072764
4077608
4077812
4077901
4081207
4089376
4095601
4104734
4122150
4123824
4139760
4140030
4146782
4171253
4189086
4192670
4192757
4204427
4206323
4209142
4214439
4219683
4229128
4240832
4242521
4243666
4244208
4245004
4248102
4250917
4264395
4278242
4287410
4293526
4300395
4315043
4315889
4323334
4332585
4333374
4342885
4342915
4344971
4348211
4349214
4349218
4358466
4366504
4374373
4378509
4395201
4399247
4401031
4403943
4414069
4414586
4420351
4438041
4438768
4460518
4463465
4468297
4476967
4481142
4483972
4497437
4500833
4515193
4517162
4520522
4520967
4526611
4544397
4554963
4556998
4566529
4582484
4586684
4590925
4593361
4607366
4609039
4613973
4617581
4618893
4636263
4638403
4660687
4669685
4672061
4674266
4674594
4677147
4681408
4683781
4684742
4692588
4692669
4696227
4701110
4710781
4715724
4720841
4726943
4733373
4735784
4737109
4751524
4757039
4758307
4761095
4761228
4761673
4767284
4767464
4767729
4772497
4783722
4783920
4793218
4794621
4796546
4799711
4803328
4805615
4808129
4816888
4828946
4831285
4832306
4840910
4847035
4859594
4863248
4866996
4868491
4871046
4872598
4874410
4877298
4883255
4886960
4889323
4896171
4896567
4896634
4907924
4909962
4910136
4912792
4913123
4914615
4919705
4919854
4920966
4922876
4936737
4939753
4949670
4951049
4957806
4970605
4972105
4972348
4977508
4983027
4983408
4984180
4999977
5000347
5001388
5012337
5012466
5021389
5026789
5033997
5036056
5045975
5050577
5062748
5063352
5063513
5067921
5081638
5084048
5086328
5094799
5096087
5110937
5125378
5131634
5131944
5137719
5149483
5155692
5157276
5160503
5162747
5164754
5165906
5168385
5174876
5181806
5191174
5194201
5194469
5206552
5219873
5228734
5233019
5235093
5235704
5240268
5246750
5253168
5260983
5288002
5296335
5299563
5302883
5307738
5315800
5321179
5323212
5325853
5328721
5334890
5347794
5350594
5355618
5363840
5370395
5370535
5371634
5377135
5381994
5394538
5395356
5402499
5410007
5411224
5411862
5428968
5431272
5436465
5438844
5447843
5457104
5461421
5463423
5463555
5466903
5488015
5494753
5498179
5499172
5501328
5501628
5507926
5521455
5532859
5541375
5543642
5546603
5557029
5559092
5575736
5579829
5586354
5600822
5613570
5619396
5623341
5637331
5637363
5638127
5643885
5644130
5648179
5648563
5652328
5655260
5665217
5668918
5681009
5683665
5700544
5705086
5730664
5742089
5749895
5765699
5772045
5776298
5777509
5778455
5785069
5789226
5791112
5797526
5809373
5815437
5816564
5823903
5824279
5825301
5840382
5842168
5853999
5856364
5868855
5887960
5893198
5902880
5907912
5909305
5914991
5917624
5931877
5940274
5943781
5946443
5948326
5950436
5954700
5956271
5964288
5971091
5973300
5974697
5986188
6002507
6008229
6013222
6018829
6019847
6023766
6034872
6039112
6047512
6064456
6093367
6098720
6106720
6110420
6113331
6115421
6127182
6134778
6144862
6147350
6149813
6158665
6181912
6182460
6183318
6184417
6189290
6189965
6194390
6205727
6206551
6207596
6221572
6229165
6236328
6237318
6253075
6264524
6281710
6282324
6283043
6289348
6291026
6298520
6328264
6334250
6352788
6353395
6354180
6361852
6366540
6381708
6389406
6393186
6396400
6398984
6400245
6405314
6407346
6408153
6412290
6416127
6433569
6438855
6443156
6457001
6459779
6463909
6474330
6490564
6495595
6503362
6507253
6507723
6518704
6521961
6525566
6529257
6532126
6533302
6538172
6539458
6541534
6544715
6545155
6584319
6596037
6596711
6597932
6598650
6598856
6599299
6604050
6617544
6626828
6637599
6638022
6654955
6660425
6663121
6667634
6669481
6671079
6673459
6676764
6677781
6677833
6687342
6715229
6720573
6726045
6728856
6730614
6740129
6747890
6753748
6760454
6769821
6777147
6784029
6786720
6786964
6787819
6800620
6810849
6814759
6831150
6842265
6844581
6845952
6853474
6854762
6862357
6866913
6872197
6873448
6891368
6898373
6903318
6907950
6910566
6916420
6918414
6921548
6931040
6931863
6937336
6938751
6942793
6943285
6965667
6969613
6977103
6987517
6991948
7000890
7002848
7008276
7014197
7020156
7031225
7039440
7040452
7041301
7041630
7059170
7063064
7066100
7099147
7114114
7136728
7141937
7146179
7153505
7161275
7161794
7167552
7173457
7177701
7187015
7187722
7191006
7191860
7203384
7206134
7216378
7227483
7228242
7244842
7252400
7265064
7265973
7273529
7273607
7275007
7277028
7281046
7286040
7295840
7301683
7311879
7324595
7331930
7343806
7347766
7347818
7348809
7361042
7369020
7369883
7395302
7395501
7404717
7409022
7409342
7410897
7420402
7421235
7433661
7442741
7446034
7447130
7448931
7455063
7456247
7470272
7470413
7472568
7473816
7478466
7486923
7487841
7488213
7488731
7494105
7499214
7500016
7503902
7510225
7513096
7513495
7515743
7521729
7528859
7529611
7535777
7541682
7542807
7553307
7556123
7561618
7564028
7566845
7571436
7581934
7587925
7610198
7621757
7624226
7624966
7625835
7634408
7637942
7638517
7640798
7647813
7659713
7667909
7679855
7685252
7690912
7703399
7706174
7706316
7707166
7708489
7712547
7712801
7723749
7727108
7727689
7728484
7732059
7733263
7742499
7757426
7785839
7794470
7797252
7802377
7802987
7820765
7824246
7826114
7841864
7845565
7848986
7857971
7882605
7890947
7891673
7894399
7899233
7900231
7905051
7910393
7916536
7921391
7935542
7937532
7942024
7946920
7951849
7954092
7964160
7977291
7990673
7993700
7994629
7997385
7999763
8004643
8008921
8016235
8020075
8020473
8026520
8027537
8043914
8045181
8056689
8067683
8068634
8070219
8073792
8094521
8095125
8115537
8120567
8135367
8146449
8153056
8157890
8171743
8181209
8181563
8182720
8183770
8184674
8196206
8200227
8206139
8210483
8216743
8221251
8224871
8237747
8237858
8242597
8246526
8252800
8264809
8296009
8302941
8313425
8317049
8317813
8319005
8319011
8322180
8329137
8332533
8333259
8335708
8350229
8362052
8372825
8379545
8390256
8400454
8402706
8406287
8419109
8419836
8429338
8434469
8439515
8465176
8475960
8489542
8499368
8500578
8509901
8529019
8530961
8542083
8542293
8548293
8549892
8554483
8570577
8587558
8602146
8609345
8618037
8633190
8636408
8661407
8664150
8664639
8666333
8669283
8670449
8673672
8679570
8701123
8713318
8716539
8726434
8730621
8738351
8739837
8741070
8742427
8746197
8749570
8756392
8784691
8787455
8789454
8790992
8802989
8806433
8813693
8822615
8831373
8836936
8839203
8840233
8844194
8854081
8854734
8856552
8857760
8860834
8863857
8864530
8876961
8878351
8879006
8879659
8882504
8884272
8888868
8901707
8907690
8910381
8917023
8917090
8920353
8920749
8921280
8927537
8937202
8943740
8953676
8955192
8964238
8967343
8977447
8984892
8996412
8996640
8998061
9002103
9005206
9008038
9008143
9008842
9035759
9063105
9068088
9071126
9075900
9085285
9094772
9100561
9103600
9104633
9106249
9116197
9126513
9128153
9134244
9139332
9155830
9156991
9159030
9163098
9163114
9174441
9178376
9179732
9187699
9195166
9195824
9201750
9204064
9218542
9228180
9237649
9238639
9240978
9249705
9249822
9256645
9263860
9264734
9267306
9270117
9277535
9281795
9287011
9289225
9289237
9291167
9293758
9295156
9305718
9305773
9315410
9328103
9330640
9331600
9339709
9340100
9340453
9349250
9350614
9358894
9369249
9383472
9388234
9389643
9402651
9414368
9419748
9420243
9427035
9429395
9434860
9441700
9454116
9456714
9462673
9466476
9467000
9468515
9480710
9483788
9486561
9492195
9494353
9497247
9502917
9506784
9511138
9521911
9535361
9540038
9549172
9550012
9555791
9555976
9564326
9564867
9565542
9568877
9580788
9595518
9605333
9613619
9614414
9618492
9619360
9636437
9640684
9641550
9649229
9650214
9650326
9659224
9675147
9677948
9680587
9682019
9685526
9687090
9688431
9690537
9723380
9731228
9740485
9749028
9753077
9753483
9754256
9755973
9777533
9781830
9788855
9791622
9796993
9803748
9814479
9815006
9824637
9833769
9840565
9859345
9860831
9862879
9865320
9868714
9869111
9871485
9873664
9877518
9880271
9890332
9893990
9904681
9917890
9927204
9945035
9947210
9952186
9962013
9964607
9978199
9984464
