2656
13458
17159
18589
22732
24538
24918
25288
27329
27855
31838
34099
35619
39323
39963
42431
49987
50907
56276
56992
59764
66788
67512
79710
80040
83710
89981
95234
96281
97107
97889
98807
112239
114542
121881
123781
125755
126191
127602
132242
133924
135324
137667
142116
144605
153036
154922
157809
157917
167922
170505
174337
176172
178814
179220
184013
185308
190304
196219
198388
200137
203921
204178
207072
207202
221007
233019
238663
239450
240730
241545
244730
259755
260477
264767
272695
276306
301312
305918
311789
316205
319333
325321
326616
331473
332910
334244
338205
340250
345639
351756
352297
352456
358272
358362
361137
364946
366171
367767
367993
373717
380357
387760
389581
394694
402970
403686
420894
424794
425342
425540
426918
428453
429855
432776
438753
444103
445827
454538
456853
457328
462974
468453
470262
478018
479381
482445
483973
490057
496605
498061
501093
503733
509323
523664
530835
532304
532379
545886
546440
552426
553349
553686
554529
554891
557781
562110
562862
563389
574335
583220
586184
586937
591316
599479
604788
606857
610146
612492
612921
613798
618336
620971
623832
624418
626967
627043
627053
635768
636337
638751
638884
651479
663930
666992
671733
682463
685852
687041
694743
700298
701551
707134
708739
710917
711795
723491
726402
731006
733323
734430
735961
737675
740924
741155
742230
742549
746010
750115
751259
752619
755423
756373
758087
760005
774752
779786
780892
784360
785415
797535
802619
804932
806066
808572
809593
809946
814908
816107
840678
848290
854041
857724
860438
860624
864684
868006
868090
870216
872263
875001
876629
878086
882350
886445
891736
902035
907798
909508
913376
925667
935642
935744
941078
942299
942900
943922
944233
945919
948357
950886
957731
960715
965231
968036
973193
974593
978014
985751
986352
988230
993456
994289
994902
995859
998777
1001138
1004594
1007204
1009379
1013222
1013726
1016170
1016936
1021298
1021454
1024906
1034617
1035909
1038321
1038778
1042046
1042968
1047084
1054851
1058711
1062623
1072194
1078083
1080271
1081384
1084404
1095088
1095304
1096332
1097219
1097916
1099905
1100088
1104087
1108401
1110832
1117295
1121454
1122649
1125629
1133126
1134804
1139790
1141129
1146403
1148728
1155383
1158485
1166037
1167628
1170619
1172821
1177008
1177195
1181387
1184119
1186833
1188115
1197028
1201306
1204315
1207061
1209717
1214437
1222528
1224480
1232305
1234318
1235901
1241001
1244808
1248114
1249779
1253806
1255174
1262266
1269826
1276815
1281891
1287639
1287788
1293694
1296540
1299509
1305044
1308528
1312969
1315127
1319018
1323056
1325852
1329062
1344563
1351601
1351723
1355780
1356605
1360206
1361646
1363289
1368006
1368930
1380038
1383778
1383873
1386084
1394622
1399892
1406628
1411279
1413610
1418160
1419361
1433493
1437771
1440177
1443997
1446207
1447267
1451887
1460304
1466821
1470078
1472115
1477716
1489115
1512800
1514229
1523277
1523582
1524427
1531824
1534012
1534726
1542004
1549012
1560763
1561702
1568524
1571495
1580601
1593610
1606289
1609291
1610845
1612469
1612938
1616239
1619520
1620806
1622589
1631110
1632420
1633090
1633879
1650506
1651895
1663727
1664752
1665885
1668547
1670002
1680802
1683798
1687839
1689557
1696203
1703778
1706237
1709341
1710360
1712005
1712524
1717178
1718802
1740069
1740919
1745799
1750756
1753687
1754553
1768499
1770498
1772151
1773359
1775896
1776026
1777445
1778363
1784581
1785701
1786323
1786434
1787866
1796010
1800158
1802145
1803934
1804694
1806416
1812238
1815199
1819447
1826369
1829187
1832976
1833970
1839915
1841061
1847962
1849767
1850709
1854811
1858563
1861051
1861442
1866470
1881444
1884519
1886041
1886982
1916480
1929386
1943834
1944157
1949173
1955480
1958081
1962878
1964587
1976760
1978946
1979477
1988458
1989154
1992290
2002507
2002648
2017097
2019274
2023394
2028473
2030541
2037972
2044657
2058397
2067686
2067932
2079666
2081556
2087977
2094332
2094518
2098872
2099506
2105591
2108065
2109577
2117399
2119299
2121825
2123256
2123479
2124117
2131238
2133969
2141599
2143599
2143953
2144763
2161257
2162837
2168997
2172769
2172943
2176404
2176664
2193328
2195596
2196216
2198216
2200525
2202921
2203833
2204837
2208319
2212976
2217198
2220580
2222424
2225033
2253409
2254136
2254702
2254846
2264091
2266691
2266973
2268163
2283250
2300268
2304185
2311817
2314329
2314875
2315159
2329162
2350094
2353115
2361528
2365042
2371675
2375199
2376750
2384618
2385135
2387357
2397153
2397999
2399825
2401162
2408242
2409457
2413619
2413645
2414234
2414488
2425101
2427601
2429414
2457572
2460730
2466401
2467629
2469161
2469196
2470265
2471223
2474408
2476495
2491481
2493400
2500687
2506608
2508050
2517518
2520517
2521307
2529156
2529600
2534556
2537284
2539622
2541936
2542789
2544449
2548389
2548949
2560283
2569989
2580747
2582863
2587447
2596310
2597118
2599552
2601605
2605616
2605892
2606561
2608345
2609459
2609937
2612574
2617514
2621708
2623135
2625589
2630009
2630239
2637923
2640001
2641067
2643136
2644674
2647663
2649194
2650123
2658633
2662617
2670041
2672092
2674839
2679461
2686956
2688149
2688648
2700879
2701001
2702699
2702825
2703650
2703881
2707640
2707695
2712251
2714683
2720082
2721981
2725185
2727320
2727866
2728237
2730686
2734764
2736665
2743797
2748721
2754383
2754839
2760140
2761415
2769948
2771678
2775828
2777819
2779133
2780437
2786777
2787971
2791003
2796973
2802936
2805097
2805679
2805764
2809903
2812601
2816397
2817498
2819835
2820716
2823294
2827393
2828955
2831459
2832626
2833062
2836289
2840001
2840174
2840194
2840235
2845551
2848003
2850422
2855839
2861781
2866827
2869269
2873157
2873299
2876265
2880642
2880649
2881119
2882609
2885140
2895956
2906565
2907219
2909222
2911142
2923495
2925022
2925315
2926913
2928490
2932232
2932690
2942018
2944336
2973418
2983470
2987744
2997409
2998045
2999398
3017851
3031760
3034834
3035844
3042484
3046262
3049573
3049851
3052436
3055318
3057185
3059724
3059978
3065988
3069429
3069435
3071299
3071433
3072235
3074327
3092826
3100640
3103368
3104720
3110411
3114567
3115050
3118549
3129787
3135693
3141980
3147145
3150304
3153908
3154114
3154259
3157093
3163119
3169839
3170415
3172903
3184855
3188842
3191092
3195241
3199903
3201316
3212784
3213797
3218589
3222981
3234955
3236220
3239744
3241446
3242914
3251194
3253770
3254888
3256450
3256970
3257328
3260443
3260547
3271101
3275364
3280286
3283371
3283427
3285039
3285615
3291674
3292189
3293016
3294085
3296235
3296845
3302792
3303012
3308096
3312823
3315551
3316028
3317690
3319477
3328017
3329745
3329815
3331518
3347129
3350352
3354191
3359131
3363421
3364013
3365839
3368846
3369832
3373699
3375709
3384076
3391251
3407694
3409334
3410956
3413295
3413374
3414150
3414540
3415797
3422787
3425203
3428387
3428828
3429219
3429679
3435174
3441083
3444218
3444535
3446323
3450702
3452056
3461791
3470675
3478152
3479397
3480606
3488194
3489229
3491436
3494962
3499722
3503931
3517006
3518441
3521010
3522671
3527113
3530932
3539646
3542728
3550605
3550807
3561592
3564384
3566784
3569916
3574639
3574914
3579307
3579333
3580092
3583390
3583415
3602826
3605517
3606872
3609093
3613215
3614665
3618887
3622321
3624797
3625381
3628831
3638723
3643323
3643889
3645910
3651014
3655987
3657273
3657584
3665670
3667133
3671501
3674385
3675274
3680412
3687536
3687802
3690216
3696190
3697979
3702882
3707212
3717883
3724215
3727317
3734061
3736682
3737484
3743558
3747409
3752175
3754094
3757089
3766607
3766853
3772652
3782642
3786335
3786694
3790989
3793606
3793711
3794231
3801483
3804273
3810584
3811340
3812583
3815330
3821148
3830267
3833082
3837855
3840879
3843190
3849900
3855690
3867537
3871828
3872363
3872391
3873521
3875149
3876376
3884119
3887567
3890160
3892191
3897627
3900119
3905515
3911900
3916129
3920835
3923629
3923719
3928864
3932558
3932797
3941555
3941986
3942978
3943413
3949000
3958595
3959826
3960240
3963236
3969491
3973542
3974098
3975391
3976949
3982123
3986017
3987358
4000686
4002345
4003280
4005923
4011773
4012948
4013380
4016534
4026113
4028692
4034979
4042986
4050341
4054959
4068381
4074314
4076760
4077602
4083578
4087862
4090795
4097561
4098075
4099834
4113348
4114753
4114953
4119227
4123430
4125231
4132814
4135774
4142510
4145683
4146796
4147707
4150393
4151207
4152450
4157371
4160374
4162761
4166768
4167485
4168011
4172858
4172974
4176020
4177245
4188025
4189142
4218779
4232434
4233478
4237098
4237359
4242695
4242969
4252009
4254074
4268169
4269189
4274592
4280727
4282069
4293794
4298042
4301611
4305284
4310665
4311503
4312120
4316397
4320006
4322184
4325727
4332434
4334231
4340065
4346568
4353266
4354714
4357065
4357490
4358781
4363087
4371760
4380034
4381781
4389186
4391114
4394016
4397242
4408343
4409756
4412395
4412676
4415558
4419566
4420819
4432425
4432922
4434382
4438693
4443048
4444226
4449143
4451263
4453032
4465499
4466560
4466575
4467278
4470088
4484319
4485245
4488280
4488579
4496680
4509955
4512523
4523270
4531104
4534744
4544079
4547862
4548143
4552724
4553868
4554846
4557748
4559978
4566781
4584429
4585640
4592673
4597107
4601361
4612107
4613512
4619075
4621786
4626555
4627392
4628387
4628956
4629991
4633923
4638911
4639326
4639748
4640418
4640547
4641062
4649490
4649776
4651793
4654785
4659428
4661715
4668396
4668859
4673387
4673948
4685575
4694304
4697177
4699341
4708619
4710891
4716180
4727591
4729346
4730216
4738557
4744335
4744342
4747754
4751418
4751769
4754143
4754880
4763740
4764425
4765790
4780283
4781642
4782887
4783068
4784389
4786374
4793031
4795847
4796113
4800017
4805036
4806771
4809792
4814490
4815457
4819767
4822074
4822574
4827395
4832180
4841795
4843902
4848741
4851266
4857499
4862950
4866468
4874280
4874371
4875120
4878853
4880131
4885046
4903990
4906248
4910510
4912385
4912648
4912668
4927173
4931519
4932305
4945400
4947212
4948197
4954062
4957454
4958092
4959358
4962582
4962998
4969605
4971375
4973928
4979163
4979823
4985333
4991074
4994418
4995251
4998527
4998793
5001000
5002969
5004190
5004645
5005098
5009727
5019960
5026004
5031837
5036370
5036495
5039351
5044403
5050022
5055280
5061205
5062531
5065402
5065446
5066825
5069428
5071142
5074920
5075900
5081596
5083507
5083913
5087807
5092654
5100842
5112794
5113477
5114606
5118186
5123870
5124444
5127343
5127706
5136745
5151959
5152067
5152712
5154154
5160506
5169877
5174450
5178431
5178448
5178961
5183005
5184090
5195917
5195928
5198364
5200524
5223390
5226654
5226915
5229431
5236540
5242860
5246921
5251737
5252025
5256867
5259155
5261518
5282167
5291528
5296136
5297711
5299191
5301318
5302630
5313804
5318170
5319602
5321370
5323522
5330266
5332054
5334308
5334675
5344819
5347221
5356677
5360546
5362627
5364896
5367272
5371787
5374418
5380830
5381732
5384954
5386208
5386928
5397404
5398364
5400986
5405226
5415162
5420481
5424606
5434350
5437233
5437487
5438481
5446047
5450334
5451925
5462498
5466063
5468805
5473527
5476096
5476435
5485349
5489133
5496670
5498909
5506796
5515138
5518590
5519618
5525844
5527727
5529675
5539234
5541394
5541982
5542985
5554730
5560836
5563743
5572774
5578950
5581271
5585304
5586086
5586741
5587936
5596757
5602012
5607937
5614240
5627048
5631808
5638342
5638531
5639711
5641578
5643965
5648298
5650123
5668469
5684879
5711198
5728152
5728339
5729031
5730121
5736641
5744600
5751526
5757669
5761511
5774126
5775587
5785675
5789822
5794344
5804191
5805628
5805800
5807111
5810871
5813263
5816304
5816681
5828936
5831378
5831824
5842237
5843140
5843666
5846906
5848500
5849119
5857227
5857761
5867136
5877111
5879087
5879982
5880975
5883079
5883379
5892259
5895686
5899181
5911534
5913416
5925967
5926602
5930898
5959239
5966518
5966578
5967194
5971478
5974053
5974690
5978788
5981654
5987600
5987691
5998150
6004917
6007087
6009990
6010917
6015609
6016798
6017641
6019227
6021257
6025879
6025943
6033294
6035827
6037939
6039435
6047674
6051254
6053372
6054835
6057611
6059595
6063440
6063641
6070563
6071147
6077686
6079096
6079199
6084907
6085603
6085667
6091557
6092689
6096207
6099465
6104169
6106744
6114236
6114520
6119521
6119892
6121566
6126809
6133042
6143658
6145782
6150164
6150507
6154737
6160558
6161808
6165089
6169915
6177651
6178366
6179347
6180192
6181674
6197769
6199054
6206617
6210536
6211121
6219380
6222777
6224045
6231113
6231226
6232916
6236642
6242673
6253249
6255212
6257482
6262219
6263874
6265098
6268413
6274066
6274615
6274856
6280048
6282777
6284088
6284838
6286164
6290364
6292840
6296145
6296864
6299155
6301184
6302780
6303604
6313807
6317636
6318009
6320538
6321232
6327868
6331016
6335979
6336711
6348197
6354772
6356021
6356478
6359595
6361134
6363389
6374505
6385537
6389004
6389349
6390935
6397705
6404632
6406372
6407210
6410086
6413301
6414657
6417244
6424190
6425949
6427396
6428958
6435870
6439498
6451198
6456629
6457927
6464337
6465357
6468046
6470997
6472419
6491058
6508022
6516698
6521150
6523222
6526139
6527301
6532738
6538218
6538561
6541972
6543344
6546677
6548884
6552024
6552501
6554028
6556103
6558070
6559350
6560182
6564607
6575788
6579436
6581408
6588169
6591138
6596124
6603485
6603669
6605750
6616604
6618214
6618272
6620822
6622615
6624436
6628446
6631615
6631908
6633612
6634541
6640152
6641975
6644756
6645760
6646867
6648456
6665402
6667485
6677399
6679087
6681978
6684949
6693894
6695310
6704442
6705398
6718932
6722210
6725619
6729806
6732635
6735135
6737292
6740908
6742275
6743634
6744363
6745519
6753353
6754629
6755048
6759473
6771839
6774047
6781270
6781534
6787837
6790955
6793767
6793959
6798159
6800443
6800497
6800538
6800839
6810690
6811342
6811371
6816053
6816153
6816778
6820032
6825496
6829739
6834840
6836350
6848030
6851225
6861655
6866487
6884253
6889137
6889861
6894521
6901783
6901786
6902656
6920422
6921209
6924092
6937316
6938517
6940294
6941916
6949587
6950175
6952129
6953079
6957442
6962177
6964183
6968468
6970782
6972987
6972996
6975693
6977455
6985575
6993117
6998601
7002209
7004567
7009355
7010940
7011502
7014439
7014648
7015809
7018971
7021486
7025131
7029689
7030426
7032411
7040012
7054381
7054800
7057331
7058569
7060275
7064404
7066784
7068042
7079923
7080120
7082729
7086473
7090526
7092706
7102537
7104330
7105523
7111713
7124216
7125854
7133229
7133900
7134623
7136095
7136196
7138692
7138847
7145177
7146868
7148967
7150311
7154132
7156080
7164539
7167629
7168611
7169320
7174954
7180292
7183225
7194164
7207696
7211106
7213423
7215300
7217306
7222330
7233315
7235019
7237612
7239527
7239965
7246624
7252019
7254971
7255469
7256296
7257425
7260021
7268665
7280948
7283640
7286042
7287046
7287249
7292917
7293501
7299947
7301373
7302122
7307459
7309096
7309643
7320638
7323503
7324139
7329069
7331547
7336592
7338377
7338865
7359229
7362688
7362789
7363852
7364950
7382941
7388885
7389469
7389513
7390605
7392655
7398519
7399465
7400523
7406506
7407808
7408805
7412720
7413869
7416411
7417311
7433914
7434989
7438043
7438544
7440738
7443346
7447755
7447928
7448434
7451516
7457356
7465203
7465777
7468267
7482850
7497593
7500308
7505697
7507384
7510230
7519840
7521065
7523110
7531505
7532651
7533858
7535686
7536245
7537619
7540998
7547817
7547867
7554756
7558392
7559598
7563802
7570022
7572522
7577960
7581087
7582493
7583868
7586941
7588675
7593495
7597550
7599547
7600354
7615864
7616413
7622426
7630263
7630739
7632225
7634755
7644598
7645484
7649677
7651777
7653834
7658588
7662155
7670448
7672349
7676468
7676825
7677265
7678357
7683754
7686428
7689588
7690680
7691437
7692126
7693390
7697659
7705041
7706664
7707671
7709190
7714120
7727133
7727633
7730304
7734683
7735452
7740807
7741055
7743417
7751312
7751813
7754730
7760233
7763370
7767241
7769701
7770452
7770997
7773532
7791833
7792080
7798782
7800048
7800108
7802181
7803791
7804365
7821570
7830184
7830239
7831347
7835865
7840013
7844389
7848297
7866516
7867300
7870081
7875188
7884966
7891190
7897301
7898694
7902288
7904378
7916626
7917526
7920489
7923862
7923966
7924011
7928108
7936722
7937176
7939149
7941495
7942137
7951912
7959804
7965530
7966216
7966367
7976374
7980062
7986400
7986920
7987538
7991783
7998739
8005835
8008707
8017219
8020018
8022144
8029624
8031196
8031454
8042060
8044186
8050513
8051971
8056683
8058424
8060842
8075361
8081940
8083435
8087565
8087781
8102427
8107719
8118536
8134011
8134549
8135726
8146034
8148188
8163829
8175314
8178389
8183773
8187273
8189427
8205517
8207733
8212138
8215460
8222586
8224261
8224317
8224515
8225061
8231156
8233942
8237675
8245110
8245396
8258536
8259291
8275320
8278129
8290600
8296577
8296802
8311755
8315119
8317037
8323513
8328330
8330590
8332277
8339713
8349183
8353808
8356235
8362218
8365655
8368485
8370531
8372563
8375898
8381704
8383036
8389740
8391041
8394493
8396744
8398412
8399107
8399291
8402801
8407905
8407981
8415601
8427227
8427546
8429049
8429769
8444067
8444486
8445579
8449040
8450346
8451619
8453298
8454635
8457779
8461475
8462119
8466200
8467766
8469897
8473555
8477044
8480131
8496219
8497781
8500418
8506379
8511747
8515218
8515499
8516835
8525866
8528089
8530691
8534636
8545014
8547883
8549786
8554026
8555720
8557506
8557691
8560346
8561497
8571761
8576643
8586317
8586346
8595577
8602821
8612535
8619643
8620175
8626626
8627424
8627912
8636176
8644734
8647511
8653538
8654291
8659630
8661240
8676369
8680445
8690946
8709247
8710323
8714419
8715239
8718470
8718473
8721306
8722538
8725712
8726546
8733580
8734046
8734272
8734326
8745344
8745707
8747091
8750561
8750738
8752061
8752231
8753877
8757187
8760951
8762466
8763099
8768358
8772983
8777027
8783036
8784500
8787492
8790743
8793884
8797225
8811979
8815936
8816229
8816463
8820383
8825570
8829063
8832095
8841555
8841679
8845500
8863509
8866762
8868649
8872905
8884532
8890284
8897246
8905382
8905503
8912538
8916608
8917370
8922189
8923089
8928399
8929760
8930439
8933670
8933959
8939142
8943040
8947889
8949132
8949307
8949597
8958861
8960560
8963789
8968851
8970881
8973765
8976917
8981901
8982463
8992848
8993901
9002964
9003901
9005126
9005660
9014770
9020704
9026082
9031277
9034517
9035552
9036022
9041093
9051752
9056632
9058715
9062385
9063420
9064622
9069591
9070514
9074846
9075672
9082024
9085180
9088267
9092013
9096747
9097133
9099006
9099626
9102074
9104373
9109065
9114910
9122999
9123135
9124490
9129299
9135966
9138232
9138303
9138732
9139306
9146723
9147548
9147689
9152854
9155728
9160476
9161639
9163812
9164098
9165426
9168106
9169781
9174129
9179741
9180590
9185337
9191749
9198532
9200126
9203885
9205696
9207368
9207772
9210683
9212404
9214352
9216941
9220485
9223066
9224980
9229365
9231281
9232907
9240774
9246852
9246988
9247940
9259595
9261537
9264381
9267903
9268769
9277415
9287441
9290825
9296491
9313554
9320007
9324184
9326813
9329043
9332260
9333201
9333235
9336132
9336681
9338571
9341451
9343758
9343835
9348050
9350287
9354416
9355488
9367902
9377352
9387877
9390733
9404064
9408326
9409598
9414200
9415237
9425082
9425464
9425683
9434527
9436660
9437168
9438779
9439649
9441483
9445034
9445235
9447091
9449652
9455385
9470026
9480279
9480844
9482133
9491249
9491593
9493604
9496513
9503911
9504200
9511128
9514373
9520254
9528255
9532620
9536574
9536621
9551339
9552325
9556423
9556931
9560761
9569318
9569339
9598143
9618028
9619172
9619916
9620188
9622850
9625965
9632167
9635029
9637077
9637824
9638297
9644584
9656850
9663037
9663585
9663674
9667621
9669141
9672072
9675527
9675902
9676512
9676723
9678206
9679103
9683649
9683972
9689031
9695364
9704819
9704877
9707961
9712333
9712381
9717541
9727380
9731389
9733249
9736564
9738571
9748901
9753925
9754481
9754821
9763394
9766072
9766794
9771458
9777767
9780304
9788081
9791427
9800498
9800748
9820345
9820751
9832016
9833096
9840802
9842645
9847711
9853672
9855091
9855106
9855936
9855978
9862083
9866442
9869991
9876522
9880522
9881044
9887516
9890212
9894034
9904221
9912438
9920225
9929576
9931229
9931935
9933100
9937526
9939509
9953313
9953665
9956401
9958208
9959514
9962244
9964037
9965346
9967414
9967488
9969246
9987146
9994607
9996001
9999321
